0 0.8076923078125 0 0.7451923078125 0.10576923125 0.7451923078125 0.153846153125 0.778846153125 0.23798076875000002 0.8076923078125 0.2764423078125 0.846153846875 0.2980769234375 0.8894230765625 0.346153846875 0.9326923078125 0.3605769234375 0.96875 0.334134615625 0.9831730765625 0.278846153125 1 0.2740384609375 1 0.12019230781250001 0.9855769234375 0.05528846093749999 0.9543269234375 0 0.8076923078125 0
0 0.783653846875 0.052884615625 0.810096153125 0.002403846875 0.627403846875 0 0.6947115390625 0.0889423078125 0.728365384375 0.0985576921875 0.7451923078125 0.09375 0.783653846875 0.052884615625
0 0.4831730765625 0.036057692187500004 0.4519230765625 0.10576923125 0.44230769218750005 0.20432692343749997 0.4519230765625 0.2572115390625 0.48076923125000004 0.30048076875 0.5456730765625 0.33173076875 0.603365384375 0.3389423078125 0.627403846875 0.33173076875 0.646634615625 0.3125 0.67548076875 0.2572115390625 0.685096153125 0.221153846875 0.6875 0.11298076875 0.658653846875 0.036057692187500004 0.634615384375 0.01201923125 0.59375 0.002403846875 0.572115384375 0.009615384375 0.5264423078125 0.0048076921875 0.4831730765625 0.036057692187500004
0 0.1802884609375 0 0.17548076875000002 0.0889423078125 0.2115384609375 0.20913461562500002 0.33173076875 0.278846153125 0.3822115390625 0.2644230765625 0.40865384687499995 0.22836538437499998 0.4230769234375 0.17548076875000002 0.42548076874999996 0.08653846093749999 0.40144230781249995 0.002403846875 0.310096153125 0 0.2884615390625 0.007211539062499999 0.283653846875 0 0.1802884609375 0
0 0.01201923125 0.134615384375 0.009615384375 0.26201923125 0.0168269234375 0.2956730765625 0.0480769234375 0.3581730765625 0.0793269234375 0.372596153125 0.0985576921875 0.3701923078125 0.09375 0.290865384375 0.11298076875 0.25 0.1490384609375 0.2235576921875 0.20913461562500002 0.20913461562500002 0.1826923078125 0.11778846093749999 0.17548076875000002 0.0480769234375 0.1610576921875 0.033653846875 0.125 0.0240384609375 0.064903846875 0.0456730765625 0.03125 0.08413461562499999 0.01201923125 0.134615384375
0 0.6490384609375 0.302884615625 0.653846153125 0.3173076921875 0.677884615625 0.334134615625 0.721153846875 0.2980769234375 0.7956730765625 0.271634615625 0.759615384375 0.1802884609375 0.7451923078125 0.11538461562499999 0.728365384375 0.1081730765625 0.7019230765625 0.11538461562499999 0.689903846875 0.2115384609375 0.6490384609375 0.302884615625
0 0.66826923125 0.3894230765625 0.6706730765625 0.48798076874999996 0.7139423078125 0.596153846875 0.7572115390625 0.625 0.846153846875 0.6418269234375 0.9230769234375 0.572115384375 0.9230769234375 0.46394230781249995 0.90625 0.40384615312500005 0.86298076875 0.322115384375 0.8269230765625 0.290865384375 0.78125 0.2764423078125 0.7139423078125 0.2956730765625 0.6875 0.32451923125 0.66826923125 0.3894230765625
0 1 0.2764423078125 0.9831730765625 0.2740384609375 0.966346153125 0.32451923125 0.939903846875 0.3509615390625 0.88701923125 0.353365384375 0.9230769234375 0.46394230781249995 0.9278846156249999 0.5673076921875 0.9783653843750001 0.6105769234375 1 0.603365384375 1 0.2764423078125
0 0.3485576921875 0.51201923125 0.3485576921875 0.584134615625 0.377403846875 0.6514423078125 0.415865384375 0.69951923125 0.44230769218750005 0.7139423078125 0.5 0.7139423078125 0.53125 0.7019230765625 0.572115384375 0.6514423078125 0.6009615390625 0.584134615625 0.603365384375 0.5576923078125 0.5865384609375 0.4134615390625 0.572115384375 0.375 0.540865384375 0.3293269234375 0.46394230781249995 0.302884615625 0.4134615390625 0.341346153125 0.365384615625 0.43990384687499995 0.3485576921875 0.51201923125
0 0.0889423078125 0.334134615625 0.125 0.4302884609375 0.177884615625 0.46394230781249995 0.24038461562500002 0.552884615625 0.310096153125 0.560096153125 0.3389423078125 0.552884615625 0.3822115390625 0.40865384687499995 0.3701923078125 0.34375 0.3365384609375 0.290865384375 0.2860576921875 0.25 0.2235576921875 0.216346153125 0.1730769234375 0.2139423078125 0.125 0.23317307656250003 0.0889423078125 0.290865384375 0.0889423078125 0.334134615625
0 0 0.47115384687499995 0.0168269234375 0.47115384687499995 0.064903846875 0.43990384687499995 0.1322115390625 0.43990384687499995 0.10336538437500001 0.372596153125 0.064903846875 0.365384615625 0.0225360578125 0.3230168265625 0.021634615625 0.3677884609375 0 0.3894230765625 0 0.47115384687499995
0 0.875 1 0.84375 0.9375 0.8052884609375001 0.9110576921875 0.7427884609375 0.9639423078125 0.73076923125 1 0.875 1
0 0.5889423078125 0.6802884609375 0.58173076875 0.7331730765625 0.596153846875 0.9206730765625 0.615384615625 0.9639423078125 0.653846153125 1 0.7115384609375 0.9855769234375 0.7548076921875 0.94951923125 0.771634615625 0.8798076921875 0.7860576921875 0.85576923125 0.7860576921875 0.7355769234375 0.7740384609375 0.66826923125 0.7427884609375 0.615384615625 0.7115384609375 0.5985576921875 0.685096153125 0.5985576921875 0.646634615625 0.61298076875 0.603365384375 0.6514423078125 0.5889423078125 0.6802884609375
0 1 0.625 0.9831730765625 0.603365384375 0.9269831734375 0.5709134609375 0.85186298125 0.64453125 0.78125 0.71514423125 0.7662259609375 0.9329927890624999 0.838341346875 0.9269831734375 0.8759014421875 1 0.9224759609375001 1 0.9329927890624999 1 0.9639423078125 1 1 1 1 0.8197115390624999 0.9903846156249999 0.78125 1 0.759615384375 1 0.625
0 0.6394230765625 1 0.59375 0.92548076875 0.53125 0.903846153125 0.49759615312500005 1 0.6394230765625 1
0 0.48798076874999996 1 0.5240384609375 0.9302884609375001 0.51201923125 0.8389423078125 0.4927884609375 0.790865384375 0.46875 0.76201923125 0.415865384375 0.7548076921875 0.3894230765625 0.7644230765625 0.353365384375 0.8125 0.33173076875 0.903846153125 0.3365384609375 0.94951923125 0.3581730765625 1 0.48798076874999996 1
0 0.1706730765625 0.8028846156249999 0.1826923078125 0.903846153125 0.20192307656250003 0.9302884609375001 0.23557692343749997 0.9447115390624999 0.283653846875 0.9302884609375001 0.3076923078125 0.908653846875 0.36298076875 0.7980769234375 0.40144230781249995 0.7572115390625 0.4134615390625 0.7139423078125 0.40384615312500005 0.685096153125 0.3509615390625 0.60576923125 0.2980769234375 0.6009615390625 0.26201923125 0.615384615625 0.2235576921875 0.665865384375 0.1706730765625 0.8028846156249999
0 0.0048076921875 0.6418269234375 0.0168269234375 0.7115384609375 0.03125 0.747596153125 0.05048076875 0.7644230765625 0.158653846875 0.7668269234375 0.189903846875 0.73798076875 0.2235576921875 0.6634615390625 0.22836538437499998 0.5673076921875 0.221153846875 0.53125 0.1923076921875 0.48076923125000004 0.1634615390625 0.4519230765625 0.12019230781250001 0.4375 0.06971153906250001 0.4375 0.0384615390625 0.4519230765625 0 0.5048076921875 0.0048076921875 0.6418269234375
0 0.181790865625 1 0.1826923078125 0.9903846156249999 0.177884615625 0.9158653843750001 0.1394230765625 0.8293269234375 0.08173076875 0.778846153125 0.01923076875 0.7740384609375 0 0.7764423078125 0 0.875 0 1 0.0435697109375 1 0.08413461562499999 1 0.1322115390625 1 0.181790865625 1