0 0.46015625 0.3578125 0.17578125 0.240625
0 0.58046875 0.4078125 0.08671875 0.1421875
0 0.69140625 0.37734375 0.1421875 0.178125
0 0.81953125 0.32578125 0.1421875 0.1734375
0 0.7609375 0.2203125 0.1734375 0.2328125
0 0.61328125 0.27734375 0.125 0.1296875
0 0.53515625 0.22578125 0.12734375 0.125
0 0.75703125 0.15234375 0.20703125 0.228125
0 0.28515625 0.2609375 0.29296875 0.3703125
0 0.2640625 0.334375 0.21640625 0.2546875
0 0.25390625 0.625 0.25234375 0.228125
0 0.28515625 0.6546875 0.509375 0.5046875
0 0.50234375 0.83203125 0.0984375 0.1421875
0 0.578125 0.853125 0.09140625 0.1296875
0 0.671875 0.8578125 0.115625 0.1296875
0 0.740625 0.834375 0.08203125 0.146875
0 0.77890625 0.78515625 0.11328125 0.18984375
0 0.8796875 0.77421875 0.125 0.22109375
0 0.8171875 0.63828125 0.15390625 0.2015625
0 0.75234375 0.728125 0.08671875 0.0765625
0 0.69140625 0.74765625 0.0765625 0.09140625
0 0.6234375 0.77734375 0.1109375 0.1296875
0 0.5734375 0.74375 0.0578125 0.1078125