0 0.69140625 0.2328125 0.06015625 0.04296875
0 0.678125 0.2671875 0.053125 0.03828125
0 0.64453125 0.30546875 0.053125 0.04296875
0 0.63125 0.33046875 0.0484375 0.0359375
0 0.609375 0.3640625 0.0484375 0.0359375
0 0.603125 0.390625 0.03828125 0.02421875
0 0.58203125 0.4015625 0.03828125 0.03359375
0 0.671875 0.2015625 0.04296875 0.03359375
0 0.6828125 0.165625 0.053125 0.03828125
0 0.540625 0.46875 0.04296875 0.02890625
0 0.51328125 0.44921875 0.021875 0.03359375
0 0.53828125 0.43984375 0.03828125 0.02890625
0 0.5625 0.4421875 0.03359375 0.02421875
0 0.58203125 0.421875 0.03828125 0.021875
0 0.540625 0.41796875 0.04296875 0.021875
0 0.50234375 0.4046875 0.021875 0.03359375
0 0.5578125 0.39765625 0.03359375 0.02421875
0 0.57109375 0.365625 0.02890625 0.03828125
0 0.55390625 0.35078125 0.0484375 0.03359375
0 0.51953125 0.37109375 0.021875 0.0359375
0 0.540625 0.3890625 0.03359375 0.0359375
0 0.49140625 0.36875 0.03359375 0.03359375
0 0.57109375 0.31953125 0.03828125 0.02890625
0 0.5984375 0.3296875 0.02890625 0.03828125
0 0.584375 0.27265625 0.053125 0.02890625
0 0.603125 0.29296875 0.03828125 0.02421875
0 0.609375 0.24765625 0.0484375 0.0359375
0 0.63125 0.2765625 0.03828125 0.0140625
0 0.64765625 0.2484375 0.02890625 0.03828125
0 0.4828125 0.33984375 0.03828125 0.02421875
0 0.49375 0.30859375 0.02890625 0.02890625
0 0.4890625 0.28984375 0.03828125 0.01953125
0 0.47578125 0.2234375 0.03359375 0.03359375
0 0.50625 0.20546875 0.02890625 0.03359375
0 0.49375 0.1671875 0.02890625 0.021875
0 0.4890625 0.19140625 0.02890625 0.01953125
0 0.6421875 0.21484375 0.03828125 0.02890625
0 0.60703125 0.22265625 0.04296875 0.04296875
0 0.57109375 0.23046875 0.02890625 0.03359375
0 0.58203125 0.1734375 0.03828125 0.03359375
0 0.5921875 0.1984375 0.0484375 0.02421875
0 0.546875 0.2015625 0.03359375 0.03359375
0 0.63671875 0.1734375 0.06015625 0.053125
0 0.6671875 0.13125 0.0671875 0.0359375
0 0.6609375 0.0984375 0.053125 0.02890625
0 0.66328125 0.0765625 0.03828125 0.021875
0 0.65 0.046875 0.04296875 0.02890625
0 0.63125 0.02734375 0.0484375 0.02421875
0 0.61953125 0.009375 0.0484375 0.01875
0 0.5796875 0.01328125 0.03359375 0.02421875
0 0.58984375 0.03828125 0.03359375 0.0484375
0 0.6140625 0.05625 0.03828125 0.03359375
0 0.61796875 0.0921875 0.04296875 0.03828125
0 0.60703125 0.1359375 0.0671875 0.0484375
0 0.55390625 0.0453125 0.03828125 0.03828125
0 0.584375 0.09140625 0.021875 0.04296875
0 0.54921875 0.0921875 0.03828125 0.0484375
0 0.5515625 0.1671875 0.021875 0.021875
0 0.5625 0.1359375 0.021875 0.03828125
0 0.51953125 0.13203125 0.03359375 0.03359375
0 0.52421875 0.1625 0.021875 0.03359375
0 0.5359375 0.13203125 0.021875 0.03359375
0 0.50625 0.47109375 0.09140625 0.12734375
0 0.48046875 0.521875 0.0765625 0.1203125
0 0.45703125 0.553125 0.09140625 0.10078125
0 0.4015625 0.6625 0.03828125 0.0359375
0 0.44609375 0.64921875 0.03828125 0.0484375
0 0.4015625 0.9390625 0.02890625 0.0140625
0 0.4078125 0.915625 0.0171875 0.0140625
0 0.37734375 0.90859375 0.009375 0.0140625
0 0.396875 0.91796875 0.0171875 0.01953125
0 0.41015625 0.88671875 0.009375 0.021875
0 0.4015625 0.90390625 0.0171875 0.009375
0 0.39296875 0.890625 0.021875 0.021875
0 0.4078125 0.87265625 0.02890625 0.0140625
0 0.546875 0.92890625 0.053125 0.134375
0 0.60078125 0.9859375 0.009375 0.021875
0 0.5984375 0.96171875 0.0171875 0.01171875
0 0.62265625 0.9859375 0.021875 0.021875
0 0.63125 0.9671875 0.02890625 0.021875
0 0.66328125 0.96875 0.03828125 0.02421875
0 0.65 0.990625 0.021875 0.01171875
0 0.65625 0.95078125 0.021875 0.009375
0 0.65234375 0.93515625 0.02890625 0.021875
0 0.65234375 0.9125 0.0171875 0.0140625
0 0.64453125 0.890625 0.021875 0.0140625
0 0.65 0.875 0.021875 0.01171875
0 0.6421875 0.85546875 0.02890625 0.01953125
0 0.6859375 0.94375 0.0171875 0.01953125
0 0.6828125 0.93125 0.009375 0.0140625
0 0.678125 0.91484375 0.009375 0.0265625
0 0.62890625 0.94609375 0.021875 0.021875
0 0.60078125 0.9421875 0.021875 0.0140625
0 0.5921875 0.92578125 0.0171875 0.009375
0 0.61796875 0.9265625 0.021875 0.0140625
0 0.584375 0.90859375 0.021875 0.0140625
0 0.6140625 0.9109375 0.02890625 0.01953125
0 0.5921875 0.890625 0.02890625 0.0140625
0 0.6203125 0.9 0.02890625 0.01953125
0 0.5796875 0.8765625 0.021875 0.0140625
0 0.60703125 0.87890625 0.03359375 0.01953125
0 0.61171875 0.86171875 0.021875 0.0140625
0 0.58203125 0.8640625 0.02890625 0.009375