0 0.4777644234375 0.51532451875 0.484375 0.4384765625 0.482421875 0.4091796875 0.443359375 0.3232421875 0.3662109375 0.248046875 0.3515625 0.2470703125 0.349609375 0.3056640625 0.3408203125 0.30859375 0.322265625 0.2822265625 0.3359375 0.2470703125 0.3291015625 0.232421875 0.2431640625 0.23046875 0.2041015625 0.2578125 0.154296875 0.3173828125 0.140625 0.3486328125 0.140625 0.4052734375 0.1328125 0.4033203125 0.1279296875 0.369140625 0.11328125 0.3955078125 0.09765625 0.4677734375 0.099609375 0.5537109375 0.111328125 0.6064453125 0.1201171875 0.6171875 0.1484375 0.6181640625 0.2080078125 0.60546875 0.2783203125 0.6171875 0.48076923125000004 0.5754206734375 0.4777644234375 0.51532451875
0 0.6376953125 0.3125 0.646484375 0.2958984375 0.587890625 0.2099609375 0.5283203125 0.150390625 0.4892578125 0.1328125 0.4482421875 0.130859375 0.4091796875 0.1484375 0.3623046875 0.19140625 0.3515625 0.2275390625 0.4453125 0.3212890625 0.474609375 0.3623046875 0.4794921875 0.333984375 0.5498046875 0.3359375 0.6123046875 0.322265625 0.6376953125 0.3125
0 0.498046875 0.3994140625 0.5380859375 0.34375 0.482421875 0.3388671875 0.486328125 0.3935546875 0.498046875 0.3994140625
0 0.7109375 0.1474609375 0.6767578125 0.12109375 0.6220703125 0.11328125 0.5654296875 0.125 0.5390625 0.1455078125 0.5390625 0.1591796875 0.65234375 0.2900390625 0.6923828125 0.255859375 0.75390625 0.2470703125 0.734375 0.1826171875 0.7109375 0.1474609375
0 0.802734375 0.5732421875 0.779296875 0.4912109375 0.73046875 0.3994140625 0.6650390625 0.349609375 0.6240234375 0.333984375 0.5849609375 0.333984375 0.5439453125 0.3515625 0.4921875 0.4189453125 0.48046875 0.5556640625 0.498046875 0.6396484375 0.49609375 0.7333984375 0.53125 0.7880859375 0.5791015625 0.830078125 0.6220703125 0.8515625 0.662109375 0.8525390625 0.7138671875 0.837890625 0.775390625 0.7744140625 0.80859375 0.6787109375 0.802734375 0.5732421875
0 0.908203125 0.4013671875 0.8671875 0.3193359375 0.8154296875 0.271484375 0.7470703125 0.25 0.7001953125 0.25390625 0.65234375 0.2880859375 0.6328125 0.3291015625 0.7060546875 0.373046875 0.75390625 0.4326171875 0.80078125 0.5556640625 0.810546875 0.6748046875 0.82421875 0.6787109375 0.888671875 0.6123046875 0.912109375 0.5576171875 0.919921875 0.4658203125 0.908203125 0.4013671875
0 0.48828125 0.7373046875 0.494140625 0.6845703125 0.4775390625 0.578125 0.3662109375 0.595703125 0.3037109375 0.615234375 0.2548828125 0.619140625 0.2158203125 0.607421875 0.125 0.6220703125 0.130859375 0.7275390625 0.142578125 0.7744140625 0.169921875 0.8251953125 0.2314453125 0.88671875 0.2744140625 0.904296875 0.32421875 0.9072265625 0.3740234375 0.892578125 0.4169921875 0.857421875 0.47265625 0.7763671875 0.48828125 0.7373046875
0 0.1728515625 0 0.134765625 0.0478515625 0.2431640625 0.08984375 0.31640625 0.0947265625 0.3427734375 0.0859375 0.3515625 0.0615234375 0.3076171875 0 0.1728515625 0
0 0 0.1181640625 0.0224609375 0.150390625 0.068359375 0.1611328125 0.095703125 0.1396484375 0.107421875 0.1005859375 0.09765625 0.0048828125 0.0283203125 0 0 0.0771484375 0 0.1181640625
0 0.1904296875 0.091796875 0.1630859375 0.09765625 0.1279296875 0.123046875 0.08984375 0.1826171875 0.10546875 0.2294921875 0.14453125 0.2548828125 0.1328125 0.2763671875 0.162109375 0.2978515625 0.23046875 0.2314453125 0.25 0.1689453125 0.23046875 0.1181640625 0.1904296875 0.091796875
0 0 0.5146484375 0.017578125 0.5146484375 0.0400390625 0.509765625 0.08984375 0.4716796875 0.125 0.3564453125 0.119140625 0.3115234375 0.09765625 0.2802734375 0.0751953125 0.267578125 0.046875 0.2841796875 0.0546875 0.2919921875 0 0.3935546875 0 0.5146484375