0 0.45703125 0.10234375 0.85546875 0.1703125
0 0.671875 0.07109375 0.40625 0.1078125
0 0.2515625 0.1203125 0.46875 0.08671875
0 0.87734375 0.1421875 0.1078125 0.0484375
0 0.9515625 0.15234375 0.0625 0.0625
0 0.92578125 0.0984375 0.09140625 0.053125
0 0.84609375 0.0578125 0.115625 0.0578125
0 0.93125 0.046875 0.103125 0.053125
0 0.94609375 0.26953125 0.08671875 0.1203125
0 0.803125 0.2765625 0.2359375 0.09375
0 0.92890625 0.39453125 0.1203125 0.08671875
0 0.92890625 0.4671875 0.1203125 0.071875
0 0.87734375 0.5328125 0.22109375 0.08671875
0 0.92890625 0.5953125 0.1296875 0.08671875
0 0.865625 0.73046875 0.2453125 0.14921875
0 0.8140625 0.8265625 0.26953125 0.13203125
0 0.36328125 0.26171875 0.65859375 0.1078125
0 0.49375 0.36640625 0.771875 0.1078125
0 0.50859375 0.45703125 0.72109375 0.10078125
0 0.4171875 0.55546875 0.73046875 0.1109375
0 0.475 0.6546875 0.821875 0.14921875
0 0.3859375 0.7640625 0.7359375 0.09140625
0 0.3484375 0.85078125 0.66328125 0.09140625
0 0.0484375 0.69609375 0.053125 0.053125
0 0.134375 0.6234375 0.22109375 0.1203125
0 0.16796875 0.52421875 0.290625 0.0765625
0 0.11171875 0.46171875 0.165625 0.0765625
0 0.12265625 0.3703125 0.19921875 0.09375
0 0.16015625 0.29296875 0.27421875 0.0578125
0 0.4515625 0.9203125 0.84609375 0.15390625