0 0.66015625 0.7796875 0.4328125 0.42578125
0 0.45703125 0.9328125 0.115625 0.12265625
0 0.69609375 0.36171875 0.41328125 0.72109375
0 0.3125 0.4265625 0.4421875 0.853125
0 0.21640625 0.915625 0.21875 0.15390625
0 0.35703125 0.896875 0.1921875 0.1921875
0 0.90859375 0.68359375 0.125 0.115625
0 0.90859375 0.80625 0.10078125 0.1296875
0 0.92890625 0.38125 0.0625 0.18046875
0 0.07109375 0.42578125 0.03828125 0.1421875
0 0.05546875 0.5515625 0.08671875 0.1109375
0 0.47109375 0.0421875 0.1109375 0.084375