0 0.18515625 0.4578125 0.08203125 0.03828125
0 0.15390625 0.29453125 0.09140625 0.0484375
0 0.140625 0.37734375 0.0765625 0.08203125
0 0.11796875 0.1765625 0.0625 0.0671875
0 0.0640625 0.14765625 0.09609375 0.0484375
0 0.08984375 0.05078125 0.09609375 0.053125
0 0.02265625 0.1203125 0.0453125 0.053125
0 0.02890625 0.21875 0.0578125 0.071875
0 0.0921875 0.26328125 0.053125 0.0625
0 0.05390625 0.3078125 0.09609375 0.05078125
0 0.0609375 0.36796875 0.08203125 0.053125
0 0.0796875 0.4234375 0.09609375 0.053125
0 0.08984375 0.46484375 0.08671875 0.0484375
0 0.1203125 0.525 0.0578125 0.0578125
0 0.06640625 0.52265625 0.053125 0.06953125
0 0.10234375 0.5765625 0.0625 0.0484375
0 0.1 0.63671875 0.08671875 0.0578125
0 0.12890625 0.68984375 0.08203125 0.03828125
0 0.09765625 0.74375 0.071875 0.0484375
0 0.03125 0.73203125 0.0625 0.02421875
0 0.01796875 0.6828125 0.0359375 0.03828125
0 0.0359375 0.64765625 0.03125 0.053125
0 0.03125 0.696875 0.0625 0.03828125
0 0.0796875 0.71171875 0.0453125 0.03359375
0 0.015625 0.6203125 0.03125 0.0625
0 0.040625 0.5796875 0.053125 0.0578125
0 0.0203125 0.52265625 0.040625 0.06953125
0 0.0203125 0.46484375 0.040625 0.0484375
0 0.0265625 0.4265625 0.053125 0.05078125
0 0.0203125 0.38671875 0.040625 0.0484375
0 0.01328125 0.3390625 0.02421875 0.04296875
0 0.15859375 0.946875 0.09140625 0.05078125
0 0.31875 0.9578125 0.071875 0.0484375
0 0.3328125 0.8234375 0.08203125 0.03359375
0 0.3890625 0.8375 0.0625 0.0484375
0 0.42578125 0.87734375 0.071875 0.03359375
0 0.4390625 0.790625 0.0578125 0.0484375
0 0.4046875 0.75 0.040625 0.04296875
0 0.39765625 0.71484375 0.0671875 0.02890625
0 0.41796875 0.67421875 0.0671875 0.0484375
0 0.47265625 0.6515625 0.053125 0.06953125
0 0.5359375 0.59765625 0.0578125 0.0484375
0 0.5875 0.6078125 0.0671875 0.053125
0 0.58203125 0.53515625 0.0765625 0.03828125
0 0.83515625 0.6265625 0.071875 0.05078125
0 0.9046875 0.73046875 0.0671875 0.0578125
0 0.55859375 0.73203125 0.071875 0.0484375
0 0.459375 0.75703125 0.0453125 0.05078125
0 0.50234375 0.77890625 0.053125 0.053125
0 0.54296875 0.84765625 0.0625 0.05078125
0 0.5609375 0.796875 0.0578125 0.0578125
0 0.5515625 0.90859375 0.0765625 0.04296875
0 0.56953125 0.946875 0.08203125 0.0359375
0 0.7921875 0.88671875 0.40390625 0.21875
0 0.165625 0.13828125 0.33125 0.2734375
0 0.19453125 0.73828125 0.3890625 0.5140625
0 0.4390625 0.88203125 0.39453125 0.228125
0 0.50234375 0.053125 0.2765625 0.10546875
0 0.85703125 0.4234375 0.10078125 0.053125
0 0.74375 0.4203125 0.053125 0.0671875
0 0.81484375 0.3546875 0.0625 0.04296875
0 0.9234375 0.3640625 0.0625 0.0765625
0 0.89765625 0.30625 0.08203125 0.0484375
0 0.9 0.25234375 0.08671875 0.06953125
0 0.9640625 0.27890625 0.0625 0.0765625
0 0.975 0.209375 0.040625 0.053125
0 0.94375 0.1859375 0.08203125 0.0765625
0 0.828125 0.1453125 0.0671875 0.0578125
0 0.6921875 0.459375 0.053125 0.05078125
0 0.7203125 0.046875 0.0671875 0.0765625
0 0.6765625 0.0984375 0.071875 0.0671875
0 0.62890625 0.1578125 0.1296875 0.08203125
0 0.87265625 0.04453125 0.0765625 0.084375
0 0.7921875 0.0875 0.11796875 0.071875
0 0.803125 0.2828125 0.11796875 0.053125
0 0.62890625 0.25703125 0.0578125 0.0671875
0 0.4890625 0.21484375 0.0765625 0.0890625
0 0.53359375 0.3734375 0.10078125 0.05078125
0 0.9 0.5625 0.0578125 0.06953125
0 0.72578125 0.24609375 0.53828125 0.47578125
0 0.7203125 0.6671875 0.5484375 0.40390625
0 0.33671875 0.04453125 0.1734375 0.084375
0 0.36875 0.38359375 0.4203125 0.5671875
0 0.525 0.290625 0.0453125 0.053125
0 0.47734375 0.2984375 0.053125 0.0625
0 0.45703125 0.26171875 0.053125 0.0578125
0 0.44375 0.3078125 0.0578125 0.05078125
0 0.4234375 0.33203125 0.0765625 0.0578125
0 0.39765625 0.2875 0.0578125 0.053125
0 0.4046875 0.23828125 0.0625 0.05078125
0 0.35703125 0.25625 0.0578125 0.053125
0 0.35703125 0.2015625 0.0671875 0.03828125
0 0.42578125 0.203125 0.0625 0.04296875
0 0.3953125 0.1671875 0.071875 0.03828125
0 0.38203125 0.13203125 0.0671875 0.0484375