0 0.77421875 0.07421875 0.071875 0.103125
0 0.8546875 0.06875 0.1609375 0.103125
0 0.94375 0.0265625 0.10078125 0.0484375
0 0.94375 0.103125 0.10078125 0.10546875
0 0.8421875 0.16328125 0.1734375 0.09375
0 0.9375 0.203125 0.11328125 0.09375
0 0.96171875 0.2875 0.06484375 0.08671875
0 0.52421875 0.046875 0.1203125 0.08671875
0 0.48828125 0.0828125 0.10546875 0.0671875
0 0.42890625 0.0265625 0.10546875 0.0484375
0 0.38125 0.05625 0.1203125 0.08203125
0 0.3546875 0.08984375 0.11328125 0.071875
0 0.4578125 0.1203125 0.071875 0.053125
0 0.4171875 0.14765625 0.09609375 0.05078125
0 0.31484375 0.12109375 0.10546875 0.0578125
0 0.24140625 0.06640625 0.125 0.071875
0 0.2828125 0.02890625 0.1609375 0.05078125
0 0.13671875 0.1046875 0.09609375 0.06953125
0 0.06015625 0.07421875 0.10546875 0.0765625
0 0.06875 0.1421875 0.11328125 0.06953125
0 0.01328125 0.1078125 0.021875 0.0625
0 0.01328125 0.1734375 0.021875 0.071875
0 0.0171875 0.24140625 0.02890625 0.06953125
0 0.0171875 0.2984375 0.02890625 0.0578125
0 0.06484375 0.27890625 0.1203125 0.06953125
0 0.05625 0.20703125 0.10078125 0.0671875
0 0.06015625 0.34375 0.1203125 0.0671875
0 0.13671875 0.31640625 0.071875 0.0671875
0 0.29453125 0.28515625 0.23046875 0.0578125
0 0.2921875 0.23203125 0.09609375 0.0625
0 0.23203125 0.3453125 0.1203125 0.06953125
0 0.3546875 0.31640625 0.1734375 0.06015625
0 0.39921875 0.36796875 0.10546875 0.05078125
0 0.30078125 0.3734375 0.10078125 0.0484375
0 0.38359375 0.38359375 0.13671875 0.03359375
0 0.44375 0.43125 0.125 0.06953125
0 0.09609375 0.625 0.1875 0.0625
0 0.07578125 0.69921875 0.146875 0.0671875
0 0.1609375 0.67578125 0.09609375 0.05546875
0 0.1609375 0.740625 0.1203125 0.06015625
0 0.07578125 0.7703125 0.146875 0.06953125
0 0.17890625 0.803125 0.09609375 0.06015625
0 0.1609375 0.87109375 0.09609375 0.06953125
0 0.0640625 0.8453125 0.12265625 0.06484375
0 0.0796875 0.93515625 0.15390625 0.0765625
0 0.03359375 0.896875 0.0625 0.053125
0 0.23828125 0.86171875 0.09609375 0.06953125
0 0.2171875 0.93984375 0.0890625 0.071875
0 0.25859375 0.96875 0.103125 0.0578125
0 0.31875 0.93359375 0.11328125 0.09375
0 0.42578125 0.9015625 0.125 0.09140625
0 0.47578125 0.83671875 0.10546875 0.0671875
0 0.5421875 0.87109375 0.1203125 0.09140625
0 0.54453125 0.9578125 0.125 0.06953125
0 0.55625 0.9953125 0.103125 0.0046875
0 0.4359375 0.9703125 0.146875 0.05546875
0 0.3171875 0.98828125 0.08203125 0.01953125
0 0.3609375 0.853125 0.11328125 0.0671875
0 0.41328125 0.80546875 0.06484375 0.05078125
0 0.37734375 0.7921875 0.06484375 0.05078125
0 0.3328125 0.78359375 0.0484375 0.03828125
0 0.29453125 0.82421875 0.0890625 0.0625
0 0.35703125 0.7234375 0.14453125 0.08671875
0 0.36328125 0.66953125 0.08203125 0.01953125
0 0.3546875 0.625 0.14921875 0.08203125
0 0.3546875 0.5640625 0.0765625 0.0484375
0 0.4703125 0.571875 0.14453125 0.08203125
0 0.4734375 0.66953125 0.14921875 0.08671875
0 0.49140625 0.75859375 0.14921875 0.09609375
0 0.6109375 0.71640625 0.1609375 0.10078125
0 0.5953125 0.6234375 0.15390625 0.08671875
0 0.61328125 0.53828125 0.15390625 0.09140625
0 0.50625 0.51328125 0.071875 0.03828125
0 0.45546875 0.52265625 0.04296875 0.01953125
0 0.56875 0.478125 0.0765625 0.02890625
0 0.48828125 0.48203125 0.071875 0.02890625
0 0.75 0.490625 0.178125 0.08671875
0 0.73203125 0.578125 0.178125 0.09140625
0 0.8546875 0.54296875 0.10078125 0.08671875
0 0.8546875 0.63671875 0.10078125 0.08671875
0 0.74140625 0.671875 0.1734375 0.09140625
0 0.75 0.759375 0.16796875 0.09375
0 0.86875 0.7234375 0.1203125 0.08671875
0 0.9375 0.6625 0.11328125 0.103125
0 0.98203125 0.66484375 0.02421875 0.0578125
0 0.9515625 0.7515625 0.08203125 0.0765625
0 0.95546875 0.83203125 0.0765625 0.0765625
0 0.94609375 0.9234375 0.09609375 0.10078125
0 0.49140625 0.34140625 0.1734375 0.04296875
0 0.4703125 0.25390625 0.1296875 0.11328125
0 0.42578125 0.22734375 0.13671875 0.08203125
0 0.4015625 0.2015625 0.06484375 0.0578125
0 0.5296875 0.38828125 0.15390625 0.0578125
0 0.5140625 0.43515625 0.0890625 0.03828125
0 0.51171875 0.40859375 0.14453125 0.0578125
0 0.63359375 0.43125 0.11328125 0.04296875
0 0.76171875 0.4234375 0.1203125 0.053125
0 0.8609375 0.39765625 0.125 0.0625
0 0.6609375 0.38203125 0.178125 0.04296875
0 0.75234375 0.36328125 0.14921875 0.08203125
0 0.8546875 0.328125 0.13671875 0.0765625
0 0.67578125 0.29296875 0.22109375 0.053125
0 0.62265625 0.34140625 0.20703125 0.0578125
0 0.83671875 0.271875 0.1734375 0.09609375
0 0.75625 0.2328125 0.16796875 0.06015625
0 0.56484375 0.25859375 0.15390625 0.103125
0 0.6671875 0.21875 0.178125 0.09140625
0 0.7015625 0.15859375 0.14453125 0.06953125
0 0.5296875 0.1625 0.15390625 0.06953125
0 0.5765625 0.178125 0.1296875 0.0625