0 0.47578125 0.09765625 0.40859375 0.1875
0 0.22265625 0.16328125 0.21875 0.321875
0 0.1296875 0.17421875 0.1421875 0.34140625
0 0.053125 0.1546875 0.09609375 0.303125
0 0.15390625 0.6921875 0.2953125 0.12734375
0 0.1515625 0.55625 0.28828125 0.13671875
0 0.06484375 0.54296875 0.11796875 0.4328125
0 0.0203125 0.640625 0.02890625 0.06953125
0 0.27734375 0.36796875 0.4375 0.3609375
0 0.165625 0.86171875 0.1296875 0.23828125
0 0.2125 0.90625 0.36796875 0.1828125
0 0.38671875 0.82109375 0.06484375 0.09609375
0 0.42890625 0.77265625 0.125 0.06015625
0 0.39296875 0.71875 0.0765625 0.0265625
0 0.3328125 0.79453125 0.18046875 0.40625
0 0.396875 0.7484375 0.2015625 0.5
0 0.5203125 0.56015625 0.28359375 0.196875
0 0.553125 0.41796875 0.27890625 0.146875
0 0.44140625 0.36875 0.125 0.09140625
0 0.5359375 0.27734375 0.23046875 0.10546875
0 0.42890625 0.21875 0.19453125 0.0578125
0 0.771875 0.2703125 0.37265625 0.2359375
0 0.89296875 0.09375 0.21171875 0.12734375
0 0.9625 0.03359375 0.06953125 0.0625
0 0.97265625 0.1984375 0.05078125 0.0890625
0 0.5765625 0.96015625 0.196875 0.07421875
0 0.73046875 0.9796875 0.134375 0.0359375
0 0.8375 0.94453125 0.2328125 0.10546875
0 0.7390625 0.86640625 0.35546875 0.08203125
0 0.70078125 0.80078125 0.14921875 0.09140625
0 0.7546875 0.696875 0.11328125 0.0984375
0 0.79296875 0.65390625 0.1421875 0.1109375
0 0.90625 0.85 0.1828125 0.0984375
0 0.9375 0.77421875 0.0890625 0.0625
0 0.85234375 0.7484375 0.09609375 0.08671875
0 0.78359375 0.75390625 0.11328125 0.03125
0 0.88671875 0.6765625 0.071875 0.06953125
0 0.9109375 0.7171875 0.0578125 0.05078125
0 0.946875 0.6359375 0.09609375 0.053125
0 0.96015625 0.66484375 0.07421875 0.03125
0 0.9828125 0.69453125 0.02890625 0.02890625
0 0.84375 0.5375 0.14921875 0.103125
0 0.71640625 0.5671875 0.1296875 0.06953125
0 0.89296875 0.55859375 0.10546875 0.115625
0 0.89296875 0.4828125 0.165625 0.115625
0 0.8453125 0.35234375 0.30546875 0.2765625
0 0.9890625 0.51796875 0.0171875 0.12265625