0 0.109375 0.10703125 0.21640625 0.20703125
0 0.36171875 0.1078125 0.2359375 0.21171875
0 0.609375 0.10703125 0.228125 0.20703125
0 0.87265625 0.09375 0.2453125 0.18046875
0 0.61171875 0.36171875 0.2453125 0.28828125
0 0.353125 0.35546875 0.240625 0.28359375
0 0.1140625 0.39296875 0.1109375 0.12734375
0 0.0296875 0.41328125 0.059375 0.1390625
0 0.0453125 0.31015625 0.090625 0.1109375
0 0.10078125 0.27890625 0.09609375 0.10078125
0 0.11640625 0.46015625 0.07421875 0.08203125
0 0.17578125 0.47578125 0.053125 0.04296875
0 0.18359375 0.41015625 0.0578125 0.1078125
0 0.178125 0.3296875 0.06953125 0.0671875
0 0.1515625 0.25859375 0.10078125 0.08203125
0 0.86171875 0.41328125 0.053125 0.09375
0 0.89296875 0.328125 0.0625 0.08671875
0 0.85078125 0.23046875 0.10546875 0.040625
0 0.8640625 0.275 0.12265625 0.0578125
0 0.9625 0.24765625 0.0625 0.06015625
0 0.9546875 0.30859375 0.0796875 0.08671875
0 0.91015625 0.4703125 0.08671875 0.0625
0 0.875 0.35234375 0.240625 0.29296875
0 0.875 0.64765625 0.240625 0.29296875
0 0.109375 0.9015625 0.21875 0.1921875
0 0.10703125 0.63828125 0.21171875 0.2671875
0 0.3703125 0.52265625 0.12265625 0.03359375
0 0.2765625 0.53359375 0.0625 0.0578125
0 0.2828125 0.73828125 0.0625 0.08203125
0 0.41484375 0.7609375 0.12734375 0.06015625
0 0.4390625 0.55078125 0.0796875 0.08203125
0 0.3484375 0.61171875 0.1109375 0.0578125
0 0.3640625 0.68359375 0.09140625 0.0625
0 0.3421875 0.64453125 0.0796875 0.03828125
0 0.4390625 0.6296875 0.0796875 0.04296875
0 0.359375 0.64765625 0.228125 0.27890625
0 0.5640625 0.65390625 0.07421875 0.0484375
0 0.5265625 0.6140625 0.053125 0.04296875
0 0.53984375 0.5609375 0.06953125 0.0671875
0 0.61171875 0.5265625 0.0625 0.03359375
0 0.55078125 0.51953125 0.09140625 0.01953125
0 0.60703125 0.56640625 0.0625 0.04296875
0 0.55859375 0.584375 0.04296875 0.03828125
0 0.60703125 0.6140625 0.0625 0.06015625
0 0.6578125 0.61171875 0.0578125 0.0578125
0 0.69921875 0.6140625 0.03828125 0.0671875
0 0.69140625 0.553125 0.0625 0.040625
0 0.678125 0.52421875 0.0796875 0.04296875
0 0.61171875 0.65859375 0.07421875 0.053125
0 0.52890625 0.7484375 0.0578125 0.03828125
0 0.55546875 0.72265625 0.06953125 0.03828125
0 0.5265625 0.68515625 0.0625 0.04296875
0 0.5984375 0.7015625 0.06953125 0.040625
0 0.6140625 0.6609375 0.0578125 0.0484375
0 0.609375 0.73828125 0.0578125 0.06015625
0 0.64921875 0.74765625 0.053125 0.0484375
0 0.69453125 0.7515625 0.0578125 0.0578125
0 0.6890625 0.7171875 0.0796875 0.03359375
0 0.678125 0.6875 0.0796875 0.040625
0 0.36328125 0.90234375 0.240625 0.18984375
0 0.61640625 0.8921875 0.25703125 0.21171875
0 0.8765625 0.90234375 0.24296875 0.18984375