0 0.875 0.2015625 0.24296875 0.2546875
0 0.9265625 0.5046875 0.1390625 0.35078125
0 0.921875 0.80078125 0.14921875 0.25
0 0.81484375 0.6046875 0.31015625 0.39453125
0 0.85078125 0.89453125 0.29296875 0.20703125
0 0.6765625 0.8078125 0.30078125 0.3796875
0 0.446875 0.6859375 0.72109375 0.4515625
0 0.5296875 0.53125 0.68984375 0.40390625
0 0.49296875 0.4953125 0.6515625 0.46640625
0 0.4078125 0.446875 0.54296875 0.51953125
0 0.44375 0.453125 0.1203125 0.1828125
0 0.4578125 0.6 0.09140625 0.1203125
0 0.39765625 0.57578125 0.0765625 0.146875
0 0.31875 0.6046875 0.134375 0.2046875
0 0.33515625 0.384375 0.36796875 0.41328125
0 0.1421875 0.61328125 0.21640625 0.125
0 0.16484375 0.43515625 0.3296875 0.4515625
0 0.0796875 0.240625 0.134375 0.178125
0 0.5296875 0.87890625 0.30546875 0.23828125
0 0.37265625 0.8484375 0.0578125 0.134375
0 0.33671875 0.8171875 0.0984375 0.084375
0 0.3296875 0.76171875 0.0984375 0.0890625
0 0.2171875 0.85546875 0.09609375 0.1296875
0 0.30546875 0.8140625 0.09609375 0.1296875
0 0.31875 0.95703125 0.1609375 0.08203125
0 0.30859375 0.91328125 0.14921875 0.10078125
0 0.2078125 0.95703125 0.0890625 0.08203125
0 0.17421875 0.9375 0.115625 0.115625
0 0.06875 0.89296875 0.134375 0.1109375
0 0.0890625 0.7359375 0.178125 0.22578125
0 0.05859375 0.9 0.1171875 0.125
0 0.05078125 0.97265625 0.10078125 0.05078125