0 0.3197115390625 0.24038461562500002 0.3701923078125 0.2451923078125 0.375 0.23798076875000002 0.377403846875 0.1298076921875 0.365384615625 0.11778846093749999 0.28125 0.189903846875 0.29326923125 0.221153846875 0.3197115390625 0.24038461562500002
0 0.377103365625 0.15625 0.3740985578125 0.1983173078125 0.353365384375 0.2427884609375 0.3581730765625 0.2764423078125 0.3798076921875 0.3076923078125 0.38701923125 0.3389423078125 0.44951923125000004 0.346153846875 0.552884615625 0.384615384375 0.57451923125 0.384615384375 0.59375 0.3581730765625 0.6105769234375 0.353365384375 0.622596153125 0.322115384375 0.622596153125 0.2956730765625 0.6394230765625 0.2572115390625 0.6322115390625 0.177884615625 0.5673076921875 0.1322115390625 0.43118990312500005 0.11568509687499999 0.40865384687499995 0.1337139421875 0.38311298125 0.1472355765625 0.377103365625 0.15625
0 0.658653846875 0.3293269234375 0.75 0.334134615625 0.771634615625 0.314903846875 0.7980769234375 0.3173076921875 0.747596153125 0.2644230765625 0.653846153125 0.197115384375 0.65625 0.23076923124999998 0.665865384375 0.24038461562500002 0.658653846875 0.3293269234375
0 0.9134615390624999 0.6610576921875 0.9206730765625 0.6730769234375 0.939903846875 0.6730769234375 0.94951923125 0.658653846875 0.98798076875 0.646634615625 0.997596153125 0.627403846875 1 0.502403846875 0.9471153843750001 0.41826923125000004 0.9110576921875 0.39423076875 0.9014423078125 0.40144230781249995 0.90625 0.47355769218750005 0.89423076875 0.5625 0.908653846875 0.596153846875 0.9134615390624999 0.6610576921875
0 0.58173076875 0.47355769218750005 0.596153846875 0.54326923125 0.634615384375 0.5480769234375 0.689903846875 0.5360576921875 0.728365384375 0.502403846875 0.71875 0.4447115390625 0.6730769234375 0.3677884609375 0.603365384375 0.3605769234375 0.5865384609375 0.3822115390625 0.59375 0.4615384609375 0.58173076875 0.47355769218750005
0 0.33173076875 0.4855769234375 0.314903846875 0.528846153125 0.3173076921875 0.5865384609375 0.3365384609375 0.5985576921875 0.4230769234375 0.603365384375 0.46394230781249995 0.6177884609375 0.509615384375 0.615384615625 0.560096153125 0.59375 0.572115384375 0.5697115390625 0.5769230765625 0.49759615312500005 0.5576923078125 0.40625 0.48798076874999996 0.3701923078125 0.375 0.365384615625 0.3269230765625 0.3918269234375 0.322115384375 0.43269230781249995 0.33173076875 0.4855769234375
0 0.755709134375 0.36358173125 0.7421875 0.40264423125000004 0.7451923078125 0.48978365312500005 0.8125 0.47115384687499995 0.83748379375 0.4344659328125 0.8509615390624999 0.42548076874999996 0.8894230765625 0.372596153125 0.8125 0.3605769234375 0.76923076875 0.35576923125 0.755709134375 0.36358173125
0 0.153846153125 0.2668269234375 0.12259615312500001 0.302884615625 0.12259615312500001 0.3293269234375 0.11298076875 0.34375 0.08173076875 0.3509615390625 0.0625 0.341346153125 0.036057692187500004 0.353365384375 0.01923076875 0.3701923078125 0.01923076875 0.396634615625 0.0480769234375 0.40625 0.11778846093749999 0.40144230781249995 0.17548076875000002 0.415865384375 0.259615384375 0.415865384375 0.290865384375 0.40384615312500005 0.33173076875 0.278846153125 0.2956730765625 0.24038461562500002 0.252403846875 0.23317307656250003 0.2235576921875 0.25 0.185096153125 0.252403846875 0.153846153125 0.2668269234375
0 0.0168269234375 0.43269230781249995 0.057692307812499996 0.4230769234375 0.096153846875 0.3822115390625 0.091346153125 0.3389423078125 0.0625 0.33173076875 0.009615384375 0.353365384375 0.0048076921875 0.41826923125000004 0.0168269234375 0.43269230781249995
0 0.01201923125 0.846153846875 0.0480769234375 0.83173076875 0.064903846875 0.778846153125 0.05528846093749999 0.7548076921875 0.021634615625 0.7451923078125 0.0048076921875 0.759615384375 0.002403846875 0.814903846875 0.01201923125 0.846153846875
0 0.01201923125 0.7740384609375 0.0264423078125 0.814903846875 0.0384615390625 0.814903846875 0.11298076875 0.7259615390625 0.127403846875 0.7235576921875 0.165865384375 0.6875 0.1730769234375 0.6610576921875 0.165865384375 0.6177884609375 0.1298076921875 0.5673076921875 0.096153846875 0.57451923125 0.0673076921875 0.5576923078125 0.040865384375 0.5576923078125 0.01201923125 0.5697115390625 0.002403846875 0.6009615390625 0.01201923125 0.7740384609375
0 0.1418269234375 0.43269230781249995 0.1634615390625 0.60576923125 0.1706730765625 0.625 0.1923076921875 0.63701923125 0.278846153125 0.646634615625 0.322115384375 0.634615384375 0.310096153125 0.49759615312500005 0.3293269234375 0.4615384609375 0.314903846875 0.42548076874999996 0.2740384609375 0.4134615390625 0.221153846875 0.42548076874999996 0.1490384609375 0.42548076874999996 0.1418269234375 0.43269230781249995
0 0.064903846875 0.564903846875 0.10336538437500001 0.572115384375 0.1802884609375 0.560096153125 0.19951923124999998 0.533653846875 0.197115384375 0.509615384375 0.15625 0.4831730765625 0.1490384609375 0.45673076874999996 0.127403846875 0.4302884609375 0.064903846875 0.4134615390625 0.04326923125 0.44951923125000004 0.04326923125 0.4927884609375 0.064903846875 0.564903846875
0 0.16826923124999998 0.8605769234375 0.20673076875000002 0.86298076875 0.20432692343749997 0.80048076875 0.1923076921875 0.7884615390625 0.0985576921875 0.7764423078125 0.091346153125 0.790865384375 0.11778846093749999 0.8365384609375001 0.16826923124999998 0.8605769234375
0 0.07211538437500001 0.7115384609375 0.08653846093749999 0.7764423078125 0.1298076921875 0.810096153125 0.189903846875 0.80048076875 0.2115384609375 0.7572115390625 0.20432692343749997 0.646634615625 0.1875 0.6322115390625 0.153846153125 0.6322115390625 0.10336538437500001 0.646634615625 0.0769230765625 0.6826923078125 0.07211538437500001 0.7115384609375
0 0.21875 0.7451923078125 0.221153846875 0.771634615625 0.20192307656250003 0.7980769234375 0.19951923124999998 0.8485576921875 0.2451923078125 0.8822115390624999 0.2740384609375 0.8701923078125 0.3076923078125 0.877403846875 0.322115384375 0.8677884609375001 0.33173076875 0.8846153843750001 0.334134615625 0.8605769234375 0.3677884609375 0.8125 0.35576923125 0.689903846875 0.334134615625 0.6610576921875 0.22836538437499998 0.6610576921875 0.20192307656250003 0.6826923078125 0.20192307656250003 0.7139423078125 0.21875 0.7451923078125
0 0.310096153125 0.9543269234375 0.36298076875 0.9639423078125 0.40144230781249995 0.939903846875 0.40144230781249995 0.92548076875 0.3798076921875 0.89423076875 0.26923076875 0.8798076921875 0.25 0.8990384609375001 0.2764423078125 0.9326923078125 0.310096153125 0.9543269234375
0 0.4519230765625 0.790865384375 0.427884615625 0.8028846156249999 0.40144230781249995 0.8677884609375001 0.40144230781249995 0.8966346156249999 0.40384615312500005 0.9134615390624999 0.43269230781249995 0.935096153125 0.4375 0.94951923125 0.528846153125 0.94951923125 0.540865384375 0.9375 0.5673076921875 0.935096153125 0.591346153125 0.908653846875 0.60576923125 0.8846153843750001 0.60576923125 0.8341346156249999 0.6201923078125 0.8052884609375001 0.60576923125 0.771634615625 0.5769230765625 0.7668269234375 0.5456730765625 0.76923076875 0.4855769234375 0.79326923125 0.4519230765625 0.790865384375
0 0.4230769234375 0.6105769234375 0.3701923078125 0.6177884609375 0.365384615625 0.6418269234375 0.3798076921875 0.665865384375 0.372596153125 0.697115384375 0.384615384375 0.7331730765625 0.396634615625 0.7427884609375 0.5168269234375 0.7427884609375 0.584134615625 0.728365384375 0.584134615625 0.6177884609375 0.5673076921875 0.60576923125 0.528846153125 0.6009615390625 0.51923076875 0.61298076875 0.4855769234375 0.6201923078125 0.4230769234375 0.6105769234375
0 0.5144230765625 0.685096153125 0.564903846875 0.7259615390625 0.65625 0.71875 0.6875 0.6610576921875 0.6875 0.625 0.6730769234375 0.584134615625 0.6490384609375 0.5625 0.603365384375 0.5552884609375 0.58173076875 0.5625 0.5168269234375 0.6322115390625 0.5144230765625 0.685096153125
0 0.57451923125 0.872596153125 0.58173076875 0.908653846875 0.591346153125 0.9158653843750001 0.6177884609375 0.89423076875 0.6514423078125 0.88701923125 0.685096153125 0.8269230765625 0.685096153125 0.7956730765625 0.6730769234375 0.771634615625 0.6009615390625 0.7572115390625 0.57451923125 0.771634615625 0.58173076875 0.814903846875 0.57451923125 0.872596153125
0 0.6802884609375 0.778846153125 0.7427884609375 0.790865384375 0.7644230765625 0.7764423078125 0.771634615625 0.759615384375 0.771634615625 0.677884615625 0.7331730765625 0.63701923125 0.6923076921875 0.6322115390625 0.677884615625 0.6418269234375 0.6610576921875 0.73798076875 0.6802884609375 0.778846153125
0 0.73076923125 0.814903846875 0.747596153125 0.8485576921875 0.778846153125 0.877403846875 0.8269230765625 0.875 0.8677884609375001 0.8581730765625 0.88701923125 0.8365384609375001 0.903846153125 0.790865384375 0.90625 0.7235576921875 0.8389423078125 0.7235576921875 0.7740384609375 0.709134615625 0.7451923078125 0.71875 0.721153846875 0.7572115390625 0.73076923125 0.814903846875
0 0.721153846875 0.615384615625 0.759615384375 0.615384615625 0.7860576921875 0.596153846875 0.7980769234375 0.5552884609375 0.78125 0.53125 0.7548076921875 0.521634615625 0.747596153125 0.5048076921875 0.7259615390625 0.5048076921875 0.6706730765625 0.51923076875 0.6634615390625 0.5793269234375 0.721153846875 0.615384615625
0 0.783653846875 0.6201923078125 0.790865384375 0.6610576921875 0.78125 0.6875 0.810096153125 0.71875 0.8605769234375 0.7355769234375 0.8701923078125 0.7451923078125 0.86298076875 0.76201923125 0.88701923125 0.7740384609375 0.8966346156249999 0.7644230765625 0.8966346156249999 0.7331730765625 0.939903846875 0.685096153125 0.9471153843750001 0.6322115390625 0.939903846875 0.596153846875 0.91826923125 0.5576923078125 0.908653846875 0.5048076921875 0.8990384609375001 0.490384615625 0.8846153843750001 0.490384615625 0.85576923125 0.5480769234375 0.8028846156249999 0.5552884609375 0.783653846875 0.6201923078125