0 0.59140625 0.34765625 0.21640625 0.0625
0 0.63203125 0.79453125 0.178125 0.0625
0 0.61796875 0.8328125 0.1296875 0.06953125
0 0.6234375 0.76953125 0.14453125 0.040625
0 0.61328125 0.73828125 0.11328125 0.05078125
0 0.53984375 0.90625 0.0625 0.040625
0 0.46484375 0.9015625 0.15625 0.05078125
0 0.48046875 0.88828125 0.14453125 0.05078125
0 0.4671875 0.8703125 0.15390625 0.0578125
0 0.4625 0.85234375 0.1609375 0.0578125
0 0.46015625 0.81015625 0.1390625 0.03359375
0 0.7828125 0.81484375 0.10546875 0.0796875
0 0.771875 0.78359375 0.1078125 0.06953125
0 0.765625 0.76171875 0.08671875 0.0453125
0 0.91484375 0.7921875 0.09140625 0.040625
0 0.90859375 0.76953125 0.10546875 0.0578125
0 0.90234375 0.7234375 0.071875 0.0578125
0 0.85 0.77890625 0.03828125 0.09609375
0 0.978125 0.709375 0.03828125 0.0671875
0 0.98046875 0.759375 0.03359375 0.03359375
0 0.9859375 0.7859375 0.02421875 0.03828125
0 0.365625 0.3296875 0.22578125 0.0625
0 0.3609375 0.26171875 0.2359375 0.0765625
0 0.58671875 0.2921875 0.22578125 0.071875
0 0.5515625 0.228125 0.2953125 0.0625
0 0.5734375 0.1828125 0.25234375 0.071875
0 0.5515625 0.1828125 0.33203125 0.10078125
0 0.6078125 0.07578125 0.21640625 0.0765625
0 0.58046875 0.0984375 0.290625 0.08671875
0 0.571875 0.0375 0.303125 0.07421875
0 0.821875 0.17578125 0.1921875 0.040625
0 0.790625 0.19609375 0.14921875 0.0625
0 0.78515625 0.1390625 0.15390625 0.03359375
0 0.76953125 0.3328125 0.1296875 0.0359375
0 0.78984375 0.29453125 0.1078125 0.040625
0 0.78984375 0.26953125 0.09140625 0.0359375
0 0.7984375 0.24609375 0.11796875 0.0625
0 0.828125 0.06640625 0.196875 0.08671875
0 0.828125 0.09375 0.21171875 0.040625
0 0.67421875 0.0046875 0.06953125 0.009375
0 0.8109375 0.00703125 0.06484375 0.0140625
0 0.91640625 0.009375 0.0421875 0.01875
0 0.15 0.95703125 0.1078125 0.0765625
0 0.14296875 0.8296875 0.10546875 0.10546875
0 0.2984375 0.94140625 0.10078125 0.10078125
0 0.36875 0.890625 0.0171875 0.071875
0 0.290625 0.796875 0.1203125 0.11328125
0 0.1609375 0.66953125 0.11328125 0.12265625
0 0.30078125 0.6296875 0.10546875 0.1109375
0 0.27890625 0.4265625 0.11328125 0.125
0 0.1421875 0.446875 0.11796875 0.1109375
0 0.1265625 0.29921875 0.11328125 0.13203125
0 0.09375 0.17578125 0.1078125 0.03359375
0 0.1 0.19375 0.09609375 0.0140625
0 0.1046875 0.146875 0.1296875 0.0359375
0 0.09765625 0.11875 0.1078125 0.02890625
0 0.10234375 0.09375 0.1078125 0.02421875
0 0.11875 0.08203125 0.0578125 0.01953125
0 0.25234375 0.20546875 0.09609375 0.0359375
0 0.25234375 0.1921875 0.06953125 0.02890625
0 0.265625 0.1734375 0.053125 0.02890625
0 0.2390625 0.15 0.11328125 0.0625
0 0.2328125 0.13671875 0.06484375 0.05546875
0 0.2203125 0.12734375 0.0484375 0.0453125
0 0.3546875 0.14453125 0.09140625 0.03359375
0 0.3546875 0.11875 0.10078125 0.02890625
0 0.35234375 0.09609375 0.10546875 0.0359375
0 0.34765625 0.0609375 0.09609375 0.05078125
0 0.34765625 0.05078125 0.0765625 0.0359375
0 0.2125 0.0296875 0.11328125 0.05078125
0 0.2046875 0.05859375 0.11328125 0.02890625
0 0.2234375 0.01796875 0.10078125 0.0359375
0 0.06484375 0.0171875 0.125 0.03359375
0 0.0671875 0.0359375 0.11796875 0.02890625
0 0.36796875 0.0046875 0.0578125 0.009375
0 0.41328125 0.44375 0.10546875 0.12734375
0 0.41953125 0.57109375 0.10078125 0.1109375
0 0.43515625 0.71640625 0.10546875 0.12734375
0 0.5328125 0.64765625 0.10078125 0.1109375
0 0.53515625 0.509375 0.09609375 0.10546875
0 0.64765625 0.63671875 0.0765625 0.10546875
0 0.74140625 0.67578125 0.071875 0.09140625
0 0.73046875 0.5609375 0.0765625 0.10078125
0 0.72109375 0.4265625 0.0765625 0.09609375
0 0.634375 0.4890625 0.08671875 0.09140625
0 0.52421875 0.98203125 0.09140625 0.02890625
0 0.65 0.921875 0.14453125 0.146875
0 0.78984375 0.9203125 0.125 0.1515625
0 0.89765625 0.9203125 0.09140625 0.14921875
0 0.975 0.9171875 0.0453125 0.1609375