0 0.79296875 0.56875 0.259375 0.3609375
0 0.72578125 0.4234375 0.06015625 0.03828125
0 0.69375 0.3859375 0.09140625 0.0578125
0 0.728125 0.34765625 0.0765625 0.0484375
0 0.77421875 0.3765625 0.08203125 0.0671875
0 0.86640625 0.3765625 0.103125 0.0984375
0 0.33671875 0.69609375 0.1078125 0.0765625
0 0.41796875 0.68125 0.06484375 0.09140625
0 0.41328125 0.6203125 0.04296875 0.03828125
0 0.375 0.6140625 0.03359375 0.02890625
0 0.39921875 0.58203125 0.0484375 0.0359375
0 0.43125 0.56484375 0.0171875 0.03359375
0 0.41015625 0.5453125 0.03828125 0.02890625
0 0.37734375 0.5640625 0.02890625 0.0359375
0 0.26953125 0.65234375 0.18984375 0.1421875
0 0.2390625 0.68125 0.228125 0.16328125
0 0.2671875 0.58203125 0.0765625 0.09609375
0 0.21171875 0.54921875 0.15390625 0.04296875
0 0.31484375 0.5875 0.08671875 0.0671875
0 0.3453125 0.50625 0.125 0.1109375
0 0.16328125 0.509375 0.240625 0.196875
0 0.25234375 0.4265625 0.125 0.09140625
0 0.29921875 0.3546875 0.16328125 0.15625
0 0.38828125 0.46015625 0.103125 0.0984375
0 0.40234375 0.4078125 0.06484375 0.05078125
0 0.375 0.35546875 0.08671875 0.08203125
0 0.41328125 0.33671875 0.04296875 0.084375
0 0.16328125 0.3375 0.1734375 0.0359375
0 0.1875 0.36875 0.08203125 0.02421875
0 0.1578125 0.3265625 0.18515625 0.021875
0 0.1984375 0.3265625 0.125 0.04296875
0 0.21171875 0.3125 0.1078125 0.04296875
2 0.42421875 0.796875 0.196875 0.0578125
2 0.67890625 0.78984375 0.196875 0.115625
2 0.6078125 0.2515625 0.271875 0.14453125
2 0.72578125 0.15625 0.16796875 0.08671875
2 0.47578125 0.20703125 0.2984375 0.1109375
3 0.646875 0.86171875 0.240625 0.06484375
3 0.78515625 0.78984375 0.08203125 0.0890625
3 0.4484375 0.22578125 0.08203125 0.071875
3 0.2953125 0.1984375 0.071875 0.0625
1 0.5734375 0.5203125 0.2984375 0.50234375