0 0.178125 0.6765625 0.103125 0.14453125
0 0.29453125 0.56953125 0.1296875 0.1921875
0 0.28828125 0.703125 0.1734375 0.16796875
0 0.2234375 0.88203125 0.240625 0.2234375
0 0.4234375 0.390625 0.115625 0.10546875
0 0.3890625 0.46640625 0.0453125 0.0765625
0 0.34375 0.43515625 0.0453125 0.0484375
0 0.3265625 0.4796875 0.0484375 0.071875
0 0.2859375 0.50234375 0.03828125 0.0765625
0 0.26328125 0.5203125 0.02890625 0.08203125
0 0.2953125 0.5734375 0.125 0.178125
0 0.3640625 0.8078125 0.134375 0.178125
0 0.36328125 0.91328125 0.02890625 0.0484375
0 0.3703125 0.96875 0.0453125 0.053125
0 0.4125 0.94453125 0.0765625 0.0984375
0 0.44140625 0.85703125 0.08671875 0.1203125
0 0.48046875 0.7390625 0.10078125 0.09375
0 0.45078125 0.7453125 0.0625 0.0625
0 0.4671875 0.77890625 0.071875 0.0671875
0 0.4640625 0.875 0.071875 0.178125
0 0.515625 0.79453125 0.03828125 0.1390625
0 0.6046875 0.78125 0.125 0.115625
0 0.5578125 0.76796875 0.03828125 0.0671875
0 0.56484375 0.85703125 0.10078125 0.1390625
0 0.5265625 0.86171875 0.0453125 0.0671875
0 0.515625 0.9421875 0.0671875 0.0625
0 0.515625 0.97109375 0.1296875 0.0484375
0 0.65625 0.90390625 0.16796875 0.0671875
0 0.696875 0.88203125 0.125 0.1109375
0 0.63671875 0.859375 0.0453125 0.03125
0 0.73046875 0.84375 0.103125 0.071875
0 0.6921875 0.8171875 0.1390625 0.053125
0 0.7234375 0.78828125 0.21640625 0.0765625
0 0.734375 0.73203125 0.08671875 0.0578125
0 0.77265625 0.88828125 0.06484375 0.1109375
0 0.7796875 0.83671875 0.08203125 0.0578125
0 0.725 0.84609375 0.09140625 0.0484375
0 0.66484375 0.96171875 0.16796875 0.0671875
0 0.50625 0.9796875 0.103125 0.03125
0 0.77890625 0.98203125 0.053125 0.0265625
0 0.821875 0.9375 0.071875 0.10546875
0 0.85078125 0.95546875 0.0625 0.0765625
0 0.84765625 0.8546875 0.053125 0.0625
0 0.85703125 0.8078125 0.0578125 0.0625
0 0.803125 0.7546875 0.0484375 0.0625
0 0.7953125 0.6984375 0.0484375 0.053125
0 0.834375 0.6875 0.03359375 0.04296875
0 0.83515625 0.73671875 0.0453125 0.0578125
0 0.8765625 0.70078125 0.0484375 0.0484375
0 0.88359375 0.7546875 0.0578125 0.08203125
0 0.9125 0.80546875 0.0453125 0.0578125
0 0.9 0.859375 0.053125 0.08203125
0 0.946875 0.78828125 0.0453125 0.0671875
0 0.9484375 0.734375 0.0265625 0.01953125
0 0.91796875 0.74765625 0.03359375 0.0578125
0 0.921875 0.63671875 0.1515625 0.2015625
0 0.74296875 0.36796875 0.1109375 0.1296875
0 0.775 0.26796875 0.10078125 0.0578125
0 0.53515625 0.23671875 0.0765625 0.0671875
0 0.52890625 0.296875 0.08671875 0.115625
0 0.5171875 0.328125 0.06484375 0.08203125
0 0.51171875 0.4015625 0.053125 0.04296875
0 0.6265625 0.28125 0.10546875 0.04296875
0 0.86328125 0.33046875 0.1296875 0.2765625
0 0.9484375 0.35234375 0.0984375 0.084375
0 0.9578125 0.53125 0.0796875 0.134375
0 0.6890625 0.7390625 0.0265625 0.04296875
0 0.66796875 0.71171875 0.02421875 0.0359375
0 0.64296875 0.70078125 0.01953125 0.0265625
0 0.6234375 0.7140625 0.0265625 0.03125
0 0.58984375 0.70078125 0.0265625 0.0265625
0 0.56875 0.69453125 0.0140625 0.0265625
0 0.55546875 0.71171875 0.03359375 0.0265625
0 0.54453125 0.68046875 0.0265625 0.0359375
0 0.52265625 0.6828125 0.02421875 0.01953125
0 0.50703125 0.68515625 0.0140625 0.0140625
0 0.48046875 0.6984375 0.03828125 0.03125
0 0.4546875 0.7140625 0.02421875 0.03125
0 0.4375 0.69453125 0.0265625 0.0359375
0 0.41484375 0.72109375 0.0265625 0.0359375
0 0.4 0.6921875 0.02421875 0.03125
0 0.390625 0.71171875 0.0265625 0.0359375
0 0.39921875 0.6671875 0.01953125 0.03125
0 0.37734375 0.6765625 0.02421875 0.03125
0 0.71484375 0.72578125 0.01953125 0.0359375
0 0.6921875 0.70546875 0.0265625 0.0265625
0 0.73828125 0.71875 0.01171875 0.03125
0 0.725 0.70078125 0.02421875 0.0359375
0 0.70546875 0.6609375 0.02421875 0.03125
0 0.6828125 0.6609375 0.02421875 0.03125
0 0.66484375 0.65390625 0.0140625 0.0265625
0 0.6390625 0.6765625 0.0265625 0.04296875
0 0.571875 0.6453125 0.02890625 0.04296875
0 0.54921875 0.5625 0.02421875 0.03125
0 0.5453125 0.5984375 0.02421875 0.03125
0 0.484375 0.5578125 0.02421875 0.03125
0 0.6359375 0.55390625 0.0265625 0.0359375
0 0.67578125 0.5359375 0.02890625 0.04296875
0 0.88671875 0.52890625 0.04296875 0.0359375
0 0.8546875 0.546875 0.053125 0.0625
0 0.83515625 0.50234375 0.115625 0.0796875
0 0.7203125 0.46171875 0.1390625 0.0890625
0 0.640625 0.43515625 0.12265625 0.0671875
0 0.6140625 0.4734375 0.16796875 0.071875
0 0.53828125 0.5671875 0.0765625 0.259375
0 0.42890625 0.60703125 0.2328125 0.1921875
0 0.4640625 0.484375 0.071875 0.053125
0 0.59375 0.58515625 0.11796875 0.2359375
0 0.696875 0.59140625 0.15625 0.2140625
0 0.73671875 0.59375 0.22109375 0.146875