0 0.2703125 0.54921875 0.53359375 0.8890625
0 0.5140625 0.7765625 0.43984375 0.4375
0 0.8609375 0.7015625 0.27421875 0.58671875
0 0.6921875 0.54296875 0.40390625 0.6390625
0 0.15859375 0.15859375 0.3078125 0.3171875
0 0.55546875 0.13671875 0.5015625 0.2734375
0 0.88828125 0.23671875 0.21875 0.4734375
0 0.0203125 0.9828125 0.03359375 0.021875
0 0.02890625 0.95078125 0.05078125 0.053125
0 0.0640625 0.978125 0.02421875 0.03359375
0 0.10703125 0.98046875 0.03828125 0.02890625
0 0.0984375 0.94609375 0.05078125 0.03359375
0 0.04296875 0.9078125 0.0578125 0.04296875
0 0.025 0.87109375 0.04296875 0.071875
0 0.01796875 0.7765625 0.02890625 0.15390625
0 0.0359375 0.75390625 0.04296875 0.1109375
0 0.07109375 0.765625 0.0484375 0.1203125
0 0.0734375 0.69375 0.02890625 0.03359375
0 0.053125 0.64765625 0.03359375 0.0484375
0 0.02890625 0.66328125 0.05078125 0.08203125
0 0.021875 0.584375 0.0359375 0.0765625
0 0.053125 0.58984375 0.02421875 0.0765625
0 0.0421875 0.51953125 0.0765625 0.0671875
0 0.04921875 0.49140625 0.03828125 0.03359375
0 0.0203125 0.4484375 0.03359375 0.053125
0 0.03984375 0.45078125 0.021875 0.02890625
0 0.04921875 0.4015625 0.03359375 0.03828125
0 0.02421875 0.3796875 0.02421875 0.08203125
0 0.009375 0.35 0.009375 0.053125
0 0.02421875 0.2984375 0.03828125 0.03828125
0 0.0578125 0.33046875 0.02890625 0.09140625
0 0.084375 0.85 0.0578125 0.06015625
0 0.10234375 0.89296875 0.0578125 0.071875
0 0.165625 0.95703125 0.0671875 0.0765625
0 0.1984375 0.9484375 0.0625 0.09140625
0 0.1671875 0.88828125 0.02890625 0.0484375
0 0.13203125 0.85 0.0484375 0.125
0 0.09609375 0.7953125 0.03359375 0.06015625
0 0.084375 0.85 0.05078125 0.0484375
0 0.10703125 0.7078125 0.03828125 0.103125
0 0.11328125 0.63125 0.0578125 0.09140625
0 0.084375 0.6390625 0.02890625 0.04296875
0 0.084375 0.5625 0.0359375 0.08671875
0 0.09140625 0.48046875 0.0359375 0.0765625
0 0.0734375 0.4234375 0.0359375 0.115625
0 0.11328125 0.3578125 0.071875 0.08203125
0 0.11796875 0.43125 0.0484375 0.08671875
0 0.15234375 0.48046875 0.04296875 0.053125
0 0.12109375 0.5359375 0.03828125 0.1109375
0 0.1625 0.53828125 0.03828125 0.0484375
0 0.14765625 0.5984375 0.0484375 0.06015625
0 0.1671875 0.64453125 0.05078125 0.053125
0 0.178125 0.7125 0.08203125 0.08203125
0 0.12890625 0.7015625 0.01953125 0.03828125
0 0.14453125 0.75703125 0.0484375 0.08203125
0 0.1765625 0.8140625 0.0484375 0.1109375
0 0.1984375 0.84765625 0.03359375 0.1109375
0 0.22578125 0.88828125 0.0359375 0.115625
0 0.25859375 0.9265625 0.0578125 0.103125
0 0.2703125 0.959375 0.053125 0.071875
0 0.27734375 0.8328125 0.053125 0.08203125
0 0.2453125 0.82578125 0.053125 0.04296875
0 0.2484375 0.7953125 0.0484375 0.03828125
0 0.21484375 0.765625 0.0578125 0.04296875
0 0.24140625 0.74609375 0.03828125 0.06015625
0 0.21640625 0.6828125 0.0484375 0.053125
0 0.20546875 0.6421875 0.03828125 0.08203125
0 0.1890625 0.5796875 0.0359375 0.053125
0 0.2125 0.53828125 0.03828125 0.06015625
0 0.19453125 0.50234375 0.03828125 0.053125
0 0.21015625 0.45078125 0.04296875 0.06015625
0 0.1890625 0.45078125 0.02890625 0.06015625
0 0.18515625 0.38203125 0.0578125 0.0671875
0 0.15625 0.41796875 0.04296875 0.071875
0 0.15625 0.3390625 0.04296875 0.053125
0 0.1390625 0.32578125 0.01953125 0.03828125
0 0.1703125 0.27890625 0.04296875 0.053125
0 0.19453125 0.328125 0.03359375 0.053125
0 0.21484375 0.28125 0.0359375 0.0484375
0 0.2296875 0.321875 0.04296875 0.0765625
0 0.265625 0.2984375 0.0359375 0.0484375
0 0.2484375 0.2765625 0.03359375 0.03828125
0 0.240625 0.21875 0.04296875 0.0671875
0 0.27421875 0.1828125 0.03828125 0.0484375
0 0.31484375 0.178125 0.03828125 0.06015625
0 0.32578125 0.12890625 0.03828125 0.06015625
0 0.3078125 0.25390625 0.03828125 0.0484375
0 0.3015625 0.3140625 0.0359375 0.0484375
0 0.26328125 0.35 0.03359375 0.04296875
0 0.2453125 0.3859375 0.0484375 0.06015625
0 0.22265625 0.36875 0.02890625 0.03828125
0 0.21640625 0.41015625 0.02421875 0.03359375
0 0.234375 0.5 0.03359375 0.06015625
0 0.2671875 0.49140625 0.0484375 0.0765625
0 0.25625 0.43125 0.03828125 0.053125
0 0.24765625 0.37734375 0.04296875 0.053125
0 0.28125 0.54921875 0.02421875 0.0484375
0 0.25234375 0.546875 0.03359375 0.04296875
0 0.25859375 0.60703125 0.0359375 0.053125
0 0.27734375 0.6421875 0.03828125 0.0484375
0 0.24765625 0.65 0.02890625 0.053125
0 0.2765625 0.696875 0.05078125 0.06015625
0 0.28359375 0.75390625 0.05078125 0.0671875
0 0.43515625 0.3734375 0.1421875 0.2234375
0 0.39296875 0.56640625 0.09609375 0.16796875
0 0.3484375 0.4234375 0.08671875 0.14921875
0 0.32578125 0.31953125 0.0984375 0.13671875
0 0.3328125 0.2046875 0.0671875 0.103125
0 0.321875 0.71015625 0.1203125 0.16328125
0 0.3078125 0.93125 0.03359375 0.0484375
0 0.3078125 0.88203125 0.02421875 0.0484375
0 0.3109375 0.97578125 0.02421875 0.03828125
0 0.34765625 0.9671875 0.03828125 0.053125
0 0.3375 0.9234375 0.021875 0.04296875
0 0.3546875 0.9203125 0.02421875 0.0484375
0 0.34140625 0.740625 0.05078125 0.071875
0 0.4578125 0.7484375 0.02890625 0.04296875
0 0.49296875 0.83046875 0.02421875 0.053125
0 0.5140625 0.86328125 0.03359375 0.053125
0 0.49296875 0.959375 0.02421875 0.0484375
0 0.57109375 0.95078125 0.04296875 0.053125
0 0.55078125 0.89921875 0.03828125 0.06015625
0 0.6 0.915625 0.05078125 0.06015625
0 0.6140625 0.92890625 0.22578125 0.1296875
0 0.3796875 0.93359375 0.22109375 0.1203125
0 0.46171875 0.82578125 0.08671875 0.1875
0 0.5578125 0.86640625 0.1421875 0.1921875
0 0.47109375 0.7046875 0.084375 0.1734375
0 0.3640625 0.8796875 0.1390625 0.15390625
0 0.5890625 0.678125 0.02890625 0.053125
0 0.60546875 0.62265625 0.02421875 0.04296875
0 0.578125 0.603125 0.02890625 0.0484375
0 0.63828125 0.63125 0.02421875 0.03828125
0 0.62734375 0.60703125 0.03828125 0.053125
0 0.603125 0.5875 0.02890625 0.02890625
0 0.5984375 0.53828125 0.01953125 0.03828125
0 0.5890625 0.5 0.021875 0.02890625
0 0.57421875 0.47578125 0.021875 0.04296875
0 0.55625 0.47265625 0.021875 0.03828125
0 0.69140625 0.4703125 0.021875 0.04296875
0 0.56015625 0.3734375 0.09609375 0.18046875
0 0.7125 0.36875 0.1296875 0.125
0 0.77421875 0.50859375 0.10078125 0.1296875
0 0.71484375 0.678125 0.16328125 0.16328125
0 0.6546875 0.6265625 0.071875 0.21171875
0 0.52734375 0.5109375 0.04296875 0.125
0 0.834375 0.95703125 0.053125 0.0765625
0 0.80859375 0.9234375 0.0765625 0.0671875
0 0.7671875 0.9640625 0.071875 0.06015625
0 0.74375 0.9078125 0.053125 0.08671875
0 0.7671875 0.821875 0.04296875 0.09140625
0 0.7984375 0.85234375 0.053125 0.08671875
0 0.8296875 0.8171875 0.04296875 0.071875
0 0.81875 0.759375 0.06484375 0.0671875
0 0.875 0.77890625 0.0671875 0.06015625
0 0.85078125 0.7078125 0.04296875 0.071875
0 0.8890625 0.71015625 0.0484375 0.08671875
0 0.88359375 0.65234375 0.04296875 0.03828125
0 0.84765625 0.66953125 0.04296875 0.0484375
0 0.8765625 0.5984375 0.06484375 0.071875
0 0.834375 0.56875 0.0484375 0.053125
0 0.89453125 0.54921875 0.05078125 0.071875
0 0.9046875 0.50859375 0.0578125 0.0765625
0 0.95078125 0.52421875 0.0484375 0.053125
0 0.94375 0.5765625 0.03828125 0.06015625
0 0.93125 0.9125 0.04296875 0.053125
0 0.8890625 0.9015625 0.053125 0.0765625
0 0.9125 0.959375 0.0359375 0.0484375
0 0.87265625 0.95078125 0.0359375 0.08671875
0 0.9546875 0.86640625 0.053125 0.06015625
0 0.9125 0.87109375 0.08203125 0.14921875
0 0.9796875 0.86875 0.03828125 0.1734375
0 0.953125 0.6609375 0.0890625 0.34140625
0 0.56015625 0.23828125 0.04296875 0.06015625
0 0.5140625 0.21640625 0.0484375 0.071875
0 0.4796875 0.18046875 0.05078125 0.0984375
0 0.4234375 0.178125 0.03828125 0.071875
0 0.4421875 0.109375 0.03828125 0.0765625
0 0.4046875 0.10078125 0.02421875 0.0484375
0 0.365625 0.11171875 0.03359375 0.06015625
0 0.5953125 0.1859375 0.0484375 0.08671875
0 0.60234375 0.24609375 0.03828125 0.053125
0 0.63828125 0.2125 0.03828125 0.0765625
0 0.68359375 0.2015625 0.04296875 0.04296875
0 0.6703125 0.15234375 0.0484375 0.053125
0 0.97265625 0.3859375 0.0484375 0.09140625
0 0.93125 0.4203125 0.05078125 0.053125
0 0.921875 0.2703125 0.0671875 0.09140625
0 0.9359375 0.35234375 0.0984375 0.103125
0 0.9015625 0.15625 0.06484375 0.08203125
0 0.85546875 0.2515625 0.0984375 0.1109375
0 0.94375 0.12265625 0.0671875 0.13671875
0 0.875 0.06640625 0.0484375 0.0765625
0 0.96171875 0.03828125 0.03828125 0.0765625
0 0.49921875 0.4984375 0.9953125 0.996875
0 0.609375 0.10703125 0.03828125 0.071875
0 0.7546875 0.1203125 0.09140625 0.20703125
0 0.625 0.14453125 0.1734375 0.2015625
0 0.48671875 0.10078125 0.1390625 0.071875
0 0.36796875 0.05390625 0.16796875 0.0765625