0 0.6982421875 1 0.720703125 0.9384765625 0.72265625 0.8798828125 0.71484375 0.8583984375 0.720703125 0.8291015625 0.703125 0.7763671875 0.6826171875 0.7734375 0.5517578125 0.85546875 0.5205078125 0.861328125 0.4970703125 0.892578125 0.4560546875 0.908203125 0.4375 0.9384765625 0.4365234375 1 0.6982421875 1
0 0.7900390625 0.90234375 0.8408203125 0.869140625 0.8759765625 0.865234375 0.8857421875 0.849609375 0.9541015625 0.814453125 0.9716796875 0.79296875 1 0.7841796875 0.9951171875 0.431640625 0.986328125 0.4287109375 0.9814453125 0.447265625 0.962890625 0.4404296875 0.9453125 0.5048828125 0.9248046875 0.515625 0.900390625 0.4951171875 0.9013671875 0.453125 0.8359375 0.4482421875 0.857421875 0.4384765625 0.8564453125 0.421875 0.7900390625 0.4375 0.7783203125 0.453125 0.7578125 0.4560546875 0.767578125 0.4814453125 0.7529296875 0.521484375 0.7294921875 0.515625 0.703125 0.4912109375 0.693359375 0.5595703125 0.6953125 0.7490234375 0.728515625 0.8095703125 0.7451171875 0.8984375 0.7900390625 0.90234375
0 0.741283465625 0.51983173125 0.753302696875 0.51532451875 0.765321928125 0.48978365312500005 0.7300154375 0.3388671875 0.7202498125 0.3079927890625 0.741283465625 0.30048076875 0.7397810625 0.2974759609375 0.7478439640625 0.289413059375 0.7514998125 0.2802734375 0.7612654375 0.2783203125 0.7671248125 0.2490234375 0.7768904375 0.2470703125 0.7827498125 0.2177734375 0.799351375 0.216796875 0.8069585703125 0.21738148281249997 0.8173864640625 0.2197879203125 0.8139998125 0.2138671875 0.8198591875 0.1767578125 0.8310229421875001 0.1459905171875 0.8310229421875001 0.0914446109375 0.8278143578125 0.068182384375 0.8310229421875001 0.0561502 0.8326272328125001 0.04652445 0.8326272328125001 0.0433158671875 0.8294186515625 0.036898701562500004 0.8390443984375 0.0032085812499999997 0.812573590625 0.004010728125 0.6577594718750001 0 0.6811873125 0.1494140625 0.6792341875 0.1767578125 0.6655623125 0.1962890625 0.687196928125 0.3275240390625 0.706728178125 0.4777644234375 0.741283465625 0.51983173125
0 1 0.0107421875 0.9111328125 0.00390625 0.8544921875 0.013671875 0.8173828125 0.009765625 0.82421875 0.0166015625 0.82421875 0.1005859375 0.8408203125 0.103515625 0.841796875 0.1572265625 0.83203125 0.1728515625 0.826171875 0.1611328125 0.82421875 0.2158203125 0.8740234375 0.283203125 0.90234375 0.2880859375 0.912109375 0.3486328125 0.904296875 0.4970703125 0.9111328125 0.5078125 0.9345703125 0.509765625 0.953125 0.4775390625 0.9609375 0.3115234375 0.9775390625 0.310546875 1 0.2841796875 1 0.0107421875
0 0.5146484375 0.859375 0.62109375 0.7958984375 0.646484375 0.7626953125 0.658203125 0.7060546875 0.681640625 0.6826171875 0.6953125 0.4619140625 0.662109375 0.2998046875 0.6533203125 0.291015625 0.634765625 0.3076171875 0.630859375 0.3388671875 0.611328125 0.3486328125 0.595703125 0.3857421875 0.5791015625 0.38671875 0.5537109375 0.42578125 0.5263671875 0.427734375 0.4970703125 0.47265625 0.4853515625 0.46484375 0.4697265625 0.486328125 0.4345703125 0.498046875 0.408203125 0.5283203125 0.380859375 0.5830078125 0.392578125 0.8408203125 0.4267578125 0.890625 0.4931640625 0.884765625 0.5146484375 0.859375
0 0.3544921875 1 0.34375 0.9384765625 0.37890625 0.7958984375 0.365234375 0.5771484375 0.3525390625 0.572265625 0.2646484375 0.59375 0.2353515625 0.591796875 0.1845703125 0.556640625 0.134765625 0.6494140625 0.103515625 0.7666015625 0.08203125 0.8115234375 0.09765625 0.9033203125 0.111328125 0.9326171875 0.11328125 0.9794921875 0.1298828125 1 0.3544921875 1
0 0.0400390625 0.833984375 0.005859375 0.8701171875 0.00390625 0.9990234375 0.1025390625 1 0.080078125 0.8525390625 0.0400390625 0.833984375
0 0.43118990312500005 0.91045673125 0.3861177890625 0.85186298125 0.3620793265625 0.8879206734375 0.35546875 0.9677734375 0.369140625 0.9970703125 0.435697115625 0.9990985578125 0.43118990312500005 0.91045673125
0 0 0.85186298125 0.0150240390625 0.8563701921875 0.16796875 0.5660306484375 0.181640625 0.5543118984375 0.181640625 0.5289212734375 0.1435546875 0.5006009609375 0.119140625 0.5406400234375 0.11868990312500001 0.5423677890625 0.11418269218749999 0.5438701921875 0.1262019234375 0.548377403125 0.10516826875 0.548377403125 0.09765625 0.564903846875 0.0986328125 0.5826322109375 0.078125 0.6129056484375 0.07421875 0.6363431484375 0.057091346875000004 0.662560096875 0 0.7782451921875 0 0.85186298125
0 0.3427734375 0.56640625 0.3720703125 0.55078125 0.3994140625 0.509765625 0.4560546875 0.48046875 0.4697265625 0.4453125 0.5029296875 0.44140625 0.5224609375 0.416015625 0.5458984375 0.41015625 0.59375 0.3642578125 0.64453125 0.2763671875 0.66015625 0.2373046875 0.658203125 0.1982421875 0.673828125 0.1669921875 0.66796875 0.0791015625 0.66015625 0.0439453125 0.6435546875 0.021484375 0.6083984375 0.01953125 0.57421875 0.0439453125 0.46484375 0.1767578125 0.39453125 0.2802734375 0.32421875 0.3505859375 0.30859375 0.3798828125 0.2734375 0.4052734375 0.212890625 0.4814453125 0.197265625 0.5302734375 0.197265625 0.5498046875 0.2451171875 0.580078125 0.3037109375 0.578125 0.3427734375 0.56640625
0 0.076622596875 0.392127403125 0.1262019234375 0.4972956734375 0.16826923124999998 0.521334134375 0.20432692343749997 0.567908653125 0.1998197109375 0.5033052890625 0.259915865625 0.42217548125000004 0.37109375 0.298978365625 0.5363581734375 0.09314903906250001 0.64333114375 0.0035230343749999998 0.643028846875 0.0030048078125 0.369591346875 0.0030048078125 0.12319711562499999 0.001502403125 0.076622596875 0.162259615625 0.04657451875 0.306490384375 0.076622596875 0.392127403125