0 0.228125 0.228125 0.134375 0.209375
0 0.10546875 0.37890625 0.2046875 0.40625
0 0.12109375 0.6546875 0.13671875 0.18046875
0 0.10234375 0.52890625 0.10546875 0.196875
0 0.36328125 0.44921875 0.34609375 0.70703125
0 0.26171875 0.0984375 0.0453125 0.071875
0 0.45078125 0.09609375 0.125 0.146875
0 0.5375 0.0984375 0.08671875 0.09609375
0 0.6 0.171875 0.08203125 0.1296875
0 0.5875 0.3328125 0.0625 0.11328125
0 0.59375 0.321875 0.125 0.22578125
0 0.49140625 0.5734375 0.165625 0.2984375
0 0.21640625 0.7828125 0.07421875 0.09609375
0 0.446875 0.821875 0.14921875 0.2640625
0 0.44609375 0.96484375 0.11328125 0.06484375
0 0.540625 0.91484375 0.08203125 0.03359375
0 0.58046875 0.796875 0.1390625 0.2359375
0 0.64296875 0.55625 0.1734375 0.2640625
0 0.7015625 0.38671875 0.09609375 0.1203125
0 0.71484375 0.2453125 0.1390625 0.1875
0 0.80390625 0.240625 0.03828125 0.09609375
0 0.7953125 0.58203125 0.2046875 0.56484375
0 0.6828125 0.77421875 0.071875 0.146875
0 0.9015625 0.5421875 0.071875 0.09140625
0 0.9046875 0.47734375 0.03359375 0.08671875
0 0.8640625 0.6984375 0.10078125 0.1875
0 0.84140625 0.771875 0.10546875 0.16328125
0 0.8140625 0.821875 0.10546875 0.17578125
0 0.7640625 0.853125 0.0765625 0.15859375
0 0.7234375 0.87265625 0.053125 0.1421875