0 0.0927734375 0.4765625 0.1044921875 0.478515625 0.1416015625 0.525390625 0.1982421875 0.56640625 0.2392578125 0.5703125 0.2607421875 0.55859375 0.31640625 0.4560546875 0.341796875 0.3818359375 0.345703125 0.3095703125 0.3203125 0.2451171875 0.2431640625 0.1953125 0.1591796875 0.19140625 0.0732421875 0.2109375 0.005859375 0.2509765625 0.00390625 0.5732421875 0.0166015625 0.576171875 0.056640625 0.5380859375 0.0927734375 0.4765625
0 0.0888671875 0.927734375 0.0380859375 0.9140625 0.0068359375 0.916015625 0.0048828125 1 0.130859375 0.9990234375 0.123046875 0.9736328125 0.0888671875 0.927734375
0 0.4228515625 1 0.4375 0.9462890625 0.435546875 0.8505859375 0.412109375 0.8134765625 0.3779296875 0.791015625 0.2705078125 0.7734375 0.19140625 0.8525390625 0.15625 0.9267578125 0.1591796875 1 0.4228515625 1
0 0.7607421875 1 0.783203125 0.9345703125 0.7734375 0.8837890625 0.7392578125 0.8359375 0.6884765625 0.80859375 0.6435546875 0.796875 0.5751953125 0.80078125 0.5361328125 0.818359375 0.4921875 0.8544921875 0.470703125 0.9052734375 0.46484375 0.9736328125 0.4775390625 1 0.7607421875 1
0 0.9990234375 1 1 0.9130859375 0.9501953125 0.89453125 0.8740234375 0.8984375 0.8330078125 0.92578125 0.787109375 0.9814453125 0.7802734375 1 0.9990234375 1
0 1 0.4736328125 0.9580078125 0.462890625 0.9013671875 0.46484375 0.8837890625 0.48046875 0.7998046875 0.5 0.73046875 0.5615234375 0.7265625 0.6396484375 0.744140625 0.7138671875 0.7646484375 0.734375 0.9287109375 0.828125 0.9990234375 0.83203125 1 0.5986328125 0.98828125 0.5927734375 1 0.5888671875 1 0.4736328125
0 0.5302734375 0.7890625 0.5791015625 0.791015625 0.6982421875 0.767578125 0.734375 0.7138671875 0.72265625 0.6474609375 0.724158653125 0.5769230765625 0.7271634609375 0.5303485578125 0.6986177890625 0.49579326874999996 0.6475360578125 0.46574519218750005 0.5814302890625 0.4597355765625 0.5168269234375 0.501802884375 0.4447115390625 0.4987980765625 0.4056490390625 0.5634014421875 0.38671875 0.6298828125 0.38671875 0.6826171875 0.40625 0.7255859375 0.4462890625 0.755859375 0.5302734375 0.7890625
0 0.2294921875 0.740234375 0.2724609375 0.767578125 0.3984375 0.7900390625 0.380859375 0.6357421875 0.326171875 0.5712890625 0.2880859375 0.54296875 0.2509765625 0.5703125 0.2177734375 0.57421875 0.1318359375 0.525390625 0.1103515625 0.52734375 0.0654296875 0.537109375 0.005859375 0.5947265625 0.005859375 0.6689453125 0.0166015625 0.685546875 0.1279296875 0.705078125 0.2294921875 0.740234375
0 0.4638671875 0.5 0.5185546875 0.501953125 0.5849609375 0.466796875 0.666015625 0.3779296875 0.671875 0.2470703125 0.66015625 0.1455078125 0.64453125 0.0849609375 0.6318359375 0.072265625 0.5849609375 0.0703125 0.5068359375 0.083984375 0.4267578125 0.1171875 0.392578125 0.1572265625 0.3671875 0.2314453125 0.36328125 0.3173828125 0.375 0.3798828125 0.423828125 0.4619140625 0.4638671875 0.5
0 0.716796875 0.4091796875 0.7880859375 0.478515625 0.8056640625 0.486328125 0.8623046875 0.48046875 0.94140625 0.4189453125 0.970703125 0.3662109375 0.986328125 0.2607421875 0.9609375 0.1513671875 0.9453125 0.1220703125 0.8974609375 0.072265625 0.8525390625 0.05078125 0.7900390625 0.048828125 0.7470703125 0.072265625 0.7060546875 0.068359375 0.6591796875 0.08984375 0.650390625 0.1005859375 0.662109375 0.1337890625 0.681640625 0.3466796875 0.716796875 0.4091796875
0 0.986328125 0.0498046875 0.986328125 0.1201171875 0.9990234375 0.15234375 0.9990234375 0.021484375 0.986328125 0.0498046875
0 0.81640625 0.0087890625 0.8115234375 0.001953125 0.6611328125 0.00390625 0.6669921875 0.0234375 0.7333984375 0.064453125 0.7705078125 0.05859375 0.81640625 0.0087890625
0 0.4443359375 0.107421875 0.4970703125 0.078125 0.556640625 0.0107421875 0.5537109375 0.00390625 0.2939453125 0.005859375 0.3046875 0.0380859375 0.3349609375 0.07421875 0.4052734375 0.11328125 0.4443359375 0.107421875
0 0.2216796875 0.1875 0.26171875 0.1591796875 0.279296875 0.1279296875 0.28515625 0.0517578125 0.2705078125 0.00390625 0.005859375 0.0087890625 0.005859375 0.0849609375 0.0712890625 0.15234375 0.1787109375 0.185546875 0.2216796875 0.1875
0 0.0030048078125 0.665564903125 0.004507210937500001 0.8293269234375 0.036057692187500004 0.701622596875 0.030048076562499998 0.6881009609375 0.0105168265625 0.6865985578125 0.0030048078125 0.665564903125