0 0.30625 0.2046875 0.18125 0.1296875
0 0.378125 0.30078125 0.178125 0.14140625
0 0.425 0.4453125 0.15234375 0.12265625
0 0.45625 0.5609375 0.146875 0.10703125
0 0.465625 0.6609375 0.140625 0.09453125
0 0.4890625 0.75390625 0.14453125 0.1078125
0 0.51953125 0.8546875 0.1328125 0.1046875
0 0.6 0.8765625 0.115625 0.0984375
0 0.6765625 0.8234375 0.13984375 0.08046875
0 0.684375 0.746875 0.1390625 0.0921875
0 0.63125 0.6640625 0.1453125 0.09765625
0 0.62265625 0.5890625 0.11171875 0.08203125
0 0.58828125 0.47734375 0.1359375 0.12265625
0 0.56484375 0.36484375 0.09921875 0.10078125
0 0.4828125 0.24296875 0.1515625 0.10078125
0 0.45078125 0.16328125 0.0453125 0.03359375
0 0.44140625 0.13046875 0.0375 0.03125
0 0.425 0.1046875 0.05703125 0.0578125
0 0.41328125 0.0625 0.03984375 0.040625
0 0.959375 0.30078125 0.06015625 0.03671875
0 0.93359375 0.2328125 0.04609375 0.03359375
0 0.78046875 0.1921875 0.04765625 0.0484375
0 0.05234375 0.203125 0.03984375 0.04765625
0 0.1 0.11640625 0.02890625 0.02265625
0 0.0125 0.28046875 0.02421875 0.040625
0 0.32421875 0.63515625 0.06171875 0.03828125
0 0.39296875 0.728125 0.04765625 0.0328125
0 0.96640625 0.5671875 0.04140625 0.0328125
0 0.98203125 0.06015625 0.0359375 0.03359375
0 0.55 0.13828125 0.0234375 0.0296875
0 0.40390625 0.0203125 0.02890625 0.040625
0 0.3734375 0.02890625 0.0328125 0.021875
0 0.475 0.37265625 0.04453125 0.059375