0 0.06953125 0.6078125 0.13203125 0.27890625
0 0.04296875 0.81953125 0.0796875 0.18046875
0 0.084375 0.93046875 0.16328125 0.125
0 0.1546875 0.75625 0.16328125 0.259375
0 0.0625 0.4125 0.1203125 0.1734375
0 0.103125 0.36171875 0.0578125 0.1203125
0 0.1234375 0.3859375 0.0359375 0.1078125
0 0.178125 0.38203125 0.0984375 0.1734375
0 0.16953125 0.51171875 0.1296875 0.16796875
0 0.1859375 0.6234375 0.09609375 0.09140625
0 0.2875 0.60546875 0.1109375 0.16328125
0 0.24765625 0.88828125 0.14453125 0.21171875
0 0.36796875 0.90390625 0.1296875 0.18046875
0 0.36171875 0.73828125 0.1421875 0.22109375
0 0.30078125 0.46015625 0.08671875 0.115625
0 0.25390625 0.421875 0.071875 0.16796875
0 0.24296875 0.2984375 0.0484375 0.09140625
0 0.29921875 0.2984375 0.0765625 0.125
0 0.31484375 0.22265625 0.0359375 0.0359375
0 0.37265625 0.23203125 0.071875 0.14921875
0 0.36640625 0.3734375 0.09140625 0.14453125
0 0.3796875 0.50390625 0.08671875 0.125
0 0.415625 0.56953125 0.125 0.16328125
0 0.4375 0.68984375 0.0578125 0.0671875
0 0.48203125 0.8140625 0.10546875 0.16796875
0 0.51171875 0.921875 0.1921875 0.14453125
0 0.7203125 0.89453125 0.21640625 0.196875
0 0.91484375 0.86796875 0.1515625 0.2546875
0 0.8328125 0.66015625 0.1296875 0.2453125
0 0.7171875 0.66796875 0.15390625 0.2640625
0 0.60078125 0.765625 0.125 0.228125
0 0.94921875 0.68984375 0.09609375 0.25
0 0.9515625 0.56484375 0.09140625 0.09609375
0 0.8375 0.51171875 0.13203125 0.14453125
0 0.71640625 0.509375 0.0984375 0.10078125
0 0.6453125 0.484375 0.0765625 0.1390625
0 0.59375 0.59609375 0.09140625 0.15625
0 0.51328125 0.65 0.09609375 0.16796875
0 0.4859375 0.51171875 0.0796875 0.1078125
0 0.44140625 0.39765625 0.0890625 0.14453125
0 0.46171875 0.2953125 0.08671875 0.1203125
0 0.42578125 0.228125 0.0453125 0.1078125
0 0.48671875 0.19609375 0.06953125 0.115625
0 0.50625 0.40625 0.0484375 0.115625
0 0.5625 0.509375 0.08203125 0.125
0 0.59609375 0.40390625 0.06953125 0.09609375
0 0.55625 0.33984375 0.09609375 0.1875
0 0.54921875 0.2046875 0.0578125 0.09609375
0 0.60546875 0.1859375 0.0484375 0.1078125
0 0.63828125 0.259375 0.0765625 0.14453125
0 0.66484375 0.2078125 0.04296875 0.0765625
0 0.725 0.2046875 0.0765625 0.084375
0 0.734375 0.2921875 0.08203125 0.125
0 0.69140625 0.38203125 0.0625 0.115625
0 0.6859375 0.2859375 0.03359375 0.09140625
0 0.73046875 0.43359375 0.0765625 0.071875
0 0.796875 0.4 0.0890625 0.10078125
0 0.84375 0.36796875 0.06953125 0.084375
0 0.83203125 0.2796875 0.10546875 0.115625
0 0.80859375 0.22265625 0.08671875 0.06015625
0 0.86171875 0.18984375 0.0671875 0.0765625
0 0.9125 0.2078125 0.0578125 0.0671875
0 0.9109375 0.2953125 0.071875 0.1203125
0 0.959375 0.35 0.06953125 0.1078125
0 0.9703125 0.2921875 0.0578125 0.1734375
0 0.959375 0.4484375 0.0765625 0.1421875
0 0.88359375 0.4359375 0.0765625 0.1390625
0 0.0609375 0.14765625 0.0578125 0.053125
0 0.10078125 0.15 0.0578125 0.0359375
0 0.08046875 0.0875 0.0484375 0.0765625
0 0.13203125 0.09609375 0.053125 0.071875
0 0.178125 0.11796875 0.09140625 0.115625
0 0.240625 0.09375 0.053125 0.0765625
0 0.18984375 0.0421875 0.0765625 0.084375
0 0.40625 0.0484375 0.10546875 0.09609375
0 0.5453125 0.0359375 0.0765625 0.02421875
0 0.7796875 0.07578125 0.02890625 0.04296875
0 0.74609375 0.0640625 0.03828125 0.053125
0 0.703125 0.0640625 0.0453125 0.04296875
0 0.9640625 0.115625 0.0671875 0.1109375