0 0.7470703125 0.09765625 0.7080078125 0.09765625 0.689453125 0.1142578125 0.66015625 0.1923828125 0.662109375 0.2431640625 0.677734375 0.2802734375 0.7041015625 0.302734375 0.720703125 0.3037109375 0.7578125 0.2705078125 0.78515625 0.1982421875 0.7734375 0.1220703125 0.7470703125 0.09765625
0 0.828125 0.2431640625 0.7958984375 0.216796875 0.78125 0.2216796875 0.734375 0.3095703125 0.740234375 0.3701171875 0.7626953125 0.390625 0.787109375 0.3955078125 0.826171875 0.3818359375 0.84375 0.3330078125 0.83984375 0.2685546875 0.828125 0.2431640625
0 0.7109375 0.3115234375 0.677734375 0.2841796875 0.6533203125 0.23828125 0.6220703125 0.240234375 0.61328125 0.2490234375 0.599609375 0.3017578125 0.599609375 0.4228515625 0.609375 0.4619140625 0.630859375 0.4677734375 0.6474609375 0.4609375 0.681640625 0.4208984375 0.712890625 0.3486328125 0.7109375 0.3115234375
0 0.76953125 0.5771484375 0.7734375 0.5068359375 0.7529296875 0.45703125 0.75390625 0.5224609375 0.76953125 0.5771484375
0 0.7265625 0.5224609375 0.716796875 0.4365234375 0.6904296875 0.41796875 0.62890625 0.4833984375 0.625 0.6025390625 0.6611328125 0.66015625 0.6923828125 0.6640625 0.7080078125 0.689453125 0.728515625 0.6962890625 0.74609375 0.6865234375 0.751953125 0.6689453125 0.74609375 0.5654296875 0.7265625 0.5224609375
0 0.8271484375 0.546875 0.8076171875 0.544921875 0.78125 0.5927734375 0.78515625 0.6708984375 0.8037109375 0.69921875 0.82421875 0.6982421875 0.85546875 0.6083984375 0.861328125 0.5439453125 0.8466796875 0.529296875 0.8271484375 0.546875
0 0.46484375 0.5966796875 0.48828125 0.5400390625 0.486328125 0.4970703125 0.46484375 0.4384765625 0.4208984375 0.40625 0.3779296875 0.408203125 0.34375 0.4345703125 0.3125 0.4833984375 0.298828125 0.5302734375 0.296875 0.5771484375 0.310546875 0.6298828125 0.3291015625 0.65625 0.361328125 0.6689453125 0.380859375 0.6552734375 0.3955078125 0.623046875 0.4345703125 0.62109375 0.46484375 0.5966796875
0 0.58203125 0.6591796875 0.552734375 0.5771484375 0.5205078125 0.544921875 0.4931640625 0.541015625 0.462890625 0.6064453125 0.435546875 0.6298828125 0.431640625 0.7333984375 0.4423828125 0.755859375 0.4638671875 0.7578125 0.4833984375 0.78125 0.4970703125 0.775390625 0.5185546875 0.791015625 0.533203125 0.7900390625 0.5537109375 0.78125 0.57421875 0.7529296875 0.583984375 0.7099609375 0.58203125 0.6591796875
0 0.3935546875 0.640625 0.3623046875 0.671875 0.3232421875 0.654296875 0.2822265625 0.5625 0.263671875 0.5771484375 0.271484375 0.6083984375 0.267578125 0.7041015625 0.302734375 0.7763671875 0.3203125 0.7822265625 0.3662109375 0.767578125 0.39453125 0.7412109375 0.412109375 0.6728515625 0.3935546875 0.640625
0 0.265625 0.7119140625 0.263671875 0.6572265625 0.2216796875 0.6484375 0.203125 0.6611328125 0.1875 0.6943359375 0.185546875 0.7529296875 0.2001953125 0.783203125 0.23828125 0.7919921875 0.2548828125 0.77734375 0.2919921875 0.783203125 0.298828125 0.7685546875 0.265625 0.7119140625
0 0.166015625 0.9404296875 0.197265625 0.9521484375 0.201171875 0.9326171875 0.1611328125 0.90234375 0.154296875 0.9130859375 0.166015625 0.9404296875
0 0.2216796875 0.83203125 0.236328125 0.8330078125 0.240234375 0.7998046875 0.1923828125 0.775390625 0.185546875 0.8017578125 0.2216796875 0.83203125
0 0.28515625 0.7783203125 0.265625 0.7841796875 0.255859375 0.8115234375 0.263671875 0.8154296875 0.2734375 0.8642578125 0.3046875 0.8740234375 0.306640625 0.8115234375 0.2861328125 0.751953125 0.27734375 0.7646484375 0.28515625 0.7783203125
0 0.4609375 0.8486328125 0.4765625 0.7802734375 0.4501953125 0.76953125 0.44140625 0.7900390625 0.4609375 0.8486328125
0 0.46875 0.8779296875 0.46875 0.9287109375 0.4755859375 0.9375 0.4931640625 0.923828125 0.517578125 0.9443359375 0.52734375 0.8466796875 0.51953125 0.8134765625 0.4951171875 0.78515625 0.46875 0.8779296875
0 0.390625 0.9267578125 0.412109375 0.9736328125 0.4453125 0.9912109375 0.44921875 0.8818359375 0.4208984375 0.7890625 0.396484375 0.8271484375 0.390625 0.9267578125