0 0.4265625 0.62890625 0.634375 0.2546875
0 0.6859375 0.390625 0.37734375 0.28828125
0 0.6828125 0.4078125 0.48046875 0.196875
0 0.69375 0.41796875 0.0765625 0.0578125
0 0.6859375 0.36875 0.08203125 0.0484375
0 0.8328125 0.18125 0.33203125 0.35546875
0 0.671875 0.05390625 0.21875 0.10078125
0 0.303125 0.3375 0.30078125 0.2765625
0 0.11796875 0.33984375 0.071875 0.0671875
0 0.10078125 0.06484375 0.1921875 0.125
0 0.06640625 0.31484375 0.1203125 0.178125
0 0.02734375 0.4890625 0.04296875 0.11328125
0 0.10703125 0.69453125 0.2015625 0.24765625
0 0.8703125 0.5328125 0.2546875 0.25234375
0 0.9625 0.69921875 0.06953125 0.10546875
0 0.765625 0.77265625 0.35078125 0.2453125
0 0.49140625 0.87109375 0.21875 0.23046875
0 0.3140625 0.96015625 0.271875 0.07421875
0 0.2234375 0.87265625 0.3078125 0.1828125
0 0.0296875 0.96171875 0.0484375 0.0484375
0 0.06875 0.9546875 0.08203125 0.053125
0 0.0359375 0.88671875 0.0484375 0.06484375
0 0.6671875 0.9671875 0.2765625 0.06015625
0 0.89296875 0.94609375 0.209375 0.1078125
0 0.9625 0.83515625 0.06953125 0.12265625
2 0.478125 0.134375 0.34375 0.26171875