0 0.07421875 0.82109375 0.1390625 0.134375
0 0.1984375 0.7078125 0.23046875 0.1828125
0 0.12890625 0.23203125 0.24765625 0.24765625
0 0.2859375 0.8890625 0.1078125 0.0890625
0 0.36328125 0.92890625 0.1078125 0.0890625
0 0.29296875 0.9671875 0.2359375 0.0578125
0 0.18515625 0.978125 0.16328125 0.0359375
0 0.365625 0.82421875 0.103125 0.0890625
0 0.365625 0.8765625 0.053125 0.02421875
0 0.44375 0.86875 0.103125 0.08671875
0 0.44375 0.94609375 0.09140625 0.0625
0 0.5796875 0.92890625 0.22109375 0.134375
0 0.44140625 0.978125 0.0578125 0.0359375
0 0.52890625 0.89453125 0.0671875 0.0671875
0 0.51796875 0.83203125 0.1203125 0.0671875
0 0.4171875 0.77421875 0.08203125 0.05078125
0 0.62109375 0.834375 0.09609375 0.10078125
0 0.78828125 0.8703125 0.35078125 0.25234375
0 0.86328125 0.85546875 0.2015625 0.09609375
0 0.4234375 0.2515625 0.2359375 0.1921875
0 0.3734375 0.43359375 0.1296875 0.08203125
0 0.35546875 0.5 0.08203125 0.071875
0 0.52265625 0.66796875 0.428125 0.26953125
0 0.43046875 0.46484375 0.1078125 0.0890625
0 0.44609375 0.53515625 0.0765625 0.04296875
0 0.3421875 0.375 0.0765625 0.0484375
0 0.4328125 0.37890625 0.103125 0.06953125
0 0.5203125 0.49375 0.134375 0.0765625
0 0.540625 0.53515625 0.103125 0.0671875
0 0.5 0.4203125 0.11328125 0.0765625
0 0.525 0.36875 0.09140625 0.0671875
0 0.6078125 0.4421875 0.103125 0.08203125
0 0.64453125 0.51953125 0.103125 0.071875
0 0.65234375 0.521875 0.1203125 0.1078125
0 0.709375 0.459375 0.09609375 0.115625
0 0.646875 0.3796875 0.14921875 0.0578125
0 0.6109375 0.2953125 0.21171875 0.134375
0 0.646875 0.08515625 0.1078125 0.08671875
0 0.546875 0.196875 0.08203125 0.06953125
0 0.35 0.01171875 0.103125 0.0234375
0 0.80390625 0.51171875 0.14453125 0.0578125
0 0.7296875 0.5796875 0.27421875 0.1078125
0 0.77265625 0.459375 0.103125 0.03828125
0 0.90859375 0.60078125 0.178125 0.2640625
0 0.89765625 0.39765625 0.19921875 0.1703125
0 0.85546875 0.29921875 0.15390625 0.1734375
0 0.74765625 0.3953125 0.125 0.0890625
0 0.74765625 0.31640625 0.15390625 0.1390625
0 0.80625 0.17421875 0.18046875 0.16328125
0 0.78515625 0.05390625 0.19921875 0.103125
0 0.62890625 0.021875 0.103125 0.04296875
0 0.70703125 0.1109375 0.09140625 0.09609375
0 0.71875 0.1875 0.0578125 0.1203125
0 0.67578125 0.17890625 0.09140625 0.09609375
0 0.615625 0.18125 0.0765625 0.10078125
0 0.5828125 0.196875 0.08203125 0.0765625
0 0.5359375 0.021875 0.16328125 0.04296875
0 0.56484375 0.10546875 0.0671875 0.1203125
0 0.4953125 0.1046875 0.071875 0.125
0 0.44140625 0.078125 0.0890625 0.1515625
0 0.353125 0.0421875 0.1203125 0.0625
0 0.365625 0.11796875 0.134375 0.0890625