0 0.734375 0.75859375 0.08203125 0.0765625
0 0.71875 0.8296875 0.09140625 0.05078125
0 0.65859375 0.86796875 0.09140625 0.053125
0 0.6265625 0.821875 0.09140625 0.0578125
0 0.65 0.78125 0.0765625 0.06484375
0 0.7015625 0.69453125 0.09140625 0.0578125
0 0.65625 0.7234375 0.0671875 0.0359375
0 0.5515625 0.765625 0.08671875 0.0625
0 0.54921875 0.79453125 0.08203125 0.03359375
0 0.58203125 0.71640625 0.071875 0.0359375
0 0.46171875 0.8796875 0.3890625 0.2328125
0 0.41015625 0.68359375 0.28359375 0.22578125
0 0.59609375 0.59609375 0.21875 0.2015625
0 0.259375 0.5578125 0.25703125 0.303125
0 0.478125 0.5203125 0.33203125 0.21875
0 0.4015625 0.37890625 0.40859375 0.1390625
0 0.19921875 0.2234375 0.2234375 0.15625
0 0.15234375 0.109375 0.1203125 0.08671875
0 0.0578125 0.14921875 0.071875 0.115625
0 0.13828125 0.053125 0.2328125 0.10078125