0 0.57421875 0.7171875 0.31015625 0.43515625
0 0.78828125 0.6875 0.34375 0.29296875
0 0.80625 0.49140625 0.16796875 0.35078125
0 0.1734375 0.2296875 0.22578125 0.1734375
0 0.31640625 0.375 0.21171875 0.26171875
0 0.259375 0.58046875 0.22109375 0.446875
0 0.21015625 0.5484375 0.2328125 0.51171875
0 0.146875 0.55390625 0.259375 0.40390625
0 0.625 0.2296875 0.25 0.303125
0 0.56875 0.20546875 0.25703125 0.2546875
0 0.40625 0.23828125 0.09375 0.16796875
0 0.46875 0.30390625 0.09609375 0.08203125
0 0.51171875 0.4109375 0.103125 0.1203125
0 0.63359375 0.46171875 0.1875 0.14921875
0 0.28125 0.375 0.28828125 0.23828125