0 0.9794921875 0.5625 0.9443359375 0.556640625 0.923828125 0.6083984375 0.9052734375 0.62890625 0.8720703125 0.65234375 0.8203125 0.6669921875 0.81640625 0.7001953125 0.8251953125 0.71875 0.892578125 0.7314453125 0.9619140625 0.71484375 1 0.6923828125 0.9990234375 0.55078125 0.9794921875 0.5625
0 0.927734375 0.5048828125 0.91015625 0.4736328125 0.8681640625 0.443359375 0.8154296875 0.4296875 0.7470703125 0.44140625 0.7099609375 0.4609375 0.68359375 0.4951171875 0.662109375 0.5595703125 0.671875 0.6064453125 0.6923828125 0.6328125 0.7392578125 0.658203125 0.810546875 0.6630859375 0.8818359375 0.64453125 0.919921875 0.6103515625 0.935546875 0.5712890625 0.927734375 0.5048828125
0 0.6484375 0.4365234375 0.5791015625 0.41796875 0.5439453125 0.38671875 0.5341796875 0.390625 0.5224609375 0.37109375 0.4794921875 0.37109375 0.4345703125 0.388671875 0.400390625 0.4189453125 0.373046875 0.4658203125 0.373046875 0.5498046875 0.4287109375 0.59765625 0.4716796875 0.609375 0.55859375 0.6103515625 0.6181640625 0.5859375 0.654296875 0.5537109375 0.6640625 0.5029296875 0.6484375 0.4365234375
0 0.83203125 0.2802734375 0.7841796875 0.224609375 0.7373046875 0.20703125 0.6689453125 0.205078125 0.6337890625 0.21484375 0.552734375 0.2666015625 0.529296875 0.3115234375 0.52734375 0.3369140625 0.533203125 0.3681640625 0.5537109375 0.400390625 0.6123046875 0.427734375 0.73828125 0.4345703125 0.8037109375 0.40234375 0.822265625 0.3837890625 0.837890625 0.3447265625 0.83203125 0.2802734375
0 0.662109375 0.1298828125 0.67578125 0.0888671875 0.671875 0.0595703125 0.6220703125 0.005859375 0.4033203125 0.005859375 0.357421875 0.0439453125 0.330078125 0.0869140625 0.322265625 0.1376953125 0.33203125 0.1748046875 0.3837890625 0.22265625 0.4443359375 0.228515625 0.4736328125 0.251953125 0.5234375 0.2529296875 0.5810546875 0.240234375 0.640625 0.2001953125 0.671875 0.1494140625 0.662109375 0.1298828125
0 1 0.1357421875 0.9873046875 0.11328125 0.9384765625 0.08203125 0.8388671875 0.076171875 0.7841796875 0.103515625 0.76953125 0.1240234375 0.84765625 0.1748046875 0.86328125 0.2724609375 0.87890625 0.2763671875 0.9365234375 0.263671875 0.98828125 0.2255859375 1 0.2080078125 1 0.1357421875
0 0.5341796875 1 0.478515625 0.9501953125 0.46875 0.9150390625 0.47265625 0.8720703125 0.486328125 0.8427734375 0.5146484375 0.814453125 0.5732421875 0.78515625 0.6201171875 0.77734375 0.6533203125 0.78125 0.6923828125 0.806640625 0.732421875 0.8642578125 0.734375 0.9150390625 0.724609375 0.9423828125 0.6748046875 1 1 0.9990234375 0.9990234375 0.953125 0.8720703125 0.958984375 0.828125 0.9287109375 0.8125 0.8955078125 0.814453125 0.8427734375 0.8369140625 0.8046875 0.8779296875 0.78515625 0.9306640625 0.775390625 1 0.7861328125 0.9990234375 0.701171875 0.9208984375 0.734375 0.8505859375 0.732421875 0.81640625 0.7177734375 0.8115234375 0.669921875 0.7314453125 0.662109375 0.6865234375 0.6328125 0.662109375 0.6005859375 0.6513671875 0.5625 0.5771484375 0.615234375 0.5654296875 0.609375 0.4677734375 0.625 0.4580078125 0.603515625 0.4248046875 0.6015625 0.369140625 0.5537109375 0.36328125 0.4912109375 0.3828125 0.4404296875 0.40625 0.4072265625 0.4365234375 0.384765625 0.4736328125 0.369140625 0.52734375 0.3623046875 0.525390625 0.3134765625 0.5546875 0.2568359375 0.4658203125 0.265625 0.443359375 0.2529296875 0.4423828125 0.234375 0.3779296875 0.224609375 0.326171875 0.1767578125 0.3193359375 0.1328125 0.2939453125 0.125 0.2666015625 0.08984375 0.22265625 0.0830078125 0.2314453125 0.07421875 0.251953125 0.0771484375 0.240234375 0.0673828125 0.2529296875 0.046875 0.26171875 0.0498046875 0.25390625 0.0576171875 0.2646484375 0.068359375 0.296875 0.0478515625 0.2978515625 0.033203125 0.328125 0.0283203125 0.2998046875 0.01953125 0.2841796875 0.025390625 0.2822265625 0.017578125 0.3134765625 0.015625 0.3505859375 0.03125 0.3505859375 0.021484375 0.3623046875 0.029296875 0.3837890625 0.005859375 0.1826171875 0 0.00390625 0.0087890625 0.0048828125 1 0.5341796875 1
0 0.8623046875 0.00390625 0.86328125 0.0498046875 0.8740234375 0.060546875 0.8984375 0.0615234375 0.9228515625 0.04296875 0.9716796875 0.033203125 0.97265625 0.0048828125 0.8623046875 0.00390625
0 0.826171875 0.0322265625 0.8076171875 0.005859375 0.634765625 0.0048828125 0.6689453125 0.048828125 0.708984375 0.0615234375 0.7021484375 0.0703125 0.6904296875 0.064453125 0.6875 0.0751953125 0.712890625 0.0810546875 0.703125 0.0830078125 0.7099609375 0.103515625 0.76171875 0.1142578125 0.7978515625 0.0859375 0.8212890625 0.080078125 0.83203125 0.0634765625 0.826171875 0.0322265625
0 0.6806640625 0.1015625 0.671875 0.1337890625 0.69140625 0.1435546875 0.642578125 0.2060546875 0.6630859375 0.205078125 0.6689453125 0.1875 0.6728515625 0.201171875 0.7138671875 0.1953125 0.7294921875 0.16015625 0.7685546875 0.1640625 0.78515625 0.1806640625 0.80859375 0.2529296875 0.84375 0.2783203125 0.859375 0.2626953125 0.845703125 0.1767578125 0.7919921875 0.138671875 0.6806640625 0.1015625
0 0.966796875 0.5537109375 0.9765625 0.5556640625 1 0.5478515625 0.9990234375 0.46484375 0.95703125 0.4814453125 0.966796875 0.5537109375