0 0.42578125 0.7546875 0.39921875 0.26953125
0 0.56484375 0.78359375 0.1296875 0.071875
0 0.44921875 0.85234375 0.13671875 0.0625
0 0.31015625 0.8546875 0.1203125 0.06953125
0 0.3546875 0.8140625 0.10078125 0.06015625
0 0.44375 0.78515625 0.0890625 0.0578125
0 0.39921875 0.7453125 0.08203125 0.03828125
0 0.42578125 0.72734375 0.10078125 0.03828125
0 0.2765625 0.71171875 0.11328125 0.06953125
0 0.3953125 0.66328125 0.11328125 0.071875
0 0.2921875 0.83984375 0.22578125 0.18046875
0 0.2171875 0.5375 0.125 0.053125
0 0.1671875 0.4484375 0.09609375 0.0578125
0 0.2921875 0.475 0.14453125 0.0765625
0 0.3609375 0.5609375 0.14921875 0.06953125
0 0.44375 0.49140625 0.13671875 0.06953125
0 0.3328125 0.41953125 0.1203125 0.071875
0 0.25 0.4234375 0.071875 0.03359375
0 0.52421875 0.46015625 0.1203125 0.06015625
0 0.43125 0.43984375 0.0890625 0.0484375
0 0.44609375 0.38671875 0.10546875 0.0671875
0 0.5 0.3328125 0.10546875 0.0671875
0 0.6046875 0.32421875 0.11328125 0.05078125
0 0.61875 0.36640625 0.14453125 0.053125
0 0.56875 0.39296875 0.11328125 0.0484375
0 0.625 0.453125 0.15390625 0.08671875
0 0.6546875 0.5140625 0.09609375 0.0578125
0 0.69609375 0.4234375 0.1203125 0.06015625
0 0.7015625 0.38359375 0.08203125 0.0671875
0 0.76796875 0.4734375 0.1296875 0.06015625
0 0.82109375 0.46875 0.1296875 0.08203125
0 0.82421875 0.41015625 0.10078125 0.09375
0 0.87734375 0.44921875 0.0765625 0.06015625
0 0.3453125 0.24140625 0.58203125 0.21640625
0 0.5265625 0.446875 0.803125 0.3078125
0 0.8953125 0.1546875 0.196875 0.28828125
0 0.81875 0.009375 0.2234375 0.0140625
0 0.66328125 0.96640625 0.10078125 0.0484375
0 0.67890625 0.9125 0.10546875 0.05078125
0 0.625 0.90390625 0.06015625 0.040625
0 0.68125 0.85703125 0.10078125 0.06015625
0 0.75 0.828125 0.1203125 0.06484375
0 0.75234375 0.96171875 0.10078125 0.05078125
0 0.77421875 0.92578125 0.10546875 0.05078125
0 0.80078125 0.8953125 0.0765625 0.0578125
0 0.8453125 0.9796875 0.1203125 0.03359375
0 0.8546875 0.93984375 0.06484375 0.0671875
0 0.80390625 0.77890625 0.10546875 0.05078125
0 0.76171875 0.7984375 0.08203125 0.03828125
0 0.86328125 0.74296875 0.08203125 0.0671875
0 0.8609375 0.7875 0.10078125 0.053125
0 0.875 0.8453125 0.09609375 0.06484375
0 0.88125 0.88359375 0.08203125 0.03359375
0 0.93515625 0.9359375 0.1203125 0.07421875
0 0.94609375 0.865625 0.08203125 0.06484375
0 0.9578125 0.81640625 0.071875 0.03359375
0 0.9671875 0.7546875 0.053125 0.05078125
0 0.9671875 0.68984375 0.053125 0.053125
0 0.98203125 0.9859375 0.02421875 0.02421875
0 0.80078125 0.83046875 0.38671875 0.33203125