0 0.46484375 0.896875 0.28125 0.2015625
0 0.665625 0.05078125 0.27890625 0.09375
0 0.87265625 0.09375 0.24296875 0.18046875
0 0.67890625 0.9265625 0.2328125 0.1421875
0 0.834375 0.8421875 0.0359375 0.040625
0 0.884375 0.8640625 0.040625 0.02421875
0 0.94921875 0.8796875 0.040625 0.03359375
0 0.96171875 0.896875 0.06484375 0.01953125
0 0.9234375 0.9265625 0.0359375 0.040625
0 0.9671875 0.96484375 0.053125 0.03828125
0 0.3578125 0.4703125 0.2546875 0.2453125
0 0.5328125 0.36640625 0.3078125 0.15859375
0 0.5265625 0.546875 0.34375 0.2046875
0 0.546875 0.60546875 0.23046875 0.31484375
0 0.5765625 0.3109375 0.28828125 0.259375
0 0.725 0.30859375 0.2546875 0.178125
0 0.771875 0.46171875 0.21875 0.16796875
0 0.7671875 0.58984375 0.21875 0.23828125
3 0.0359375 0.25625 0.071875 0.1828125