0 0.05859375 0.60078125 0.1109375 0.78828125
0 0.10078125 0.396875 0.10546875 0.34609375
0 0.2046875 0.70078125 0.103125 0.58671875
0 0.2921875 0.71171875 0.11796875 0.56484375
0 0.37734375 0.6078125 0.15859375 0.771875
0 0.5203125 0.62734375 0.1921875 0.7328125
0 0.5 0.81015625 0.08203125 0.3703125
0 0.63671875 0.6703125 0.2359375 0.646875
0 0.64921875 0.646875 0.3078125 0.696875
0 0.71171875 0.5796875 0.3078125 0.83203125
0 0.859375 0.63203125 0.2765625 0.625
0 0.8578125 0.771875 0.0578125 0.1078125
0 0.83671875 0.41796875 0.321875 0.47109375
0 0.85 0.24140625 0.2953125 0.478125
0 0.94921875 0.23203125 0.09609375 0.1609375
0 0.91015625 0.08671875 0.17578125 0.16796875
0 0.725 0.02734375 0.196875 0.0546875
0 0.540625 0.09609375 0.3265625 0.1875
0 0.36875 0.1515625 0.3578125 0.2984375
0 0.15234375 0.22421875 0.3046875 0.4453125