0 0.04609375 0.8578125 0.08359375 0.07421875
0 0.05625 0.790625 0.103125 0.053125
0 0.1904296875 0.03515625 0.234375 0.0458984375 0.2744140625 0.02734375 0.28125 0.0029296875 0.173828125 0.0009765625 0.1904296875 0.03515625
0 0.8984375 0.1630859375 0.85546875 0.0947265625 0.8115234375 0.05078125 0.7705078125 0.025390625 0.7158203125 0.01171875 0.6123046875 0.0234375 0.5556640625 0.060546875 0.517578125 0.1044921875 0.5 0.1455078125 0.501953125 0.2197265625 0.529296875 0.2744140625 0.5654296875 0.291015625 0.6552734375 0.400390625 0.6787109375 0.412109375 0.734375 0.4130859375 0.8076171875 0.38671875 0.857421875 0.3388671875 0.896484375 0.2568359375 0.8984375 0.1630859375
0 0.908203125 0.5966796875 0.90625 0.5439453125 0.880859375 0.4853515625 0.8212890625 0.43359375 0.7626953125 0.41796875 0.6513671875 0.4140625 0.6005859375 0.44921875 0.568359375 0.4931640625 0.583984375 0.5947265625 0.5546875 0.6865234375 0.57421875 0.7431640625 0.6044921875 0.7734375 0.6513671875 0.796875 0.69921875 0.7978515625 0.7783203125 0.787109375 0.837890625 0.7509765625 0.89453125 0.6591796875 0.908203125 0.5966796875
0 0.923828125 0.6826171875 0.947265625 0.7783203125 0.9736328125 0.814453125 0.994140625 0.8212890625 0.998046875 0.6357421875 0.9853515625 0.62890625 0.9384765625 0.65234375 0.923828125 0.6826171875
0 0.9044471156249999 0.802283653125 0.899939903125 0.76923076875 0.87890625 0.7466947109375 0.857872596875 0.73016826875 0.7841796875 0.79296875 0.689453125 0.8056640625 0.69921875 0.8349609375 0.7236328125 0.86328125 0.7744140625 0.884765625 0.8125 0.8857421875 0.8388671875 0.880859375 0.888671875 0.8505859375 0.8857421875 0.802734375 0.9044471156249999 0.802283653125
0 0.916015625 0.8408203125 0.93359375 0.8681640625 0.92578125 0.8857421875 0.8994140625 0.873046875 0.8955078125 0.861328125 0.8642578125 0.865234375 0.83984375 0.8896484375 0.84375 0.9404296875 0.857421875 0.9677734375 0.8916015625 1 0.99609375 0.9990234375 0.99609375 0.8291015625 0.9638671875 0.8125 0.9169921875 0.818359375 0.916015625 0.8408203125
0 0.4609375 0.3564453125 0.4296875 0.2958984375 0.3837890625 0.259765625 0.3173828125 0.23828125 0.2509765625 0.2421875 0.1982421875 0.271484375 0.158203125 0.3212890625 0.13671875 0.3896484375 0.138671875 0.4580078125 0.1611328125 0.50390625 0.2568359375 0.53515625 0.33984375 0.5361328125 0.3955078125 0.51953125 0.451171875 0.4599609375 0.466796875 0.4267578125 0.4609375 0.3564453125
0 0.548828125 0.6884765625 0.4794921875 0.609375 0.4443359375 0.58984375 0.3837890625 0.57421875 0.3544921875 0.576171875 0.2861328125 0.611328125 0.27734375 0.5810546875 0.2568359375 0.576171875 0.2578125 0.6376953125 0.2412109375 0.642578125 0.21875 0.6748046875 0.20703125 0.7275390625 0.19140625 0.7451171875 0.212890625 0.8525390625 0.236328125 0.9013671875 0.2841796875 0.935546875 0.3310546875 0.94921875 0.400390625 0.9521484375 0.4931640625 0.919921875 0.548828125 0.8505859375 0.56640625 0.7841796875 0.548828125 0.6884765625
0 0.3291015625 0 0.283203125 0.0009765625 0.2939453125 0.015625 0.4541015625 0.091796875 0.515625 0.1005859375 0.5234375 0.0908203125 0.5166015625 0.080078125 0.4677734375 0.068359375 0.3291015625 0