0 0.2390625 0.65234375 0.47578125 0.6875
0 0.41015625 0.7015625 0.31484375 0.53828125
0 0.22265625 0.89765625 0.1390625 0.196875
0 0.140625 0.9421875 0.146875 0.1109375
0 0.05859375 0.97734375 0.05078125 0.03828125
0 0.43046875 0.88671875 0.09609375 0.21875
0 0.38203125 0.94609375 0.0671875 0.103125
0 0.5734375 0.6890625 0.1921875 0.615625
0 0.67421875 0.66015625 0.15859375 0.40390625
0 0.75859375 0.86328125 0.1109375 0.26953125
0 0.78359375 0.61328125 0.20703125 0.4375
0 0.9078125 0.571875 0.1734375 0.60078125
0 0.6828125 0.91953125 0.1390625 0.15390625
0 0.80625 0.8734375 0.0625 0.240625
0 0.0375 0.459375 0.07421875 0.678125
0 0.19375 0.459375 0.365625 0.228125
0 0.25234375 0.1859375 0.4859375 0.36796875
0 0.6390625 0.178125 0.5484375 0.35078125
0 0.740625 0.234375 0.5140625 0.4640625
0 0.75 0.2078125 0.1390625 0.4109375
0 0.91328125 0.22265625 0.16328125 0.4375