0 0.7234375 0.046875 0.375 0.08671875
0 0.63359375 0.16015625 0.18515625 0.15390625
0 0.3125 0.0265625 0.125 0.0484375
0 0.37265625 0.0609375 0.31484375 0.115625
0 0.5 0.1421875 0.08203125 0.06953125
0 0.1109375 0.03515625 0.22109375 0.0625
0 0.1390625 0.0203125 0.20703125 0.03359375
0 0.1296875 0.078125 0.2546875 0.06953125
0 0.15859375 0.078125 0.3125 0.06015625
0 0.1703125 0.1265625 0.33671875 0.05546875
0 0.1703125 0.1703125 0.33671875 0.0625
0 0.0421875 0.23671875 0.08203125 0.08671875
0 0.1359375 0.31015625 0.2671875 0.2359375
0 0.03359375 0.31875 0.0625 0.0796875
0 0.1578125 0.26171875 0.1734375 0.125
0 0.44921875 0.196875 0.20703125 0.16796875
0 0.32421875 0.228125 0.18515625 0.1109375
0 0.1078125 0.49140625 0.21171875 0.11796875
0 0.36328125 0.44453125 0.3703125 0.23046875
0 0.27421875 0.3265625 0.18984375 0.09375
0 0.46171875 0.3109375 0.196875 0.09609375
0 0.5265625 0.34375 0.1734375 0.09375
0 0.63671875 0.2796875 0.14453125 0.08671875
0 0.75234375 0.1203125 0.0890625 0.0671875
0 0.92578125 0.0203125 0.11328125 0.03359375
0 0.7078125 0.4125 0.2015625 0.09140625
0 0.6453125 0.365625 0.14921875 0.08203125
0 0.8265625 0.375 0.1296875 0.08203125
0 0.75859375 0.48203125 0.196875 0.09140625
0 0.89921875 0.45703125 0.18984375 0.10078125
0 0.94375 0.453125 0.10078125 0.08203125
0 0.9078125 0.40390625 0.0765625 0.10078125
0 0.94921875 0.375 0.04296875 0.06953125
0 0.9640625 0.38359375 0.06015625 0.053125
0 0.8609375 0.38359375 0.26953125 0.134375
0 0.93125 0.2875 0.11328125 0.08203125
0 0.9078125 0.28828125 0.10078125 0.0578125
0 0.8609375 0.28984375 0.26953125 0.15859375
0 0.94375 0.2125 0.10078125 0.0671875
0 0.9640625 0.18046875 0.06015625 0.0484375
0 0.8484375 0.225 0.196875 0.16328125
0 0.75 0.30625 0.071875 0.08203125
0 0.82421875 0.19453125 0.27890625 0.21171875
0 0.8484375 0.146875 0.29296875 0.16796875
0 0.8328125 0.1 0.2140625 0.15859375
0 0.96171875 0.04296875 0.04296875 0.03828125
0 0.92890625 0.52890625 0.1296875 0.09609375
0 0.9640625 0.553125 0.06015625 0.08671875
0 0.8265625 0.5765625 0.18984375 0.10078125
0 0.625 0.546875 0.2140625 0.08203125
0 0.50625 0.5421875 0.1203125 0.09609375
0 0.5953125 0.603125 0.18984375 0.08203125
0 0.4109375 0.6265625 0.18984375 0.10078125
0 0.3421875 0.63359375 0.13671875 0.146875
0 0.17578125 0.5875 0.2546875 0.1296875
0 0.24765625 0.6890625 0.10078125 0.0625
0 0.13203125 0.725 0.259375 0.3296875
0 0.02265625 0.51953125 0.040625 0.09609375
0 0.58046875 0.47109375 0.1734375 0.103125
0 0.76796875 0.6453125 0.18984375 0.08203125
0 0.77421875 0.728125 0.16796875 0.13671875
0 0.9578125 0.65 0.071875 0.10078125
0 0.89296875 0.6421875 0.08203125 0.08203125
0 0.9234375 0.7234375 0.14453125 0.08671875
0 0.9734375 0.81484375 0.04296875 0.0765625
0 0.94921875 0.9125 0.0890625 0.0765625
0 0.94609375 0.9734375 0.0984375 0.0484375
0 0.865625 0.97265625 0.0671875 0.05078125
0 0.31875 0.9265625 0.353125 0.1421875
0 0.50625 0.978125 0.13203125 0.03828125
0 0.55078125 0.9390625 0.125 0.04296875
0 0.5203125 0.8890625 0.125 0.0671875
0 0.646875 0.99140625 0.115625 0.01171875
0 0.07578125 0.946875 0.146875 0.10078125
0 0.15390625 0.80625 0.303125 0.18984375
0 0.1546875 0.775 0.26171875 0.16796875
0 0.31484375 0.71484375 0.10546875 0.05078125
0 0.56484375 0.821875 0.10546875 0.0578125
0 0.63671875 0.7703125 0.14453125 0.071875
0 0.5828125 0.7234375 0.1203125 0.0671875
0 0.6515625 0.66015625 0.10078125 0.0484375
0 0.67578125 0.71171875 0.04296875 0.0578125
0 0.5484375 0.6546875 0.1203125 0.0765625
0 0.45546875 0.7015625 0.11328125 0.0625
0 0.375 0.8375 0.09609375 0.09609375
0 0.4015625 0.771875 0.053125 0.04296875
0 0.43515625 0.74609375 0.0359375 0.01953125
0 0.48203125 0.74609375 0.06015625 0.03359375
0 0.5359375 0.7515625 0.0484375 0.03828125
0 0.5484375 0.76796875 0.0359375 0.02421875
0 0.5296875 0.78984375 0.06015625 0.03359375
0 0.46171875 0.7765625 0.06484375 0.03828125
0 0.44609375 0.8140625 0.06015625 0.0265625
0 0.49375 0.821875 0.0484375 0.03828125
0 0.44609375 0.83984375 0.0484375 0.0265625
0 0.14921875 0.88203125 0.10546875 0.1296875
0 0.32109375 0.9484375 0.178125 0.06484375
0 0.26171875 0.87890625 0.1203125 0.13671875
0 0.2828125 0.8265625 0.11328125 0.0796875
0 0.32109375 0.775 0.1296875 0.14453125
0 0.6046875 0.8484375 0.053125 0.02890625
0 0.62265625 0.8234375 0.053125 0.03359375
0 0.6578125 0.84375 0.04296875 0.0484375
0 0.6875 0.81015625 0.053125 0.0265625
0 0.7140625 0.83203125 0.06015625 0.03125
0 0.7171875 0.8609375 0.06484375 0.03359375
0 0.6109375 0.8796875 0.06484375 0.03359375
0 0.6578125 0.91015625 0.0765625 0.040625
0 0.69921875 0.93984375 0.053125 0.03828125
0 0.6609375 0.9484375 0.0484375 0.03828125
0 0.6578125 0.9578125 0.0765625 0.0578125
0 0.7078125 0.9734375 0.06015625 0.03359375
0 0.7078125 0.93359375 0.06015625 0.053125
0 0.74375 0.9828125 0.06484375 0.02890625
0 0.80078125 0.97734375 0.0765625 0.03828125
0 0.75859375 0.94140625 0.06484375 0.04296875
0 0.81015625 0.9265625 0.06015625 0.03828125
0 0.8484375 0.94375 0.04296875 0.03359375
0 0.86640625 0.9234375 0.053125 0.0265625
0 0.83671875 0.89296875 0.0765625 0.03359375
0 0.86640625 0.8796875 0.06484375 0.03359375
0 0.8125 0.8578125 0.053125 0.02890625
0 0.8421875 0.83515625 0.053125 0.0359375
0 0.8328125 0.8015625 0.06015625 0.03828125
0 0.88125 0.771875 0.071875 0.02890625
0 0.9046875 0.80078125 0.06015625 0.0265625
0 0.94375 0.7765625 0.06484375 0.03359375
0 0.9078125 0.82421875 0.053125 0.0171875
0 0.8953125 0.84609375 0.053125 0.0265625
0 0.92890625 0.8609375 0.06015625 0.03359375
0 0.76796875 0.81640625 0.08203125 0.0484375
0 0.7140625 0.8609375 0.06015625 0.03359375
0 0.7640625 0.89765625 0.06484375 0.02890625
0 0.77421875 0.865625 0.0484375 0.02890625
0 0.7171875 0.89296875 0.053125 0.03359375