0 0.87109375 0.2546875 0.15859375 0.35546875
0 0.9046875 0.06953125 0.12734375 0.12734375
0 0.79453125 0.15625 0.196875 0.30078125
0 0.60546875 0.19140625 0.2671875 0.3703125
0 0.53125 0.4015625 0.1296875 0.2546875
0 0.47734375 0.19453125 0.15859375 0.35078125
0 0.384375 0.0640625 0.13671875 0.115625
0 0.38359375 0.1234375 0.071875 0.1078125
0 0.35703125 0.11796875 0.08203125 0.196875
0 0.275 0.0578125 0.09609375 0.10078125
0 0.2078125 0.03125 0.03828125 0.05078125
0 0.1859375 0.12734375 0.09375 0.24296875
0 0.27265625 0.13359375 0.08671875 0.1390625
0 0.275 0.2703125 0.084375 0.196875
0 0.34609375 0.26796875 0.06484375 0.165625
0 0.39453125 0.353125 0.08203125 0.15859375
0 0.38359375 0.540625 0.09140625 0.165625
0 0.47265625 0.65234375 0.0625 0.196875
0 0.3234375 0.41328125 0.07421875 0.15390625
0 0.271875 0.3765625 0.0484375 0.0625
0 0.25390625 0.490625 0.09609375 0.1921875
0 0.203125 0.35 0.09140625 0.178125
0 0.13828125 0.21640625 0.103125 0.21640625
0 0.08046875 0.08671875 0.11796875 0.15859375
0 0.06015625 0.37265625 0.1078125 0.196875
0 0.04921875 0.15625 0.08671875 0.25
0 0.0171875 0.0953125 0.02890625 0.18046875
0 0.00703125 0.25859375 0.009375 0.13671875
0 0.04296875 0.540625 0.08203125 0.20703125
0 0.14296875 0.55078125 0.09375 0.1703125
0 0.21875 0.671875 0.0796875 0.196875
0 0.23828125 0.828125 0.10078125 0.178125
0 0.14453125 0.7640625 0.09140625 0.178125
0 0.078125 0.6875 0.08671875 0.178125
0 0.12265625 0.61796875 0.053125 0.10078125
0 0.025 0.68671875 0.05 0.0890625
0 0.0359375 0.8109375 0.0671875 0.18984375
0 0.1 0.88203125 0.08203125 0.21171875
0 0.14453125 0.928125 0.09140625 0.1390625
0 0.22578125 0.96015625 0.08671875 0.07421875
0 0.19375 0.8921875 0.03359375 0.05078125
0 0.0421875 0.96484375 0.0796875 0.06484375
0 0.0296875 0.9203125 0.0578125 0.04296875
0 0.6875 0.36640625 0.134375 0.5046875