0 0.56640625 0.646875 0.071875 0.14453125
0 0.6421875 0.6875 0.09375 0.10546875
0 0.5875 0.5828125 0.08671875 0.09375
0 0.56640625 0.51953125 0.14921875 0.10078125
0 0.6578125 0.56875 0.0671875 0.10078125
0 0.66796875 0.50859375 0.0625 0.0671875
0 0.68515625 0.3171875 0.05078125 0.115625
0 0.71640625 0.40390625 0.04296875 0.05546875
0 0.77421875 0.3640625 0.0578125 0.05546875
0 0.73046875 0.30390625 0.05078125 0.1203125
0 0.75234375 0.265625 0.0578125 0.0890625
0 0.8078125 0.2765625 0.053125 0.1109375
0 0.77421875 0.31484375 0.05078125 0.021875
0 0.75234375 0.21484375 0.071875 0.0765625
0 0.6671875 0.21015625 0.05078125 0.1109375
0 0.625 0.3125 0.053125 0.08203125
0 0.5984375 0.19375 0.0796875 0.165625
0 0.52890625 0.234375 0.1109375 0.1828125
0 0.43046875 0.23203125 0.115625 0.178125
0 0.38203125 0.1546875 0.01953125 0.05546875
0 0.36171875 0.1578125 0.02890625 0.1390625
0 0.3609375 0.2875 0.02421875 0.1109375
0 0.321875 0.19140625 0.04296875 0.1703125
0 0.28515625 0.10234375 0.0484375 0.1390625
0 0.25859375 0.1046875 0.0796875 0.178125
0 0.31484375 0.28984375 0.0578125 0.115625
0 0.3140625 0.3171875 0.02421875 0.08203125
0 0.28125 0.30390625 0.0484375 0.14453125
0 0.2234375 0.32109375 0.15390625 0.15390625
0 0.2328125 0.25703125 0.09375 0.115625
0 0.16328125 0.19140625 0.03828125 0.071875
0 0.1890625 0.17890625 0.0484375 0.0625
0 0.2125 0.1546875 0.0765625 0.0890625
0 0.1421875 0.234375 0.0625 0.071875
0 0.146875 0.28125 0.10078125 0.10078125
0 0.1578125 0.3234375 0.09375 0.071875
0 0.11640625 0.35078125 0.0671875 0.0625
0 0.7546875 0.79296875 0.125 0.14921875
0 0.69375 0.80859375 0.03359375 0.10546875
0 0.56953125 0.9 0.05078125 0.1109375
0 0.56484375 0.8296875 0.053125 0.05546875
0 0.5375 0.80859375 0.04296875 0.03828125
0 0.61328125 0.8890625 0.0796875 0.196875
0 0.60703125 0.83984375 0.03359375 0.10078125
0 0.64296875 0.90859375 0.03828125 0.1390625
0 0.65625 0.8171875 0.02890625 0.0765625
0 0.68125 0.8171875 0.021875 0.10078125
0 0.7234375 0.88125 0.0359375 0.14921875
0 0.7453125 0.8765625 0.08671875 0.2046875
0 0.7453125 0.79296875 0.10546875 0.12734375
0 0.7984375 0.88359375 0.053125 0.10078125
0 0.82109375 0.87265625 0.06484375 0.10078125
0 0.83671875 0.7875 0.0671875 0.0625
0 0.83984375 0.759375 0.11796875 0.071875
0 0.8765625 0.74609375 0.09140625 0.0671875
0 0.853125 0.71015625 0.08671875 0.071875
0 0.90859375 0.69609375 0.0765625 0.05546875
0 0.88359375 0.6546875 0.13203125 0.0625
0 0.2515625 0.759375 0.04296875 0.0625
0 0.44609375 0.82109375 0.0671875 0.10546875
0 0.39765625 0.7765625 0.04296875 0.0625
0 0.36875 0.75703125 0.02890625 0.05546875
0 0.19375 0.478125 0.14921875 0.1921875
0 0.20546875 0.6546875 0.0484375 0.071875
0 0.2234375 0.70703125 0.02421875 0.03359375
0 0.25234375 0.6875 0.0484375 0.08203125
0 0.290625 0.74609375 0.0578125 0.0671875
0 0.32578125 0.71484375 0.02890625 0.0484375
0 0.2921875 0.69375 0.0484375 0.0625
0 0.303125 0.6515625 0.02421875 0.04296875
0 0.453125 0.67421875 0.0484375 0.04296875
0 0.4859375 0.66796875 0.03828125 0.05546875
0 0.4671875 0.6359375 0.0484375 0.05546875
0 0.4890625 0.5640625 0.03828125 0.13203125
0 0.4703125 0.540625 0.02890625 0.05546875
0 0.4515625 0.51953125 0.08671875 0.0890625
0 0.5109375 0.4171875 0.09140625 0.10546875
0 0.4515625 0.40625 0.0796875 0.12734375
0 0.4390625 0.41484375 0.0625 0.0765625
0 0.3890625 0.4234375 0.03359375 0.08203125
0 0.353125 0.54453125 0.03359375 0.15859375
0 0.32578125 0.5171875 0.02890625 0.09375
0 0.396875 0.5890625 0.0484375 0.09375
0 0.40234375 0.62734375 0.0671875 0.09375
0 0.396875 0.646875 0.03828125 0.05546875
0 0.39765625 0.66015625 0.0796875 0.09375
0 0.396875 0.553125 0.0625 0.1875
0 0.8765625 0.5890625 0.1109375 0.08203125
0 0.89765625 0.51328125 0.0765625 0.0890625
0 0.81875 0.4890625 0.09140625 0.12734375
0 0.87109375 0.45546875 0.134375 0.1390625