0 0.0328125 0.953125 0.0578125 0.08203125
0 0.1109375 0.9265625 0.06953125 0.09140625
0 0.16015625 0.9640625 0.0578125 0.06015625
0 0.22265625 0.95703125 0.0578125 0.0765625
0 0.24140625 0.828125 0.0671875 0.103125
0 0.3546875 0.88828125 0.1203125 0.18046875
0 0.46875 0.8171875 0.11796875 0.18046875
0 0.42890625 0.9703125 0.04296875 0.0484375
0 0.88203125 0.178125 0.23046875 0.35078125
0 0.7765625 0.3609375 0.12734375 0.1875
0 0.86171875 0.6828125 0.1109375 0.15390625
0 0.80546875 0.7921875 0.1203125 0.20703125
0 0.73046875 0.9078125 0.14453125 0.1734375
0 0.6390625 0.959375 0.06484375 0.071875
0 0.5734375 0.9703125 0.0671875 0.0484375
0 0.95078125 0.88828125 0.09375 0.2234375
0 0.9734375 0.9390625 0.0484375 0.11796875
0 0.928125 0.8078125 0.1390625 0.3796875
0 0.83046875 0.91015625 0.0671875 0.16796875
0 0.86171875 0.4578125 0.271875 0.30546875
0 0.72734375 0.4703125 0.1734375 0.3296875
0 0.71875 0.49140625 0.1921875 0.3078125
0 0.69453125 0.49140625 0.21171875 0.3078125
0 0.69453125 0.50625 0.24765625 0.27890625
0 0.6921875 0.540625 0.2453125 0.23046875
0 0.50625 0.9640625 0.02890625 0.03828125
0 0.51328125 0.9203125 0.04296875 0.071875
0 0.490625 0.9125 0.0140625 0.03359375
0 0.5359375 0.9375 0.02421875 0.06015625
0 0.56484375 0.91796875 0.03359375 0.0671875
0 0.553125 0.85 0.0359375 0.071875
0 0.5421875 0.80859375 0.0140625 0.04296875
0 0.55625 0.7953125 0.021875 0.03828125
0 0.57109375 0.76171875 0.02890625 0.06015625
0 0.584375 0.71875 0.02421875 0.0484375
0 0.609375 0.68046875 0.03828125 0.03828125
0 0.63828125 0.66328125 0.02421875 0.03828125
0 0.6734375 0.678125 0.0359375 0.053125
0 0.64765625 0.7015625 0.0359375 0.0484375
0 0.6390625 0.7484375 0.04296875 0.053125
0 0.61328125 0.72109375 0.03359375 0.053125
0 0.5984375 0.75703125 0.03359375 0.06015625
0 0.58046875 0.80859375 0.03828125 0.04296875
0 0.6140625 0.803125 0.0359375 0.0671875
0 0.5875 0.85546875 0.03828125 0.06015625
0 0.6 0.915625 0.0359375 0.071875
0 0.6421875 0.88828125 0.03359375 0.0484375
0 0.62109375 0.85546875 0.02890625 0.0484375
0 0.6625 0.86875 0.02890625 0.04296875
0 0.6515625 0.821875 0.0359375 0.071875
0 0.69140625 0.83671875 0.04296875 0.0765625
0 0.665625 0.759375 0.04296875 0.0671875
0 0.69921875 0.76796875 0.02421875 0.06015625
0 0.6921875 0.72109375 0.0484375 0.053125
0 0.6921875 0.65625 0.053125 0.08671875
0 0.734375 0.69921875 0.04296875 0.053125
0 0.73046875 0.77265625 0.04296875 0.09140625
0 0.73828125 0.64765625 0.05078125 0.06015625
0 0.71484375 0.5796875 0.03828125 0.0671875
0 0.68515625 0.5625 0.03828125 0.0671875
0 0.64921875 0.609375 0.03359375 0.0484375
0 0.6234375 0.609375 0.02421875 0.02890625
0 0.60546875 0.64453125 0.03359375 0.053125
0 0.56875 0.64453125 0.03828125 0.0671875
0 0.5671875 0.59609375 0.0359375 0.04296875
0 0.55390625 0.5625 0.03359375 0.04296875
0 0.578125 0.53828125 0.02890625 0.0484375
0 0.5984375 0.57109375 0.0484375 0.06015625
0 0.61640625 0.521875 0.03828125 0.03828125
0 0.64921875 0.5328125 0.03828125 0.06015625