0 0.20703125 0.36875 0.16796875 0.1921875
0 0.3015625 0.5 0.1109375 0.125
0 0.31484375 0.28984375 0.0984375 0.16328125
0 0.234375 0.21015625 0.12734375 0.125
0 0.509375 0.30078125 0.1296875 0.27421875
0 0.49296875 0.30078125 0.09140625 0.27421875
0 0.43125 0.30625 0.1921875 0.2953125
0 0.41796875 0.2078125 0.06484375 0.0984375
0 0.38671875 0.28359375 0.16328125 0.26171875
0 0.62734375 0.61796875 0.33671875 0.40390625
0 0.65859375 0.4078125 0.16796875 0.2234375
0 0.64921875 0.2484375 0.16328125 0.09140625
0 0.8578125 0.58515625 0.27890625 0.4640625
0 0.16015625 0.5296875 0.08671875 0.15390625
0 0.21015625 0.61171875 0.08203125 0.15390625
0 0.021875 0.5984375 0.0359375 0.125
0 0.06015625 0.60703125 0.053125 0.08671875
0 0.17421875 0.90859375 0.34375 0.178125
0 0.05078125 0.89921875 0.09609375 0.14921875
0 0.0921875 0.94921875 0.12265625 0.09609375
0 0.1703125 0.98203125 0.08671875 0.03125
0 0.24140625 0.9625 0.084375 0.06953125
0 0.3078125 0.92890625 0.0765625 0.1296875
0 0.0765625 0.72734375 0.09609375 0.1421875
0 0.11796875 0.6203125 0.053125 0.09140625
0 0.06484375 0.52421875 0.0578125 0.0984375
0 0.02890625 0.49765625 0.02890625 0.0765625