0 0.42890625 0.69453125 0.071875 0.05078125
0 0.44609375 0.734375 0.08203125 0.04296875
0 0.396875 0.759375 0.071875 0.05078125
0 0.3796875 0.71484375 0.06015625 0.053125
0 0.4828125 0.6875 0.03828125 0.04296875
0 0.46171875 0.62734375 0.09140625 0.0625
0 0.39296875 0.6546875 0.0671875 0.06484375
0 0.4015625 0.61328125 0.0484375 0.03359375
0 0.5328125 0.60703125 0.09140625 0.115625
0 0.415625 0.55625 0.1109375 0.071875
0 0.39296875 0.49765625 0.1296875 0.09609375
0 0.43984375 0.4265625 0.14921875 0.10546875
0 0.35 0.42890625 0.0671875 0.04296875
0 0.39921875 0.30546875 0.1875 0.21875
0 0.2234375 0.14921875 0.28359375 0.06484375
0 0.546875 0.43515625 0.0671875 0.0625
0 0.5 0.3609375 0.08203125 0.09609375
0 0.59609375 0.58515625 0.16328125 0.24765625
0 0.5515625 0.7796875 0.1203125 0.3171875
0 0.4671875 0.79296875 0.15859375 0.09609375
0 0.3328125 0.60703125 0.0765625 0.15390625
0 0.63671875 0.49296875 0.2015625 0.28828125
0 0.5359375 0.1890625 0.0765625 0.3265625
0 0.49375 0.1390625 0.0484375 0.16328125
0 0.4890625 0.25859375 0.071875 0.28359375
0 0.43359375 0.16953125 0.03828125 0.084375
0 0.696875 0.2328125 0.25703125 0.3484375