0 0.34140625 0.6546875 0.33671875 0.4859375
0 0.64453125 0.59765625 0.32421875 0.4953125
0 0.540625 0.296875 0.115625 0.23046875
0 0.4625 0.203125 0.20703125 0.32421875
0 0.7640625 0.2140625 0.09140625 0.18046875
0 0.65859375 0.234375 0.14453125 0.2015625
0 0.81640625 0.3453125 0.14921875 0.125
0 0.9484375 0.6234375 0.0984375 0.271875
0 0.8609375 0.62109375 0.08671875 0.1078125
0 0.8609375 0.58515625 0.125 0.1921875
0 0.0921875 0.71875 0.178125 0.2640625
0 0.08515625 0.58984375 0.16328125 0.1203125