0 0.17421875 0.61328125 0.0625 0.0578125
0 0.94921875 0.2177734375 0.9453125 0.1728515625 0.9033203125 0.12109375 0.7998046875 0.08984375 0.7529296875 0.087890625 0.6611328125 0.115234375 0.595703125 0.1630859375 0.625 0.2119140625 0.630859375 0.2509765625 0.607421875 0.3037109375 0.5703125 0.3447265625 0.615234375 0.3876953125 0.625 0.4111328125 0.62109375 0.4541015625 0.6328125 0.4580078125 0.7822265625 0.404296875 0.896484375 0.3193359375 0.939453125 0.2529296875 0.94921875 0.2177734375
0 0.61328125 0.1943359375 0.5849609375 0.16796875 0.5361328125 0.150390625 0.4482421875 0.150390625 0.3974609375 0.166015625 0.341796875 0.2412109375 0.32421875 0.2841796875 0.328125 0.3037109375 0.3564453125 0.32421875 0.4482421875 0.328125 0.533203125 0.3447265625 0.5595703125 0.33984375 0.60546875 0.3017578125 0.626953125 0.2412109375 0.61328125 0.1943359375
0 0.611328125 0.3876953125 0.5595703125 0.345703125 0.5322265625 0.349609375 0.4482421875 0.330078125 0.3701171875 0.330078125 0.3154296875 0.349609375 0.296875 0.3740234375 0.287109375 0.4091796875 0.2890625 0.4931640625 0.30078125 0.5166015625 0.3447265625 0.54296875 0.458984375 0.5517578125 0.5439453125 0.52734375 0.59765625 0.4892578125 0.62109375 0.4404296875 0.611328125 0.3876953125
0 0.6513671875 0.4609375 0.6201171875 0.462890625 0.5869140625 0.50390625 0.515625 0.5439453125 0.51953125 0.5595703125 0.5732421875 0.6015625 0.6357421875 0.6171875 0.708984375 0.6181640625 0.7578125 0.5830078125 0.7734375 0.5419921875 0.7587890625 0.51953125 0.6513671875 0.4609375
0 0.6220703125 0.66796875 0.6015625 0.6923828125 0.625 0.7197265625 0.626953125 0.7470703125 0.689453125 0.7548828125 0.712890625 0.7353515625 0.708984375 0.6728515625 0.6630859375 0.6640625 0.6220703125 0.66796875
0 0.5712890625 0.681640625 0.5546875 0.6943359375 0.537109375 0.7294921875 0.50390625 0.7529296875 0.5498046875 0.79296875 0.580078125 0.7919921875 0.619140625 0.7646484375 0.625 0.7314453125 0.6064453125 0.69921875 0.5712890625 0.681640625
0 0.5791015625 0.806640625 0.5478515625 0.8125 0.544921875 0.8427734375 0.5185546875 0.865234375 0.4697265625 0.875 0.455078125 0.8876953125 0.45703125 0.9013671875 0.4716796875 0.912109375 0.5625 0.9208984375 0.6083984375 0.904296875 0.62890625 0.8740234375 0.62109375 0.8349609375 0.5791015625 0.806640625
0 0.4970703125 0.755859375 0.4208984375 0.755859375 0.392578125 0.7822265625 0.390625 0.8291015625 0.400390625 0.8564453125 0.4287109375 0.875 0.45703125 0.8779296875 0.5107421875 0.865234375 0.544921875 0.8212890625 0.54296875 0.7939453125 0.4970703125 0.755859375
0 0.4619140625 0.56640625 0.453125 0.5927734375 0.466796875 0.6416015625 0.4375 0.6826171875 0.4619140625 0.6953125 0.515625 0.6943359375 0.564453125 0.6689453125 0.56640625 0.6025390625 0.5244140625 0.5703125 0.4619140625 0.56640625
0 0.44140625 0.5556640625 0.3369140625 0.548828125 0.3037109375 0.55859375 0.294921875 0.5888671875 0.3359375 0.6689453125 0.3583984375 0.685546875 0.40234375 0.6865234375 0.4345703125 0.677734375 0.466796875 0.6455078125 0.466796875 0.6220703125 0.44140625 0.5556640625
0 0.31640625 0.8173828125 0.3369140625 0.84375 0.388671875 0.8525390625 0.3876953125 0.7734375 0.3525390625 0.76953125 0.3125 0.7841796875 0.31640625 0.8173828125
0 0.3662109375 0.857421875 0.34765625 0.8701171875 0.33203125 0.9287109375 0.3486328125 0.958984375 0.376953125 0.9599609375 0.4140625 0.9384765625 0.419921875 0.9091796875 0.4052734375 0.865234375 0.3662109375 0.857421875
0 0.2216796875 0.873046875 0.1865234375 0.8828125 0.154296875 0.9111328125 0.142578125 0.9833984375 0.1552734375 1 0.287109375 0.9990234375 0.33203125 0.9384765625 0.2998046875 0.88671875 0.2607421875 0.873046875 0.2216796875 0.873046875
0 0.30078125 0.7763671875 0.2548828125 0.7421875 0.1826171875 0.74609375 0.173828125 0.7548828125 0.166015625 0.8095703125 0.154296875 0.8232421875 0.158203125 0.8408203125 0.1884765625 0.86328125 0.25 0.8642578125 0.2861328125 0.8515625 0.302734375 0.8349609375 0.310546875 0.7958984375 0.30078125 0.7763671875
0 0.12890625 0.7197265625 0.130859375 0.7919921875 0.142578125 0.7998046875 0.166015625 0.7900390625 0.17578125 0.7431640625 0.1689453125 0.693359375 0.12890625 0.7197265625
0 0.1064453125 0.8203125 0.09765625 0.8369140625 0.1015625 0.9287109375 0.1123046875 0.94140625 0.126953125 0.9404296875 0.140625 0.9306640625 0.16796875 0.8623046875 0.1455078125 0.8125 0.1064453125 0.8203125
0 0.1572265625 0.697265625 0.173828125 0.6591796875 0.1640625 0.6181640625 0.1279296875 0.595703125 0.0400390625 0.576171875 0.0068359375 0.578125 0.00390625 0.7177734375 0.0146484375 0.728515625 0.03125 0.7275390625 0.0771484375 0.693359375 0.0986328125 0.697265625 0.1123046875 0.71875 0.1572265625 0.697265625
0 0.001953125 0.4541015625 0.00390625 0.5615234375 0.1328125 0.5927734375 0.203125 0.4443359375 0.1162109375 0.40625 0.0107421875 0.44140625 0.001953125 0.4541015625
0 0.1923828125 0.2265625 0.1162109375 0.21875 0.0625 0.2451171875 0.1552734375 0.283203125 0.2197265625 0.341796875 0.23046875 0.3408203125 0.248046875 0.3271484375 0.244140625 0.2841796875 0.23046875 0.2587890625 0.1923828125 0.2265625
0 0.0263671875 0.25390625 0.009765625 0.2666015625 0.005859375 0.3408203125 0.0166015625 0.34765625 0.0927734375 0.376953125 0.1689453125 0.37890625 0.2001953125 0.369140625 0.22265625 0.3779296875 0.2109375 0.3349609375 0.1630859375 0.2890625 0.0673828125 0.251953125 0.0263671875 0.25390625
0 0.310546875 0.1396484375 0.2705078125 0.103515625 0.1884765625 0.087890625 0.171875 0.1083984375 0.201171875 0.1162109375 0.201171875 0.1455078125 0.1845703125 0.173828125 0.1376953125 0.197265625 0.1328125 0.2099609375 0.1943359375 0.224609375 0.25390625 0.2236328125 0.2783203125 0.216796875 0.302734375 0.1884765625 0.31640625 0.1591796875 0.310546875 0.1396484375