0 0.7021484375 0.69140625 0.7255859375 0.689453125 0.7421875 0.6630859375 0.748046875 0.5751953125 0.734375 0.5634765625 0.732421875 0.5283203125 0.697265625 0.5166015625 0.701171875 0.4833984375 0.6865234375 0.45703125 0.6650390625 0.455078125 0.638671875 0.4716796875 0.6171875 0.5341796875 0.59375 0.5498046875 0.591796875 0.5810546875 0.564453125 0.6103515625 0.5546875 0.6708984375 0.55859375 0.7587890625 0.5693359375 0.779296875 0.591796875 0.7841796875 0.6259765625 0.77734375 0.6591796875 0.71875 0.6865234375 0.716796875 0.7021484375 0.69140625
0 0.365234375 0.5166015625 0.390625 0.4658203125 0.390625 0.0126953125 0.3837890625 0.00390625 0.1982421875 0.00390625 0.1865234375 0.015625 0.1455078125 0.0234375 0.095703125 0.0712890625 0.09375 0.0966796875 0.068359375 0.1201171875 0.052734375 0.1708984375 0.013671875 0.2177734375 0.015625 0.2294921875 0.03515625 0.2431640625 0.0546875 0.3427734375 0.0771484375 0.376953125 0.08203125 0.3662109375 0.09765625 0.4501953125 0.126953125 0.4580078125 0.111328125 0.4716796875 0.1025390625 0.498046875 0.0517578125 0.5078125 0.033203125 0.5205078125 0.021484375 0.6767578125 0.0380859375 0.701171875 0.0634765625 0.701171875 0.07421875 0.7216796875 0.078125 0.7568359375 0.05859375 0.7998046875 0.0703125 0.8447265625 0.064453125 0.8740234375 0.1015625 0.9208984375 0.1015625 0.9501953125 0.1142578125 0.98046875 0.154296875 0.9814453125 0.173828125 0.9384765625 0.1875 0.9365234375 0.189453125 0.9072265625 0.203125 0.9052734375 0.203125 0.8779296875 0.21875 0.8720703125 0.220703125 0.8427734375 0.234375 0.8427734375 0.236328125 0.8154296875 0.2666015625 0.8046875 0.2890625 0.8564453125 0.27734375 0.8525390625 0.28515625 0.9052734375 0.328125 0.9990234375 0.408203125 0.9990234375 0.390625 0.8740234375 0.384765625 0.6962890625 0.357421875 0.6318359375 0.365234375 0.5166015625
0 0.1796875 0.2236328125 0.181640625 0.1787109375 0.1650390625 0.146484375 0.1376953125 0.171875 0.09765625 0.1728515625 0.107421875 0.1923828125 0.087890625 0.2548828125 0.0859375 0.3955078125 0.1015625 0.4560546875 0.12109375 0.4580078125 0.166015625 0.3955078125 0.201171875 0.2958984375 0.203125 0.2626953125 0.1796875 0.2236328125
0 0.09014423125 0.513822115625 0.06460336562499999 0.506310096875 0.05408653906250001 0.501802884375 0.0435697109375 0.48978365312500005 0.0243389421875 0.5335787265625 0.0184795671875 0.6663912265625 0.0301983171875 0.6937349765625 0.047776442187500004 0.6995943515625 0.0985576921875 0.6488131015625 0.11868990312500001 0.59344951875 0.12169471093749999 0.548377403125 0.09014423125 0.513822115625
0 0.1875 0.7314453125 0.1767578125 0.6953125 0.1298828125 0.681640625 0.10546875 0.7060546875 0.07421875 0.7626953125 0.05859375 0.8154296875 0.068359375 0.8388671875 0.1044921875 0.873046875 0.1455078125 0.892578125 0.166015625 0.8916015625 0.17578125 0.8720703125 0.171875 0.8447265625 0.18359375 0.8115234375 0.1875 0.7314453125
0 0.2314453125 0.443359375 0.220703125 0.4521484375 0.197265625 0.5302734375 0.19140625 0.6064453125 0.2041015625 0.6328125 0.236328125 0.6337890625 0.265625 0.6201171875 0.28125 0.5791015625 0.26953125 0.4677734375 0.2314453125 0.443359375
0 0.3955078125 0.48046875 0.37109375 0.5126953125 0.359375 0.6279296875 0.373046875 0.6708984375 0.3955078125 0.689453125 0.41796875 0.6904296875 0.455078125 0.6591796875 0.462890625 0.5810546875 0.435546875 0.5146484375 0.3955078125 0.48046875
0 0.59375 0.3544921875 0.5791015625 0.34375 0.5498046875 0.341796875 0.505859375 0.3916015625 0.49609375 0.4580078125 0.517578125 0.5087890625 0.5498046875 0.54296875 0.572265625 0.5478515625 0.5927734375 0.54296875 0.60546875 0.5263671875 0.61328125 0.4248046875 0.59375 0.3544921875
0 0.618990384375 0.5318509609375 0.5964543265625 0.53485576875 0.567908653125 0.6159855765625 0.56640625 0.6298828125 0.552734375 0.6787109375 0.556640625 0.7607421875 0.5673828125 0.78125 0.595703125 0.7861328125 0.62890625 0.7744140625 0.642578125 0.7373046875 0.62109375 0.6064453125 0.618990384375 0.5318509609375
0 0.666015625 0.5361328125 0.693359375 0.5185546875 0.69921875 0.4755859375 0.6923828125 0.4609375 0.6650390625 0.45703125 0.6455078125 0.46484375 0.626953125 0.4912109375 0.615234375 0.5673828125 0.6240234375 0.60546875 0.6513671875 0.595703125 0.67578125 0.6142578125 0.685546875 0.6064453125 0.69140625 0.5712890625 0.666015625 0.5478515625 0.666015625 0.5361328125
0 0.5859375 0.2626953125 0.5859375 0.1572265625 0.55859375 0.0419921875 0.5400390625 0.0234375 0.513671875 0.0537109375 0.484375 0.2041015625 0.486328125 0.2568359375 0.521484375 0.3564453125 0.5478515625 0.33984375 0.587890625 0.3330078125 0.595703125 0.2802734375 0.5859375 0.2626953125
0 0.3291015625 0.3984375 0.3115234375 0.3984375 0.291015625 0.4091796875 0.283203125 0.4306640625 0.279296875 0.4970703125 0.298828125 0.6103515625 0.306640625 0.6279296875 0.322265625 0.6337890625 0.33984375 0.5966796875 0.36328125 0.4541015625 0.3515625 0.4150390625 0.3291015625 0.3984375
0 0.7177734375 0.6953125 0.7041015625 0.697265625 0.6865234375 0.71875 0.6552734375 0.72265625 0.634765625 0.7705078125 0.666015625 0.8525390625 0.6826171875 0.875 0.693359375 0.8759765625 0.71484375 0.8388671875 0.728515625 0.7626953125 0.728515625 0.7158203125 0.7177734375 0.6953125
0 0.8935546875 0.744140625 0.875 0.7646484375 0.849609375 0.8486328125 0.849609375 0.9228515625 0.888671875 0.9189453125 0.8974609375 0.87109375 0.9169921875 0.8984375 0.9580078125 0.90625 0.966796875 0.9287109375 0.974609375 0.9287109375 0.98046875 0.8271484375 0.97265625 0.7939453125 0.9267578125 0.783203125 0.8935546875 0.744140625
0 0.271484375 0.0615234375 0.28515625 0.0048828125 0.2021484375 0.00390625 0.19140625 0.0107421875 0.203125 0.0654296875 0.1875 0.0986328125 0.1875 0.1533203125 0.224609375 0.2607421875 0.244140625 0.2626953125 0.265625 0.2392578125 0.291015625 0.1474609375 0.2890625 0.0927734375 0.271484375 0.0615234375
0 0.3515625 0.37860576875 0.33203125 0.3620793265625 0.3125 0.350060096875 0.29296875 0.3605769234375 0.28545673125 0.384615384375 0.310997596875 0.396634615625 0.350060096875 0.41165865312500005 0.36358173125 0.4011418265625 0.3515625 0.37860576875
0 0.271935096875 0.46875 0.2734375 0.44771634687499995 0.2644230765625 0.41316105781249995 0.24338942343749997 0.416165865625 0.2388822109375 0.42217548125000004 0.24038461562500002 0.4387019234375 0.271935096875 0.46875
0 0.7587890625 0.728515625 0.748046875 0.7451171875 0.748046875 0.8056640625 0.7626953125 0.828125 0.771484375 0.8271484375 0.8115234375 0.8203125 0.818359375 0.8076171875 0.7939453125 0.71875 0.7587890625 0.728515625
0 0.8408203125 0.617638221875 0.782752403125 0.6595552890625 0.794921875 0.702599159375 0.8203125 0.802208534375 0.8330078125 0.822716346875 0.845703125 0.823692909375 0.873046875 0.765099159375 0.87890625 0.700646034375 0.87109375 0.632286659375 0.8408203125 0.617638221875
0 0.7857572109375 0.665564903125 0.779296875 0.6455078125 0.7724609375 0.587890625 0.759765625 0.5966796875 0.748046875 0.6572265625 0.74609375 0.8037109375 0.765625 0.8291015625 0.818359375 0.8173828125 0.796875 0.7197265625 0.78876201875 0.6790865390625 0.7857572109375 0.665564903125
0 1 0.5517578125 0.9658203125 0.509765625 0.935546875 0.5615234375 0.900390625 0.7412109375 0.9306640625 0.78125 1 0.7841796875 1 0.5517578125
0 0.97265625 0.4306640625 0.9306640625 0.38671875 0.8955078125 0.39453125 0.86328125 0.4326171875 0.845703125 0.4951171875 0.853515625 0.5986328125 0.8984375 0.6494140625 0.92578125 0.6064453125 0.931640625 0.5576171875 0.97265625 0.4755859375 0.97265625 0.4306640625
0 1 0.5380859375 0.9990234375 0.3984375 0.982421875 0.4716796875 0.982421875 0.5185546875 1 0.5380859375
0 1 0.1630859375 0.9853515625 0.162109375 0.9375 0.2119140625 0.9375 0.2626953125 0.947265625 0.2998046875 1 0.3935546875 1 0.1630859375
0 0.91796875 0.1513671875 0.921875 0.1845703125 0.939453125 0.2060546875 0.97265625 0.1669921875 0.9501953125 0.095703125 0.93359375 0.1005859375 0.91796875 0.1513671875
0 0.9599609375 0.001953125 0.953125 0.0048828125 0.9609375 0.0302734375 0.951171875 0.0439453125 0.951171875 0.1220703125 0.9765625 0.1513671875 0.9921875 0.1318359375 0.9921875 0.0400390625 0.98046875 0.0048828125 0.9599609375 0.001953125
0 0.8291015625 0.00390625 0.822265625 0.0205078125 0.853515625 0.1318359375 0.900390625 0.1376953125 0.916015625 0.1318359375 0.93359375 0.0869140625 0.93359375 0.0048828125 0.8291015625 0.00390625
0 0.931640625 0.2412109375 0.916015625 0.1884765625 0.8642578125 0.15625 0.822265625 0.2021484375 0.80859375 0.2958984375 0.818359375 0.3251953125 0.8125 0.3525390625 0.8203125 0.3896484375 0.8408203125 0.390625 0.8505859375 0.408203125 0.8623046875 0.40234375 0.875 0.4169921875 0.88671875 0.3642578125 0.9091796875 0.37890625 0.923828125 0.3505859375 0.931640625 0.2412109375
0 0.826171875 0.0439453125 0.8076171875 0.015625 0.7900390625 0.021484375 0.771484375 0.0517578125 0.740234375 0.2001953125 0.748046875 0.2626953125 0.78125 0.2783203125 0.80859375 0.2470703125 0.8203125 0.2001953125 0.849609375 0.1513671875 0.826171875 0.0439453125
0 0.7275390625 0.078125 0.7138671875 0.056640625 0.6748046875 0.076171875 0.6640625 0.1083984375 0.66015625 0.1650390625 0.6875 0.2041015625 0.69140625 0.2431640625 0.71484375 0.2490234375 0.736328125 0.2431640625 0.748046875 0.1630859375 0.7470703125 0.056640625 0.7275390625 0.078125
0 0.677734375 0.2001953125 0.6689453125 0.1796875 0.6337890625 0.1640625 0.6171875 0.1865234375 0.603515625 0.2509765625 0.6103515625 0.265625 0.640625 0.2666015625 0.6494140625 0.244140625 0.6630859375 0.24609375 0.673828125 0.2353515625 0.677734375 0.2001953125
0 0.701171875 0.3603515625 0.69140625 0.3291015625 0.697265625 0.2978515625 0.673828125 0.1845703125 0.6474609375 0.166015625 0.6298828125 0.166015625 0.603515625 0.2294921875 0.599609375 0.3681640625 0.623046875 0.4404296875 0.65625 0.4521484375 0.6748046875 0.443359375 0.68359375 0.4267578125 0.6875 0.3740234375 0.701171875 0.3603515625
0 0.7490234375 0.267578125 0.70703125 0.3505859375 0.697265625 0.4306640625 0.7138671875 0.427734375 0.7236328125 0.4375 0.73046875 0.4091796875 0.7431640625 0.40625 0.7734375 0.4521484375 0.794921875 0.4580078125 0.80078125 0.3837890625 0.783203125 0.2919921875 0.7666015625 0.271484375 0.7490234375 0.267578125
0 0.806640625 0.5302734375 0.79296875 0.5009765625 0.802734375 0.4072265625 0.783203125 0.2900390625 0.7529296875 0.267578125 0.70703125 0.3505859375 0.6953125 0.4404296875 0.701171875 0.5126953125 0.7236328125 0.515625 0.736328125 0.5283203125 0.736328125 0.5615234375 0.748046875 0.5673828125 0.7607421875 0.53515625 0.7958984375 0.544921875 0.8017578125 0.5546875 0.806640625 0.5302734375
0 0.8046875 0.4052734375 0.80078125 0.4990234375 0.810546875 0.5517578125 0.8232421875 0.564453125 0.8359375 0.5634765625 0.859375 0.4306640625 0.8388671875 0.3984375 0.8134765625 0.396484375 0.8046875 0.4052734375