0 0.4560546875 0.03125 0.443359375 0.0498046875 0.431640625 0.1181640625 0.4296875 0.2880859375 0.474609375 0.4892578125 0.490234375 0.4931640625 0.513671875 0.3779296875 0.517578125 0.2626953125 0.486328125 0.0849609375 0.4560546875 0.03125
0 0.3134765625 0.470703125 0.2451171875 0.505859375 0.22265625 0.5419921875 0.2470703125 0.5703125 0.2998046875 0.60546875 0.3359375 0.6123046875 0.384765625 0.6005859375 0.3984375 0.5224609375 0.3525390625 0.474609375 0.3134765625 0.470703125
0 0.78515625 0.4521484375 0.7041015625 0.419921875 0.5966796875 0.421875 0.595703125 0.4716796875 0.556640625 0.5283203125 0.5712890625 0.5546875 0.6015625 0.5537109375 0.6513671875 0.548828125 0.7626953125 0.5 0.7890625 0.4755859375 0.78515625 0.4521484375
0 0.5341796875 0.5078125 0.5146484375 0.498046875 0.4365234375 0.501953125 0.40625 0.5302734375 0.39453125 0.5576171875 0.40234375 0.6748046875 0.4248046875 0.697265625 0.51171875 0.7041015625 0.5390625 0.6904296875 0.572265625 0.6357421875 0.560546875 0.5419921875 0.5341796875 0.5078125
0 0.8359375 0.5439453125 0.8017578125 0.50390625 0.7587890625 0.501953125 0.677734375 0.5478515625 0.67578125 0.5947265625 0.697265625 0.6318359375 0.716796875 0.6435546875 0.7548828125 0.591796875 0.7900390625 0.580078125 0.8359375 0.5791015625 0.8359375 0.5439453125
0 0.880859375 0.6318359375 0.8310546875 0.587890625 0.7744140625 0.5859375 0.7509765625 0.59765625 0.724609375 0.6337890625 0.720703125 0.7119140625 0.7626953125 0.79296875 0.7958984375 0.8125 0.830078125 0.8134765625 0.8759765625 0.78515625 0.89453125 0.7568359375 0.896484375 0.6689453125 0.880859375 0.6318359375
0 0.5732421875 0.5625 0.568359375 0.6513671875 0.6318359375 0.650390625 0.689453125 0.6845703125 0.69140625 0.6416015625 0.67578125 0.6025390625 0.6220703125 0.56640625 0.5732421875 0.5625
0 0.716796875 0.7509765625 0.703125 0.7119140625 0.6728515625 0.673828125 0.6298828125 0.6484375 0.5986328125 0.6484375 0.56640625 0.6591796875 0.521484375 0.7158203125 0.51171875 0.7529296875 0.53125 0.8330078125 0.560546875 0.8759765625 0.5947265625 0.89453125 0.630859375 0.8994140625 0.6650390625 0.890625 0.708984375 0.8349609375 0.71875 0.7998046875 0.716796875 0.7509765625
0 0.509765625 0.7568359375 0.48828125 0.7294921875 0.4599609375 0.705078125 0.4228515625 0.701171875 0.3994140625 0.7109375 0.375 0.7412109375 0.361328125 0.7822265625 0.361328125 0.8232421875 0.375 0.8818359375 0.408203125 0.9326171875 0.4287109375 0.9453125 0.4609375 0.9443359375 0.482421875 0.9365234375 0.517578125 0.8798828125 0.5234375 0.8076171875 0.509765625 0.7568359375
0 0.357421875 0.7744140625 0.349609375 0.7294921875 0.326171875 0.6904296875 0.2783203125 0.671875 0.2138671875 0.681640625 0.185546875 0.7119140625 0.173828125 0.7548828125 0.1796875 0.8076171875 0.205078125 0.8720703125 0.2333984375 0.888671875 0.2578125 0.8896484375 0.2919921875 0.88671875 0.318359375 0.8720703125 0.34375 0.8310546875 0.357421875 0.7744140625
0 0.3427734375 0.619140625 0.326171875 0.6533203125 0.330078125 0.6923828125 0.365234375 0.7529296875 0.408203125 0.7001953125 0.396484375 0.6162109375 0.3837890625 0.607421875 0.3427734375 0.619140625
0 0.5595703125 0.4140625 0.5390625 0.4287109375 0.5234375 0.4677734375 0.501953125 0.4814453125 0.5546875 0.5224609375 0.59765625 0.4619140625 0.5927734375 0.42578125 0.55078125 0.4443359375 0.5595703125 0.4140625