0 0.728125 0.14921875 0.2640625 0.2859375
0 0.91328125 0.1609375 0.16796875 0.31015625
0 0.85703125 0.4671875 0.2453125 0.36328125
0 0.9859375 0.41953125 0.02421875 0.22109375
0 0.75703125 0.74765625 0.1921875 0.31484375
0 0.9171875 0.86171875 0.1609375 0.271875
0 0.7703125 0.9546875 0.1609375 0.08671875
0 0.64296875 0.89921875 0.134375 0.16796875
0 0.61171875 0.77421875 0.115625 0.178125
0 0.66328125 0.5296875 0.10546875 0.22578125
0 0.68515625 0.3484375 0.125 0.13671875
0 0.7515625 0.2984375 0.0578125 0.14453125
0 0.5265625 0.87265625 0.10546875 0.1609375
0 0.546875 0.96015625 0.0890625 0.07421875
0 0.49296875 0.98046875 0.0625 0.03359375
0 0.634375 0.975 0.09609375 0.0453125
0 0.52265625 0.7078125 0.10078125 0.18984375
0 0.58203125 0.6109375 0.115625 0.1734375
0 0.49140625 0.4859375 0.125 0.23046875
0 0.55859375 0.4234375 0.1296875 0.2015625
0 0.521875 0.24765625 0.14453125 0.26953125
0 0.57421875 0.10078125 0.08203125 0.18984375
0 0.478125 0.0984375 0.103125 0.18515625
0 0.5203125 0.0328125 0.08203125 0.053125
0 0.41796875 0.38359375 0.1109375 0.26953125
0 0.4234375 0.16328125 0.1203125 0.22109375
0 0.3265625 0.06015625 0.16796875 0.10546875
0 0.28359375 0.2203125 0.18046875 0.26171875
0 0.103125 0.11875 0.18046875 0.22578125
0 0.18515625 0.0296875 0.0765625 0.0484375
0 0.01953125 0.19609375 0.03828125 0.2046875
0 0.07421875 0.26171875 0.0765625 0.18984375
0 0.16953125 0.31015625 0.125 0.18984375
0 0.33984375 0.44921875 0.125 0.20703125
0 0.41796875 0.3890625 0.1109375 0.26953125
0 0.2984375 0.55390625 0.1109375 0.10546875
0 0.2484375 0.4234375 0.0625 0.16796875
0 0.40625 0.63671875 0.125 0.2140625
0 0.040625 0.3953125 0.08125 0.209375
0 0.1390625 0.3890625 0.09375 0.0890625
0 0.16015625 0.5296875 0.1875 0.25
0 0.25703125 0.68984375 0.1734375 0.18984375
0 0.3265625 0.72578125 0.08671875 0.1296875
0 0.1453125 0.70546875 0.05078125 0.11328125
0 0.06484375 0.66328125 0.1296875 0.303125
0 0.2203125 0.82421875 0.11328125 0.13671875
0 0.321875 0.89296875 0.115625 0.178125
0 0.41796875 0.81875 0.103125 0.14921875
0 0.41953125 0.9390625 0.12265625 0.11796875
0 0.27265625 0.97734375 0.0984375 0.040625
0 0.2359375 0.89296875 0.05078125 0.14453125
0 0.2046875 0.97109375 0.0484375 0.053125
0 0.1625 0.86875 0.09140625 0.16796875
0 0.06875 0.94609375 0.1296875 0.10546875
0 0.06484375 0.875 0.1296875 0.1203125
0 0.09609375 0.85703125 0.0671875 0.16796875
0 0.03359375 0.7828125 0.0671875 0.125