0 0.796875 0.36171875 0.21171875 0.2359375
0 0.80625 0.37109375 0.1109375 0.11328125
0 0.9328125 0.43125 0.125 0.28125
0 0.88203125 0.53984375 0.178125 0.103125
0 0.8328125 0.57109375 0.10546875 0.0625
0 0.88828125 0.5984375 0.0625 0.0625
0 0.9515625 0.68515625 0.0890625 0.20703125
0 0.7546875 0.16015625 0.27890625 0.2640625
0 0.7453125 0.1890625 0.5 0.37265625
0 0.31875 0.12890625 0.3578125 0.22109375
0 0.26796875 0.1671875 0.46171875 0.32421875
0 0.35234375 0.0578125 0.38671875 0.1109375
0 0.3296875 0.06875 0.5140625 0.13671875
0 0.03984375 0.08984375 0.07421875 0.17578125
0 0.02890625 0.2359375 0.053125 0.1109375
0 0.0609375 0.2953125 0.10546875 0.11328125
0 0.08046875 0.4109375 0.1609375 0.15390625
0 0.0765625 0.5640625 0.14921875 0.19921875
0 0.2046875 0.49296875 0.10546875 0.20703125
0 0.21171875 0.290625 0.12734375 0.1875
0 0.3234375 0.24375 0.1390625 0.16796875
0 0.66484375 0.46015625 0.25703125 0.6296875
0 0.55078125 0.62265625 0.25 0.2765625
0 0.39453125 0.5375 0.1296875 0.125
0 0.33515625 0.4671875 0.0890625 0.134375
0 0.2796875 0.4390625 0.05546875 0.071875
0 0.271875 0.5328125 0.09609375 0.125
0 0.209375 0.54453125 0.0890625 0.103125
0 0.3265625 0.38203125 0.13203125 0.0796875
0 0.45546875 0.43359375 0.178125 0.1828125
0 0.51328125 0.2515625 0.0484375 0.0625
0 0.50859375 0.33046875 0.0625 0.053125
0 0.44375 0.290625 0.1109375 0.12265625
0 0.9078125 0.75625 0.0765625 0.09375
0 0.88359375 0.67578125 0.0625 0.0671875
0 0.8328125 0.63828125 0.0625 0.0578125
0 0.83203125 0.7046875 0.0671875 0.0671875
0 0.8796875 0.89453125 0.0625 0.1921875
0 0.946875 0.88671875 0.09609375 0.20703125
0 0.8125 0.81484375 0.1390625 0.14453125
0 0.77890625 0.9359375 0.1296875 0.11796875
0 0.6875 0.85234375 0.1109375 0.0984375
0 0.1921875 0.68515625 0.08203125 0.14921875
0 0.08046875 0.775 0.15859375 0.21640625
0 0.3296875 0.709375 0.228125 0.2546875
0 0.6984375 0.9109375 0.0484375 0.07421875
0 0.7203125 0.97265625 0.071875 0.0484375
0 0.65625 0.92890625 0.03828125 0.09375
0 0.61640625 0.83515625 0.040625 0.07421875
0 0.52734375 0.859375 0.0578125 0.084375
0 0.603125 0.80078125 0.04296875 0.053125
0 0.5609375 0.790625 0.04296875 0.053125
0 0.4640625 0.75390625 0.03359375 0.02421875
0 0.4328125 0.74609375 0.03828125 0.0484375
0 0.3796875 0.74140625 0.05078125 0.0578125
0 0.37109375 0.80078125 0.04296875 0.0796875
0 0.41328125 0.7953125 0.05078125 0.071875
0 0.46640625 0.775 0.0484375 0.07421875
0 0.2765625 0.9671875 0.071875 0.0578125
0 0.2796875 0.9203125 0.03828125 0.0578125
0 0.3234375 0.9109375 0.05546875 0.07421875
0 0.30390625 0.8640625 0.05078125 0.0578125
0 0.3265625 0.821875 0.0484375 0.0484375
0 0.35703125 0.87109375 0.0625 0.071875
0 0.41953125 0.8546875 0.0625 0.0671875
0 0.45546875 0.88671875 0.05078125 0.0578125
0 0.41015625 0.9203125 0.05078125 0.07421875
0 0.4046875 0.975 0.05078125 0.04296875
0 0.44921875 0.95078125 0.0484375 0.071875
0 0.3484375 0.94609375 0.0625 0.071875
0 0.5609375 0.94609375 0.04296875 0.0984375
0 0.53125 0.94375 0.02421875 0.0578125
0 0.61171875 0.9578125 0.0578125 0.0671875
0 0.61171875 0.9015625 0.0578125 0.0578125