0 0.19375 0.2671875 0.3171875 0.196875
0 0.14296875 0.09609375 0.2671875 0.18515625
0 0.0328125 0.0328125 0.053125 0.0578125
0 0.2171875 0.40390625 0.42578125 0.2546875
0 0.20546875 0.51796875 0.4015625 0.2640625
0 0.8859375 0.5296875 0.1390625 0.11328125
0 0.8421875 0.07578125 0.31015625 0.1421875
0 0.86171875 0.66484375 0.1390625 0.18984375
0 0.6703125 0.975 0.22578125 0.0453125
0 0.9546875 0.953125 0.08671875 0.09375
0 0.85234375 0.88359375 0.290625 0.2328125
0 0.775 0.93359375 0.134375 0.1078125
0 0.703125 0.72265625 0.14921875 0.3609375
0 0.58671875 0.5 0.1921875 0.1875
0 0.6265625 0.33515625 0.07421875 0.125
0 0.67578125 0.12265625 0.03359375 0.115625
0 0.5046875 0.46015625 0.196875 0.14921875
0 0.4390625 0.578125 0.103125 0.0890625
0 0.4859375 0.6078125 0.0578125 0.04296875
0 0.52734375 0.634375 0.053125 0.0625
0 0.959375 0.58515625 0.0765625 0.09375
0 0.18046875 0.640625 0.125 0.125
0 0.3015625 0.73671875 0.0890625 0.084375
0 0.359375 0.69140625 0.06484375 0.08203125
0 0.27265625 0.65 0.0984375 0.0578125
0 0.08203125 0.66484375 0.053125 0.1078125
0 0.0421875 0.65625 0.07421875 0.13203125
0 0.2125 0.81484375 0.0796875 0.08203125
0 0.23828125 0.84765625 0.0578125 0.06484375
0 0.19609375 0.7390625 0.103125 0.08203125
0 0.1609375 0.928125 0.321875 0.1390625
0 0.13359375 0.7609375 0.25703125 0.2546875
0 0.07421875 0.61328125 0.1390625 0.16328125
0 0.4203125 0.203125 0.0484375 0.06015625
0 0.41796875 0.15 0.053125 0.04296875
0 0.44140625 0.11875 0.0578125 0.04296875
0 0.41796875 0.0921875 0.03359375 0.03359375
0 0.39921875 0.10078125 0.03359375 0.0484375
0 0.3859375 0.13828125 0.01953125 0.02890625
0 0.4015625 0.05078125 0.03828125 0.04296875
0 0.42578125 0.03828125 0.03828125 0.0359375
0 0.46015625 0.0453125 0.0484375 0.04296875
0 0.509375 0.06015625 0.0578125 0.0484375
0 0.50703125 0.01796875 0.053125 0.02890625
0 0.525 0.0890625 0.06953125 0.03828125
0 0.45546875 0.08046875 0.0578125 0.03359375
0 0.4859375 0.1109375 0.02890625 0.02890625
0 0.51171875 0.13828125 0.04296875 0.04296875
0 0.54921875 0.03828125 0.0484375 0.0359375
0 0.55390625 0.0140625 0.02890625 0.01953125
0 0.5890625 0.0140625 0.01953125 0.01953125
0 0.5890625 0.05078125 0.0578125 0.0359375
0 0.63359375 0.08203125 0.0484375 0.04296875
0 0.61640625 0.0984375 0.04296875 0.0359375
0 0.571875 0.084375 0.053125 0.03828125
0 0.55625 0.13203125 0.03359375 0.0484375
0 0.59140625 0.12890625 0.02421875 0.03359375
0 0.62109375 0.140625 0.04296875 0.03828125
0 0.6234375 0.1671875 0.03828125 0.02890625
0 0.5765625 0.16484375 0.04296875 0.03828125
0 0.546875 0.16484375 0.03359375 0.03359375
0 0.48046875 0.1734375 0.06953125 0.0484375
0 0.4671875 0.203125 0.04296875 0.0359375
0 0.509375 0.1921875 0.0484375 0.03828125
0 0.546875 0.1984375 0.04296875 0.0359375
0 0.58671875 0.209375 0.06484375 0.0578125
0 0.57421875 0.2515625 0.03828125 0.0359375
0 0.6140625 0.22734375 0.03828125 0.0359375
0 0.5984375 0.27265625 0.03828125 0.03828125
0 0.56484375 0.28359375 0.03828125 0.04296875
0 0.546875 0.3234375 0.053125 0.04296875
0 0.5375 0.35 0.06484375 0.03828125
0 0.54921875 0.3734375 0.0578125 0.03359375
0 0.47734375 0.34375 0.06484375 0.053125
0 0.44609375 0.3171875 0.03828125 0.03359375
0 0.47265625 0.2953125 0.053125 0.0359375
0 0.5 0.25703125 0.03828125 0.03828125
0 0.5296875 0.24296875 0.0578125 0.053125
0 0.45078125 0.2484375 0.0578125 0.0484375
0 0.4828125 0.8328125 0.125 0.33203125
0 0.4 0.865625 0.07421875 0.2640625
0 0.84609375 0.3171875 0.16796875 0.37734375