0 0.98046875 0.2203125 0.03359375 0.3796875
0 0.921875 0.05390625 0.1515625 0.09375
0 0.88671875 0.2984375 0.15859375 0.40859375
0 0.94609375 0.5796875 0.10078125 0.32421875
0 0.88828125 0.54296875 0.0359375 0.0796875
0 0.92421875 0.9484375 0.146875 0.0984375
0 0.8265625 0.68359375 0.1390625 0.33203125
0 0.7828125 0.44609375 0.13203125 0.3171875
0 0.77265625 0.1625 0.1390625 0.31015625
0 0.67578125 0.2015625 0.10078125 0.28828125
0 0.7140625 0.49609375 0.1109375 0.28828125
0 0.6734375 0.7546875 0.14453125 0.33203125
0 0.59375 0.546875 0.1203125 0.303125
0 0.6265625 0.30546875 0.103125 0.2234375
0 0.57578125 0.81640625 0.1109375 0.25
0 0.52265625 0.6265625 0.0484375 0.1875
0 0.546875 0.40234375 0.0625 0.1734375
0 0.49296875 0.7125 0.1703125 0.47578125
0 0.475 0.5140625 0.07421875 0.165625
0 0.44609375 0.734375 0.1921875 0.40390625
0 0.39765625 0.77265625 0.18046875 0.39453125
0 0.35234375 0.80546875 0.178125 0.34609375
0 0.16328125 0.9625 0.22578125 0.06953125
0 0.2234375 0.91015625 0.24296875 0.1078125
0 0.2359375 0.8265625 0.16796875 0.071875
0 0.25390625 0.765625 0.071875 0.05078125
0 0.03515625 0.8375 0.06953125 0.1078125
0 0.02890625 0.7453125 0.040625 0.09375
0 0.03125 0.68046875 0.0359375 0.0796875
0 0.0671875 0.68359375 0.040625 0.23046875
0 0.09765625 0.6296875 0.03125 0.27890625
0 0.1359375 0.6078125 0.0359375 0.2234375
0 0.1671875 0.615625 0.0359375 0.12265625
0 0.1390625 0.4390625 0.06484375 0.2015625
0 0.1859375 0.525 0.0359375 0.21640625
0 0.209375 0.46015625 0.0484375 0.1875
0 0.2515625 0.478125 0.04296875 0.13671875
0 0.3015625 0.3703125 0.09609375 0.18046875
0 0.28359375 0.234375 0.115625 0.18046875
0 0.19921875 0.31953125 0.08671875 0.209375
0 0.38671875 0.23046875 0.0796875 0.1734375
0 0.36875 0.1078125 0.08671875 0.1875
0 0.3140625 0.08671875 0.1109375 0.15859375
0 0.415625 0.05078125 0.03359375 0.08671875
0 0.44375 0.13671875 0.0484375 0.115625
0 0.490625 0.05390625 0.06015625 0.09375
0 0.084375 0.26953125 0.06953125 0.12265625
0 0.0484375 0.3734375 0.06953125 0.1875
0 0.025 0.21171875 0.05 0.1796875
0 0.05859375 0.140625 0.06953125 0.165625
0 0.01953125 0.0671875 0.03359375 0.125
0 0.0109375 0.3265625 0.0171875 0.0671875
0 0.015625 0.4171875 0.03125 0.08671875
0 0.134375 0.1078125 0.10546875 0.2015625
0 0.1984375 0.04296875 0.08203125 0.071875
0 0.08515625 0.1515625 0.1109375 0.28828125