0 0.69375 0.14765625 0.44453125 0.28359375
0 0.5359375 0.27421875 0.02890625 0.06953125
0 0.525 0.22578125 0.03125 0.05078125
0 0.06953125 0.06640625 0.10546875 0.1203125
0 0.06015625 0.13828125 0.06953125 0.11328125
0 0.015625 0.1578125 0.0265625 0.11328125
0 0.1765625 0.05078125 0.11328125 0.0890625
0 0.265625 0.09375 0.0796875 0.178125
0 0.2390625 0.3171875 0.1390625 0.321875
0 0.14453125 0.2453125 0.13203125 0.3265625
0 0.0421875 0.2203125 0.0484375 0.08671875
0 0.09375 0.8765625 0.1828125 0.24296875
0 0.13359375 0.8421875 0.0484375 0.1390625
0 0.09609375 0.7953125 0.040625 0.08203125
0 0.021875 0.6921875 0.03828125 0.23828125
0 0.0203125 0.6671875 0.02890625 0.1875
0 0.0328125 0.63203125 0.02890625 0.10546875
0 0.04921875 0.7328125 0.02890625 0.09375
0 0.10078125 0.72578125 0.0578125 0.1203125
0 0.07109375 0.6734375 0.040625 0.10078125
0 0.11875 0.58203125 0.1515625 0.3078125
0 0.16328125 0.446875 0.0453125 0.0765625
0 0.13203125 0.41484375 0.0578125 0.08671875
0 0.0921875 0.38671875 0.03359375 0.06953125
0 0.08984375 0.31484375 0.0484375 0.10078125
0 0.06484375 0.25859375 0.0359375 0.10078125
0 0.03515625 0.3109375 0.03828125 0.06953125
0 0.02890625 0.3734375 0.05078125 0.06953125
0 0.0578125 0.40859375 0.0359375 0.11328125
0 0.021875 0.475 0.03828125 0.15859375
0 0.2515625 0.80078125 0.13203125 0.39453125
0 0.2359375 0.78515625 0.21640625 0.42578125
0 0.2296875 0.525 0.08203125 0.1703125
0 0.39765625 0.53515625 0.25 0.490625
0 0.4578125 0.32109375 0.12265625 0.25
0 0.42890625 0.1671875 0.103125 0.20703125
0 0.44453125 0.03515625 0.09609375 0.0578125
0 0.3578125 0.11640625 0.1078125 0.22109375
0 0.34375 0.2203125 0.071875 0.2015625
0 0.4484375 0.9234375 0.13203125 0.14921875
0 0.36796875 0.9328125 0.0625 0.1296875
0 0.36796875 0.8078125 0.1203125 0.13203125
0 0.37109375 0.7953125 0.03828125 0.0578125
0 0.6703125 0.89453125 0.1734375 0.20703125
0 0.5734375 0.7171875 0.16796875 0.25
0 0.62109375 0.52890625 0.2359375 0.5671875
0 0.4953125 0.78984375 0.06015625 0.1203125
0 0.4484375 0.7484375 0.053125 0.125
0 0.490625 0.6890625 0.03828125 0.09375
0 0.54921875 0.87109375 0.053125 0.10546875
0 0.5734375 0.91484375 0.0484375 0.10546875
0 0.5359375 0.96015625 0.0671875 0.07421875
0 0.4953125 0.90859375 0.053125 0.1203125
0 0.4703125 0.9578125 0.05078125 0.0796875
0 0.43359375 0.88359375 0.03828125 0.09375
0 0.46015625 0.85546875 0.040625 0.11328125
0 0.63203125 0.47109375 0.16796875 0.37734375
0 0.703125 0.3171875 0.03359375 0.04296875
0 0.71015625 0.59140625 0.0625 0.16328125
0 0.78125 0.55625 0.0765625 0.15859375
0 0.82109375 0.6828125 0.0765625 0.15859375
0 0.7515625 0.6984375 0.0765625 0.125
0 0.78984375 0.8234375 0.0765625 0.1390625
0 0.86171875 0.80546875 0.0765625 0.16328125
0 0.8265625 0.93515625 0.0765625 0.125
0 0.78984375 0.94375 0.02421875 0.0625
0 0.8015625 0.99296875 0.03125 0.009375
0 0.72578125 0.74140625 0.01953125 0.0625
0 0.7078125 0.70078125 0.02421875 0.0578125
0 0.75625 0.41484375 0.09140625 0.1390625
0 0.796875 0.31484375 0.15859375 0.10078125
0 0.8171875 0.4375 0.05078125 0.09375
0 0.83984375 0.50625 0.03125 0.06953125
0 0.83203125 0.571875 0.021875 0.05078125
0 0.8578125 0.5625 0.02421875 0.04296875
0 0.88828125 0.6421875 0.071875 0.16328125
0 0.92421875 0.72578125 0.03125 0.08203125
0 0.91796875 0.7953125 0.03828125 0.0578125
0 0.88203125 0.91484375 0.02890625 0.0578125
0 0.93046875 0.8734375 0.05078125 0.10078125
0 0.96015625 0.9625 0.03359375 0.0625