0 0.47109375 0.8765625 0.16796875 0.2359375
0 0.5984375 0.8890625 0.125 0.20703125
0 0.6265625 0.803125 0.14921875 0.3796875
0 0.8078125 0.91328125 0.125 0.15859375
0 0.93984375 0.134375 0.115625 0.23046875
0 0.95078125 0.0640625 0.09375 0.12734375
0 0.9515625 0.24765625 0.09140625 0.14921875
0 0.77890625 0.2859375 0.18984375 0.103125
0 0.78984375 0.125 0.1515625 0.25
0 0.66328125 0.1 0.09609375 0.19921875
0 0.5734375 0.09375 0.103125 0.1875
0 0.4640625 0.72109375 0.03125 0.0625
0 0.4640625 0.53515625 0.01953125 0.0625
0 0.39453125 0.428125 0.02890625 0.0671875
0 0.48828125 0.42421875 0.02890625 0.09140625
0 0.5015625 0.27890625 0.0265625 0.0484375
0 0.5296875 0.27890625 0.03125 0.0765625
0 0.553125 0.328125 0.03125 0.0765625
0 0.5359375 0.38203125 0.0265625 0.0625
0 0.54296875 0.46171875 0.02421875 0.0671875
0 0.546875 0.59609375 0.0265625 0.0625
0 0.55859375 0.63828125 0.01953125 0.0625
0 0.5734375 0.53515625 0.0265625 0.0484375
0 0.5671875 0.4828125 0.0265625 0.0671875
0 0.5640625 0.41328125 0.03359375 0.0671875
0 0.58046875 0.3453125 0.02421875 0.0671875
0 0.56875 0.27265625 0.02421875 0.0484375
0 0.59609375 0.2859375 0.0265625 0.09140625
0 0.75 0.46171875 0.02890625 0.09609375
0 0.7234375 0.5203125 0.02421875 0.0625
0 0.69921875 0.540625 0.01953125 0.0484375
0 0.69375 0.58671875 0.01953125 0.040625
0 0.6703125 0.5515625 0.03125 0.05546875
0 0.66796875 0.6109375 0.0265625 0.0625
0 0.6421875 0.59609375 0.01953125 0.0484375
0 0.62734375 0.56875 0.0265625 0.0484375
0 0.59375 0.5828125 0.04296875 0.103125
0 0.6453125 0.52734375 0.03125 0.0765625
0 0.6265625 0.51328125 0.02890625 0.0484375
0 0.6203125 0.46171875 0.02890625 0.0671875
0 0.5921875 0.46875 0.02421875 0.08203125
0 0.61328125 0.396875 0.0265625 0.0484375
0 0.6078125 0.3578125 0.01953125 0.040625
0 0.6265625 0.35546875 0.02421875 0.0625
0 0.625 0.2828125 0.01953125 0.0671875
0 0.61875 0.20703125 0.01953125 0.0671875
0 0.6109375 0.15859375 0.01953125 0.05546875
0 0.6453125 0.2234375 0.0265625 0.0484375
0 0.66953125 0.19921875 0.02421875 0.05546875
0 0.696875 0.16953125 0.0265625 0.0625
0 0.66796875 0.2515625 0.0265625 0.0625
0 0.646875 0.265625 0.0171875 0.03359375
0 0.6453125 0.3171875 0.0265625 0.0671875
0 0.6671875 0.3171875 0.02421875 0.05546875
0 0.6609375 0.4203125 0.02890625 0.08203125
0 0.640625 0.3890625 0.02890625 0.09140625
0 0.64921875 0.46484375 0.02890625 0.0625
0 0.6765625 0.4484375 0.03125 0.0671875
0 0.67890625 0.36171875 0.03125 0.0765625
0 0.70546875 0.3890625 0.0265625 0.0765625
0 0.7171875 0.33046875 0.0265625 0.05546875
0 0.70078125 0.4484375 0.02421875 0.040625
0 0.7125 0.4796875 0.0171875 0.0484375
0 0.6859375 0.4828125 0.03359375 0.05546875
0 0.9546875 0.76328125 0.08671875 0.25703125
0 0.8484375 0.78984375 0.21171875 0.2140625
0 0.9109375 0.8484375 0.053125 0.165625
0 0.82421875 0.74140625 0.21875 0.15859375
0 0.86640625 0.77265625 0.1828125 0.08203125
0 0.81875 0.7546875 0.1828125 0.0625
0 0.86796875 0.70703125 0.115625 0.0625
0 0.76953125 0.671875 0.10546875 0.0625
0 0.94375 0.6203125 0.10546875 0.1109375
0 0.9125 0.67578125 0.146875 0.09609375
0 0.9328125 0.571875 0.10546875 0.178125
0 0.9265625 0.4796875 0.1421875 0.1609375
0 0.92578125 0.47265625 0.14453125 0.30078125
0 0.86796875 0.55859375 0.14921875 0.0671875
0 0.80859375 0.46171875 0.0890625 0.09609375
0 0.7875 0.4515625 0.09609375 0.1734375
0 0.81875 0.46875 0.0625 0.1390625
0 0.7515625 0.56640625 0.09609375 0.05546875
0 0.74765625 0.6140625 0.08203125 0.040625