0 0.1875 0.90390625 0.146875 0.0484375
0 0.17890625 0.7953125 0.115625 0.02890625
0 0.29296875 0.8390625 0.259375 0.0796875
0 0.45078125 0.884375 0.25234375 0.08203125
0 0.6140625 0.90859375 0.38203125 0.10546875
0 0.865625 0.94453125 0.2359375 0.0625
0 0.796875 0.87890625 0.115625 0.03828125
0 0.7359375 0.8421875 0.1390625 0.0359375
0 0.65 0.853125 0.09609375 0.084375
0 0.5171875 0.8171875 0.2015625 0.053125
0 0.2234375 0.74296875 0.15390625 0.040625
0 0.3171875 0.72265625 0.146875 0.03828125
0 0.3703125 0.771875 0.22109375 0.0671875
0 0.44375 0.70546875 0.10546875 0.03125
0 0.36171875 0.6765625 0.10546875 0.0359375
0 0.3125 0.64765625 0.071875 0.0359375
0 0.24375 0.6828125 0.146875 0.03828125
0 0.203125 0.64921875 0.115625 0.03828125
0 0.240625 0.60703125 0.1703125 0.04296875
0 0.59765625 0.32578125 0.3171875 0.1109375
0 0.39453125 0.3125 0.1703125 0.09140625
0 0.54921875 0.2140625 0.25234375 0.115625
0 0.49140625 0.6265625 0.33203125 0.115625
0 0.6671875 0.7484375 0.259375 0.06953125
0 0.6546875 0.7703125 0.10546875 0.071875
0 0.5765625 0.77421875 0.115625 0.0484375
0 0.740625 0.7984375 0.146875 0.03828125
0 0.8578125 0.83984375 0.10546875 0.0359375
0 0.87890625 0.8015625 0.1296875 0.0359375
0 0.9734375 0.859375 0.0484375 0.13671875
0 0.90234375 0.87265625 0.115625 0.0671875
0 0.90625 0.915625 0.15390625 0.040625
0 0.89765625 0.79921875 0.1875 0.0484375
0 0.8734375 0.75234375 0.22109375 0.0625
0 0.978125 0.765625 0.03828125 0.05546875
0 0.72734375 0.634375 0.54296875 0.146875