0 0.4755859375 0.126953125 0.4326171875 0.107421875 0.4052734375 0.107421875 0.3623046875 0.130859375 0.326171875 0.1806640625 0.30859375 0.2314453125 0.30859375 0.2509765625 0.349609375 0.2744140625 0.3603515625 0.306640625 0.3984375 0.3115234375 0.4560546875 0.30859375 0.50390625 0.2373046875 0.49609375 0.1513671875 0.4755859375 0.126953125
0 0.685546875 0.2119140625 0.67578125 0.1552734375 0.6474609375 0.130859375 0.5986328125 0.115234375 0.5478515625 0.123046875 0.50390625 0.1552734375 0.494140625 0.2080078125 0.505859375 0.2412109375 0.45703125 0.3212890625 0.4609375 0.3349609375 0.4833984375 0.34765625 0.591796875 0.3486328125 0.6279296875 0.33984375 0.662109375 0.3134765625 0.65625 0.2451171875 0.685546875 0.2119140625
0 0.986328125 0.3544921875 0.9736328125 0.341796875 0.912109375 0.3173828125 0.9560546875 0.294921875 0.986328125 0.2626953125 0.98046875 0.2373046875 0.9541015625 0.21484375 0.8876953125 0.19140625 0.7958984375 0.1875 0.7177734375 0.20703125 0.669921875 0.2451171875 0.669921875 0.2978515625 0.701171875 0.3369140625 0.6796875 0.3720703125 0.6875 0.4189453125 0.7373046875 0.45703125 0.8203125 0.4619140625 0.9228515625 0.43359375 0.9599609375 0.412109375 0.98828125 0.3818359375 0.986328125 0.3544921875
0 0.96484375 0.6416015625 0.923828125 0.5615234375 0.8876953125 0.537109375 0.8212890625 0.521484375 0.7275390625 0.52734375 0.6630859375 0.556640625 0.6328125 0.5869140625 0.615234375 0.6220703125 0.61328125 0.6533203125 0.623046875 0.6806640625 0.6611328125 0.70703125 0.7275390625 0.7265625 0.7421875 0.7529296875 0.7802734375 0.779296875 0.83984375 0.7841796875 0.8857421875 0.771484375 0.9228515625 0.748046875 0.95703125 0.7041015625 0.96484375 0.6416015625
0 0.708984375 0.7314453125 0.6279296875 0.693359375 0.591796875 0.6259765625 0.5751953125 0.611328125 0.4951171875 0.607421875 0.4443359375 0.62109375 0.40234375 0.6591796875 0.38671875 0.6904296875 0.3828125 0.7255859375 0.39453125 0.7646484375 0.4189453125 0.794921875 0.4560546875 0.818359375 0.5048828125 0.83203125 0.556640625 0.8310546875 0.6005859375 0.826171875 0.6806640625 0.79296875 0.70703125 0.7646484375 0.708984375 0.7314453125
0 0.66796875 0.3779296875 0.6572265625 0.369140625 0.6357421875 0.37109375 0.5869140625 0.41015625 0.568359375 0.3662109375 0.5517578125 0.353515625 0.4951171875 0.36328125 0.443359375 0.4189453125 0.421875 0.5087890625 0.431640625 0.5380859375 0.4755859375 0.564453125 0.5029296875 0.560546875 0.5419921875 0.5390625 0.5712890625 0.58203125 0.6171875 0.5888671875 0.662109375 0.5458984375 0.681640625 0.5048828125 0.689453125 0.4501953125 0.66796875 0.3779296875
0 0.4765625 0.3564453125 0.4267578125 0.3125 0.3603515625 0.3125 0.34375 0.3232421875 0.33203125 0.3486328125 0.337890625 0.4580078125 0.3603515625 0.498046875 0.41796875 0.5068359375 0.427734375 0.4951171875 0.443359375 0.4189453125 0.474609375 0.3779296875 0.4765625 0.3564453125
0 0.31640625 0.1650390625 0.2275390625 0.140625 0.1611328125 0.140625 0.1123046875 0.16015625 0.08984375 0.1943359375 0.095703125 0.2646484375 0.1162109375 0.28515625 0.1787109375 0.3046875 0.244140625 0.3076171875 0.2783203125 0.30078125 0.291015625 0.2880859375 0.302734375 0.2646484375 0.31640625 0.1650390625
0 0.1201171875 0.291015625 0.109375 0.2998046875 0.095703125 0.3662109375 0.119140625 0.4482421875 0.142578125 0.4560546875 0.1796875 0.4130859375 0.203125 0.3447265625 0.1787109375 0.306640625 0.1201171875 0.291015625
0 0.2587890625 0.36328125 0.2099609375 0.357421875 0.189453125 0.3779296875 0.18359375 0.4169921875 0.16015625 0.4384765625 0.16015625 0.4775390625 0.17578125 0.5048828125 0.2119140625 0.533203125 0.2578125 0.5400390625 0.3232421875 0.53515625 0.345703125 0.4951171875 0.310546875 0.3955078125 0.2587890625 0.36328125
0 0.26953125 0.5517578125 0.1826171875 0.51953125 0.1005859375 0.529296875 0.05859375 0.5673828125 0.05859375 0.6318359375 0.1064453125 0.67578125 0.171875 0.6806640625 0.216796875 0.6708984375 0.22265625 0.6044921875 0.267578125 0.5654296875 0.26953125 0.5517578125
0 0.4423828125 0.619140625 0.4814453125 0.607421875 0.482421875 0.5888671875 0.4384765625 0.5546875 0.3662109375 0.546875 0.3134765625 0.552734375 0.2587890625 0.57421875 0.22265625 0.6162109375 0.232421875 0.6982421875 0.2744140625 0.734375 0.3271484375 0.748046875 0.369140625 0.7470703125 0.380859375 0.7412109375 0.380859375 0.6962890625 0.40234375 0.6552734375 0.4423828125 0.619140625
0 0.3828125 0.7607421875 0.2666015625 0.734375 0.2236328125 0.6953125 0.1865234375 0.701171875 0.1474609375 0.720703125 0.1171875 0.7724609375 0.123046875 0.8232421875 0.142578125 0.8505859375 0.1904296875 0.880859375 0.294921875 0.8818359375 0.306640625 0.8779296875 0.3330078125 0.828125 0.39453125 0.7880859375 0.3828125 0.7607421875
0 0.615234375 0.8564453125 0.5888671875 0.83984375 0.4931640625 0.833984375 0.4111328125 0.80078125 0.3701171875 0.810546875 0.31640625 0.8583984375 0.3125 0.8955078125 0.32421875 0.9287109375 0.3896484375 0.984375 0.462890625 0.9951171875 0.5244140625 0.98046875 0.6005859375 0.94140625 0.6171875 0.9091796875 0.615234375 0.8564453125