0 0.93515625 0.1734375 0.12265625 0.15625
0 0.975 0.3109375 0.04296875 0.13203125
0 0.915625 0.2484375 0.06953125 0.10078125
0 0.9015625 0.3265625 0.0984375 0.125
0 0.959375 0.4375 0.0765625 0.13203125
0 0.90625 0.50234375 0.0578125 0.1203125
0 0.9015625 0.421875 0.03828125 0.053125
0 0.915625 0.62265625 0.0890625 0.18046875
0 0.9671875 0.5921875 0.0578125 0.13203125
0 0.8890625 0.74296875 0.06953125 0.1921875
0 0.921875 0.7875 0.0578125 0.1734375
0 0.97734375 0.790625 0.03828125 0.28828125
0 0.94375 0.88359375 0.10546875 0.209375
0 0.85703125 0.84140625 0.02421875 0.125
0 0.87734375 0.9234375 0.0671875 0.14921875
0 0.9578125 0.953125 0.084375 0.0890625
0 0.72265625 0.8265625 0.09140625 0.16796875
0 0.80390625 0.7671875 0.10078125 0.15625
0 0.80390625 0.63828125 0.115625 0.1734375
0 0.6890625 0.6828125 0.12265625 0.178125
0 0.6546875 0.80859375 0.0625 0.13203125
0 0.7515625 0.9390625 0.084375 0.11796875
0 0.7953125 0.97109375 0.0671875 0.053125
0 0.678125 0.921875 0.06953125 0.1078125
0 0.66015625 0.98046875 0.06015625 0.03359375
0 0.7234375 0.9828125 0.0671875 0.02890625
0 0.821875 0.3328125 0.0671875 0.353125
0 0.75234375 0.31484375 0.08671875 0.28125
0 0.7515625 0.45546875 0.09609375 0.37265625
0 0.71171875 0.55390625 0.17578125 0.26953125
0 0.66328125 0.51171875 0.08671875 0.16328125
0 0.6734375 0.39765625 0.10546875 0.2328125
0 0.62265625 0.41328125 0.09609375 0.14453125
0 0.6140625 0.3734375 0.16328125 0.196875
0 0.671875 0.24296875 0.14921875 0.14921875
0 0.62734375 0.2390625 0.08671875 0.13203125
0 0.0453125 0.8890625 0.08671875 0.115625
0 0.02265625 0.82578125 0.040625 0.05078125
0 0.05859375 0.8234375 0.03359375 0.0671875
0 0.09375 0.8296875 0.03125 0.053125
0 0.10078125 0.78125 0.04296875 0.0671875
0 0.0609375 0.73671875 0.06953125 0.1203125
0 0.10234375 0.71875 0.03359375 0.071875
0 0.08046875 0.66484375 0.0484375 0.071875
0 0.0296875 0.66171875 0.059375 0.1015625
0 0.0140625 0.7359375 0.02421875 0.08671875
0 0.021875 0.56015625 0.03828125 0.10078125
0 0.05859375 0.51796875 0.06015625 0.125
0 0.02265625 0.44921875 0.040625 0.134375
0 0.0328125 0.34765625 0.06015625 0.12265625
0 0.103125 0.275 0.115625 0.178125
0 0.14296875 0.14453125 0.0890625 0.178125
0 0.19453125 0.34375 0.0671875 0.1515625
0 0.13203125 0.3859375 0.0671875 0.0671875
0 0.178125 0.2546875 0.03828125 0.053125
0 0.05859375 0.15 0.08671875 0.15625
0 0.234375 0.1671875 0.11328125 0.21640625
0 0.290625 0.10234375 0.13203125 0.1921875
0 0.37265625 0.29296875 0.1203125 0.240625
0 0.2859375 0.353125 0.09609375 0.2015625
0 0.2203125 0.4859375 0.06953125 0.09609375
0 0.15 0.49140625 0.06953125 0.1203125
0 0.09765625 0.4859375 0.04296875 0.084375
0 0.11875 0.578125 0.06015625 0.0890625
0 0.19375 0.58984375 0.09609375 0.1390625
0 0.24765625 0.634375 0.0453125 0.1078125
0 0.2515625 0.56640625 0.0265625 0.053125
0 0.2078125 0.69140625 0.0671875 0.09140625
0 0.1453125 0.67890625 0.06015625 0.09140625
0 0.25703125 0.790625 0.0578125 0.1078125
0 0.27265625 0.9015625 0.0625 0.125
0 0.2125 0.8953125 0.06953125 0.1390625
0 0.2046875 0.78125 0.053125 0.10078125
0 0.1546875 0.82109375 0.071875 0.14453125
0 0.25 0.9828125 0.053125 0.02890625
0 0.30625 0.9828125 0.06015625 0.02890625
0 0.35546875 0.9203125 0.10546875 0.15390625
0 0.415625 0.84765625 0.10546875 0.196875
0 0.31875 0.803125 0.084375 0.1203125
0 0.375 0.67890625 0.115625 0.1390625
0 0.3890625 0.584375 0.0984375 0.28125
0 0.3109375 0.5296875 0.0765625 0.196875
0 0.30625 0.65 0.0796875 0.16328125
0 0.57578125 0.05625 0.02890625 0.10078125
0 0.54453125 0.05390625 0.0265625 0.09609375
0 0.5609375 0.0265625 0.01953125 0.04296875
0 0.52734375 0.08046875 0.03828125 0.14921875
0 0.50390625 0.078125 0.02421875 0.071875
0 0.4953125 0.04453125 0.03828125 0.0765625
0 0.46484375 0.0359375 0.0265625 0.0359375
0 0.4421875 0.078125 0.0453125 0.1078125
0 0.41953125 0.15 0.0265625 0.14453125
0 0.46875 0.13828125 0.08671875 0.06015625
0 0.45703125 0.09609375 0.02890625 0.0484375
0 0.46875 0.140625 0.08671875 0.053125
0 0.4734375 0.1828125 0.0890625 0.09140625
0 0.50625 0.1828125 0.0890625 0.0671875
0 0.51953125 0.209375 0.0625 0.06015625
0 0.41484375 0.21484375 0.09609375 0.06015625
0 0.49140625 0.26953125 0.0796875 0.0484375
0 0.51953125 0.2484375 0.0578125 0.02890625
0 0.56484375 0.2390625 0.0265625 0.25
0 0.59140625 0.1828125 0.0265625 0.3171875
0 0.50859375 0.35 0.071875 0.125
0 0.48046875 0.353125 0.0625 0.13203125
0 0.44140625 0.32109375 0.04296875 0.14921875
0 0.44375 0.41953125 0.02890625 0.06015625
0 0.45078125 0.3734375 0.0625 0.10078125
0 0.46171875 0.4640625 0.0796875 0.0671875
0 0.4328125 0.4703125 0.09140625 0.0671875
0 0.4421875 0.51171875 0.1203125 0.09140625
0 0.51796875 0.5 0.0265625 0.1734375
0 0.5046875 0.5203125 0.10546875 0.0484375
0 0.5828125 0.5265625 0.02890625 0.1203125
0 0.56640625 0.584375 0.0484375 0.04296875
0 0.47265625 0.6203125 0.0578125 0.1390625
0 0.4421875 0.6140625 0.0671875 0.115625
0 0.5046875 0.62265625 0.0671875 0.14453125
0 0.5140625 0.65234375 0.053125 0.071875
0 0.475 0.62890625 0.01953125 0.14453125
0 0.571875 0.65625 0.0171875 0.10078125
0 0.55859375 0.66484375 0.0359375 0.084375
0 0.58046875 0.7875 0.0265625 0.16328125
0 0.55625 0.79296875 0.02421875 0.18515625
0 0.5265625 0.775 0.02421875 0.125
0 0.50625 0.77265625 0.02421875 0.15625
0 0.47734375 0.8234375 0.03125 0.2328125
0 0.48671875 0.79921875 0.09609375 0.02890625
0 0.5 0.9234375 0.03828125 0.14921875
0 0.50390625 0.9234375 0.03125 0.14921875
0 0.5359375 0.93515625 0.04296875 0.125
0 0.5609375 0.9640625 0.03359375 0.0484375
0 0.59140625 0.94375 0.0265625 0.0765625
0 0.5578125 0.8953125 0.0265625 0.0671875
0 0.57421875 0.89765625 0.03359375 0.071875
0 0.52265625 0.9078125 0.0359375 0.0765625