0 0.35234375 0.56015625 0.48046875 0.30078125
0 0.25703125 0.3640625 0.40859375 0.24296875
0 0.3015625 0.12109375 0.4375 0.2359375
0 0.65390625 0.11796875 0.3125 0.228125
0 0.8703125 0.1140625 0.25 0.22109375
0 0.775 0.44453125 0.4375 0.31015625
0 0.678125 0.3234375 0.4203125 0.228125
0 0.7609375 0.65625 0.4328125 0.2546875
0 0.9046875 0.75234375 0.178125 0.31953125
0 0.75703125 0.89453125 0.47578125 0.20703125
0 0.4203125 0.7984375 0.3796875 0.228125
0 0.40390625 0.93984375 0.27421875 0.115625
0 0.125 0.859375 0.25 0.26171875
0 0.0765625 0.6 0.153125 0.290625
0 0.07421875 0.2046875 0.1484375 0.1875
0 0.07109375 0.05078125 0.1421875 0.09375