0 0.2046875 0.390625 0.30078125 0.1203125
0 0.1609375 0.39453125 0.13671875 0.0984375
0 0.09609375 0.3890625 0.0484375 0.04296875
0 0.16328125 0.3078125 0.0765625 0.053125
0 0.1421875 0.24375 0.1734375 0.1828125
0 0.2515625 0.3125 0.03359375 0.05078125
0 0.24609375 0.265625 0.16328125 0.08671875
0 0.234375 0.23046875 0.0984375 0.0671875
0 0.1671875 0.1234375 0.06015625 0.0359375
0 0.08984375 0.4640625 0.0484375 0.03359375
0 0.12890625 0.44609375 0.0484375 0.02421875
0 0.0875 0.490625 0.04296875 0.02890625
0 0.04296875 0.49296875 0.04296875 0.03828125
0 0.046875 0.4640625 0.0484375 0.02421875
0 0.02734375 0.446875 0.04296875 0.02890625
0 0.02421875 0.41953125 0.03828125 0.02421875
0 0.04296875 0.5328125 0.053125 0.0484375
0 0.01953125 0.553125 0.02890625 0.0359375
0 0.27265625 0.4046875 0.0765625 0.0484375
0 0.32578125 0.37109375 0.071875 0.02890625
0 0.33671875 0.4078125 0.06015625 0.05078125
0 0.7484375 0.02734375 0.196875 0.0484375
0 0.71015625 0.04296875 0.1203125 0.0578125
0 0.65 0.078125 0.1875 0.084375
0 0.7296875 0.09140625 0.125 0.06484375
0 0.8140625 0.1109375 0.1875 0.0765625
0 0.86640625 0.09140625 0.14921875 0.08203125
0 0.91796875 0.0765625 0.0984375 0.071875
0 0.96015625 0.02421875 0.07421875 0.04296875
0 0.88828125 0.0140625 0.071875 0.021875
0 0.734375 0.02734375 0.2234375 0.0484375
0 0.58203125 0.03125 0.115625 0.053125
0 0.984375 0.1078125 0.0265625 0.1296875
0 0.84375 0.59140625 0.14921875 0.0984375
0 0.80078125 0.4859375 0.071875 0.084375
0 0.87734375 0.46171875 0.08203125 0.115625
0 0.78359375 0.46484375 0.103125 0.115625
0 0.84765625 0.86171875 0.1421875 0.0890625
0 0.65234375 0.9578125 0.13671875 0.0765625
0 0.71015625 0.975 0.0796875 0.0453125
0 0.36875 0.93125 0.03828125 0.05078125
0 0.29921875 0.94609375 0.084375 0.103125
0 0.2875 0.9015625 0.13671875 0.0578125
0 0.26796875 0.9265625 0.0765625 0.021875
0 0.196875 0.95078125 0.20703125 0.03359375
0 0.1234375 0.978125 0.1609375 0.03828125
0 0.16796875 0.9859375 0.10546875 0.02421875
0 0.0328125 0.9265625 0.053125 0.04296875
0 0.04921875 0.89765625 0.08671875 0.05078125
0 0.0296875 0.97109375 0.05078125 0.053125
0 0.06015625 0.81484375 0.08671875 0.115625
0 0.0625 0.7671875 0.115625 0.08671875
0 0.03828125 0.71015625 0.0671875 0.040625
0 0.0875 0.72265625 0.0765625 0.03828125
0 0.0328125 0.84375 0.04296875 0.02890625
0 0.0328125 0.81640625 0.04296875 0.03359375
0 0.11171875 0.82578125 0.03828125 0.02890625
0 0.1421875 0.8109375 0.04296875 0.0359375
0 0.1390625 0.8578125 0.09140625 0.05078125
0 0.2234375 0.84375 0.1421875 0.0359375
0 0.240625 0.8796875 0.0671875 0.0578125
0 0.27265625 0.8609375 0.0671875 0.03359375
0 0.084375 0.8859375 0.13671875 0.0484375
0 0.39921875 0.79296875 0.053125 0.04296875
0 0.4421875 0.7703125 0.0765625 0.02890625
0 0.4265625 0.7453125 0.0984375 0.04296875
0 0.40390625 0.72265625 0.08671875 0.03828125
0 0.22109375 0.7234375 0.06015625 0.0578125
0 0.1828125 0.7296875 0.0484375 0.053125
0 0.13125 0.7546875 0.04296875 0.0671875
0 0.19140625 0.7875 0.053125 0.053125
0 0.259375 0.80859375 0.06015625 0.03359375
0 0.3578125 0.84375 0.0484375 0.09609375
0 0.41015625 0.8578125 0.04296875 0.071875
0 0.09609375 0.65859375 0.08203125 0.0359375
0 0.0921875 0.6203125 0.0671875 0.0484375
0 0.13671875 0.584375 0.0671875 0.03828125
0 0.17421875 0.61328125 0.08671875 0.053125
0 0.1890625 0.6546875 0.09140625 0.0578125
0 0.19375 0.69140625 0.071875 0.0359375
0 0.259375 0.6546875 0.06015625 0.04296875
0 0.2703125 0.6984375 0.06015625 0.05078125
0 0.30078125 0.7203125 0.04296875 0.02890625
0 0.34140625 0.69140625 0.08203125 0.0359375
0 0.3734375 0.6734375 0.0484375 0.021875
0 0.36640625 0.6453125 0.053125 0.03359375
0 0.3171875 0.6515625 0.0671875 0.0359375
0 0.4078125 0.65234375 0.06015625 0.0484375
0 0.46171875 0.6703125 0.071875 0.03828125
0 0.48671875 0.71484375 0.03359375 0.03828125
0 0.5171875 0.65625 0.071875 0.03828125
0 0.5578125 0.63203125 0.0765625 0.0359375
0 0.5734375 0.5921875 0.0765625 0.0359375
0 0.55390625 0.56015625 0.071875 0.04296875
0 0.6140625 0.546875 0.06015625 0.0484375
0 0.61796875 0.5140625 0.053125 0.02421875
0 0.6609375 0.49609375 0.08671875 0.03828125
0 0.6390625 0.47109375 0.0671875 0.01953125
0 0.71015625 0.43515625 0.08671875 0.0625
0 0.6203125 0.4421875 0.09140625 0.03828125
0 0.5515625 0.4359375 0.0765625 0.0359375
0 0.478125 0.40390625 0.071875 0.05078125
0 0.4265625 0.3234375 0.03359375 0.05078125
0 0.4421875 0.421875 0.03359375 0.0359375
0 0.259375 0.446875 0.071875 0.0359375
0 0.26171875 0.48203125 0.0765625 0.03359375
0 0.23828125 0.509375 0.071875 0.0359375
0 0.2125 0.478125 0.04296875 0.03359375
0 0.1828125 0.5140625 0.0484375 0.03828125
0 0.171875 0.55625 0.08203125 0.05078125
0 0.240625 0.54296875 0.053125 0.03359375
0 0.259375 0.5765625 0.08203125 0.0484375
0 0.24296875 0.61328125 0.0484375 0.03359375
0 0.30859375 0.60546875 0.071875 0.0484375
0 0.30859375 0.578125 0.03828125 0.021875
0 0.3171875 0.54921875 0.053125 0.02890625
0 0.34765625 0.52421875 0.071875 0.04296875
0 0.303125 0.50625 0.06015625 0.0359375
0 0.37109375 0.47578125 0.021875 0.0140625
0 0.44609375 0.490625 0.071875 0.04296875
0 0.4640625 0.453125 0.0671875 0.03828125
0 0.5109375 0.46484375 0.071875 0.04296875
0 0.5765625 0.4796875 0.08203125 0.0359375
0 0.5515625 0.521875 0.0765625 0.03828125
0 0.5109375 0.5109375 0.071875 0.03828125
0 0.5 0.553125 0.0484375 0.04296875
0 0.453125 0.53125 0.053125 0.04296875
0 0.45078125 0.5734375 0.071875 0.03828125
0 0.459375 0.609375 0.0671875 0.03359375
0 0.50625 0.6 0.02890625 0.021875
0 0.47578125 0.63203125 0.053125 0.02890625
0 0.4078125 0.54921875 0.06015625 0.0359375
0 0.396875 0.5109375 0.0484375 0.03359375
0 0.3609375 0.56875 0.0671875 0.03828125
0 0.40390625 0.57421875 0.021875 0.0140625
0 0.38828125 0.6 0.0671875 0.04296875
0 0.53828125 0.0890625 0.06015625 0.03359375
0 0.584375 0.10234375 0.053125 0.02890625
0 0.6265625 0.1109375 0.03828125 0.01953125
0 0.50234375 0.06875 0.04296875 0.021875
0 0.51953125 0.11640625 0.1109375 0.071875
0 0.49140625 0.12734375 0.04296875 0.02890625
0 0.47265625 0.1453125 0.125 0.05078125
0 0.44609375 0.2234375 0.06015625 0.0625
0 0.45703125 0.18125 0.06015625 0.02890625
0 0.4703125 0.3125 0.0765625 0.08203125
0 0.43984375 0.2703125 0.03828125 0.03359375
0 0.51953125 0.91953125 0.0984375 0.02890625
0 0.521875 0.97265625 0.0484375 0.053125
0 0.44140625 0.97734375 0.11796875 0.040625
0 0.47265625 0.95078125 0.115625 0.0484375
0 0.521875 0.89453125 0.115625 0.071875
0 0.765625 0.28984375 0.38203125 0.053125
0 0.71875 0.22578125 0.47578125 0.10078125
0 0.759375 0.20546875 0.3703125 0.084375
0 0.76171875 0.14921875 0.321875 0.08203125
0 0.72109375 0.3328125 0.3390625 0.084375
0 0.80078125 0.3125 0.13671875 0.0359375
0 0.7234375 0.38203125 0.2015625 0.08203125
0 0.58203125 0.39296875 0.30078125 0.115625
0 0.5734375 0.33984375 0.15390625 0.1203125
0 0.97265625 0.2484375 0.053125 0.084375
0 0.62890625 0.8328125 0.04296875 0.1296875
0 0.68046875 0.6671875 0.103125 0.02421875
0 0.6859375 0.625 0.06015625 0.0578125
0 0.73828125 0.56015625 0.0765625 0.021875
0 0.765625 0.5421875 0.0984375 0.02890625
0 0.9671875 0.79296875 0.03359375 0.02890625
0 0.9734375 0.74375 0.0484375 0.084375
0 0.9578125 0.6625 0.0796875 0.084375
0 0.96015625 0.5953125 0.07421875 0.06953125
0 0.9125 0.79296875 0.0765625 0.1109375
0 0.8578125 0.77265625 0.1109375 0.0984375
0 0.84375 0.69453125 0.115625 0.1078125
0 0.77265625 0.9125 0.06015625 0.04296875
0 0.72734375 0.84140625 0.0984375 0.1421875
0 0.734375 0.734375 0.103125 0.15390625
0 0.77265625 0.68359375 0.18046875 0.08671875
0 0.6609375 0.7125 0.08671875 0.10078125
0 0.678125 0.62890625 0.08671875 0.06484375
0 0.6140625 0.83984375 0.2359375 0.10078125
0 0.5984375 0.759375 0.103125 0.115625
0 0.1828125 0.390625 0.21171875 0.0984375
0 0.15859375 0.390625 0.1203125 0.084375
3 0.94375 0.428125 0.1078125 0.27421875
3 0.9546875 0.41796875 0.08671875 0.27890625