0 0.05546875 0.38671875 0.103125 0.18984375
0 0.05546875 0.5421875 0.103125 0.1296875
0 0.053125 0.68125 0.10078125 0.14921875
0 0.06015625 0.88671875 0.11328125 0.2140625
0 0.2078125 0.93515625 0.271875 0.1203125
0 0.259375 0.64921875 0.08203125 0.16796875
0 0.27890625 0.7171875 0.0578125 0.11328125
0 0.196875 0.72578125 0.1078125 0.1203125
0 0.115625 0.75 0.06953125 0.0484375
0 0.16328125 0.5265625 0.19921875 0.4109375
0 0.08984375 0.29453125 0.1734375 0.1734375
0 0.19453125 0.3328125 0.178125 0.14453125
0 0.10234375 0.1359375 0.1609375 0.2671875
0 0.1046875 0.2140625 0.2015625 0.1296875
0 0.3078125 0.14453125 0.22578125 0.28359375
0 0.3265625 0.39296875 0.1203125 0.31015625
0 0.3234375 0.4015625 0.1203125 0.2453125
0 0.34140625 0.62734375 0.09140625 0.1734375
0 0.39296875 0.64921875 0.10546875 0.16796875
0 0.36640625 0.75625 0.08203125 0.1203125
0 0.48203125 0.5421875 0.09140625 0.18984375
0 0.5515625 0.5296875 0.08203125 0.15390625
0 0.63203125 0.57421875 0.0765625 0.1609375
0 0.70703125 0.66328125 0.20703125 0.11328125
0 0.68984375 0.69921875 0.11328125 0.26953125
0 0.73203125 0.57421875 0.06953125 0.10078125
0 0.71875 0.52421875 0.0625 0.08203125
0 0.80078125 0.49140625 0.0671875 0.11328125
0 0.796875 0.58046875 0.06015625 0.0890625
0 0.58671875 0.75 0.10546875 0.15390625
0 0.509375 0.7703125 0.053125 0.10078125
0 0.53359375 0.6515625 0.146875 0.13671875
0 0.446875 0.7359375 0.0671875 0.14921875
0 0.83046875 0.6671875 0.22109375 0.3578125
0 0.9171875 0.57109375 0.11328125 0.2140625
0 0.93046875 0.41953125 0.134375 0.28125
0 0.79453125 0.36875 0.2015625 0.31015625
0 0.51328125 0.42578125 0.38671875 0.2453125
0 0.46875 0.2703125 0.11796875 0.11328125
0 0.6 0.2921875 0.134375 0.08203125
0 0.71640625 0.2859375 0.1203125 0.1203125