0 0.475 0.5828125 0.2546875 0.3296875
0 0.6390625 0.75 0.1734375 0.23046875
0 0.6625 0.9046875 0.25703125 0.18046875
0 0.82578125 0.8578125 0.23046875 0.27421875
0 0.7125 0.38125 0.08203125 0.14453125
0 0.83515625 0.365625 0.1203125 0.15625
0 0.9203125 0.29921875 0.1203125 0.134375
0 0.7515625 0.18515625 0.33671875 0.3609375
0 0.9390625 0.17890625 0.11796875 0.353125
0 0.53515625 0.34765625 0.228125 0.303125
0 0.296875 0.6984375 0.16328125 0.32421875
0 0.4171875 0.853125 0.271875 0.28359375
0 0.15 0.884375 0.240625 0.22109375
0 0.01171875 0.909375 0.0234375 0.159375
0 0.91015625 0.790625 0.09609375 0.1296875
0 0.85078125 0.646875 0.1203125 0.1609375
0 0.975 0.67578125 0.04296875 0.165625
0 0.91328125 0.5515625 0.0890625 0.11328125
0 0.7359375 0.62109375 0.09609375 0.14921875
0 0.66953125 0.5 0.08203125 0.11328125
0 0.91328125 0.43046875 0.0890625 0.1296875
0 0.98046875 0.525 0.03125 0.11328125
0 0.771875 0.5046875 0.10078125 0.11328125
0 0.34765625 0.3265625 0.09375 0.1390625
0 0.4171875 0.22734375 0.08671875 0.125
0 0.328125 0.21171875 0.09375 0.11328125
0 0.20703125 0.234375 0.08203125 0.1078125
0 0.146875 0.321875 0.10078125 0.09609375
0 0.2453125 0.353125 0.09609375 0.1390625
0 0.2671875 0.45078125 0.125 0.1296875
0 0.29921875 0.52890625 0.071875 0.0765625
0 0.365625 0.45703125 0.0671875 0.08671875
0 0.1625 0.5046875 0.08671875 0.103125
0 0.140625 0.42578125 0.09609375 0.1203125
0 0.0640625 0.4046875 0.0671875 0.09609375
0 0.04921875 0.49609375 0.09375 0.1515625
0 0.0484375 0.634375 0.08203125 0.14453125
0 0.1234375 0.646875 0.1078125 0.14921875
0 0.05078125 0.71875 0.06953125 0.08671875
0 0.13359375 0.75 0.11328125 0.1203125
0 0.1984375 0.6671875 0.05078125 0.1203125
0 0.15390625 0.14765625 0.303125 0.290625
0 0.45703125 0.10703125 0.26953125 0.209375