0 0.053125 0.1078125 0.09609375 0.12265625
0 0.1234375 0.17890625 0.10546875 0.103125
0 0.0484375 0.2359375 0.08671875 0.12265625
0 0.078125 0.2671875 0.08671875 0.09140625
0 0.134375 0.2453125 0.03359375 0.0484375
0 0.1765625 0.06875 0.1921875 0.12734375
0 0.2359375 0.0265625 0.0578125 0.04296875
0 0.24765625 0.06640625 0.04296875 0.0484375
0 0.2390625 0.103125 0.04296875 0.03828125
0 0.109375 0.35546875 0.0671875 0.071875
0 0.196875 0.36796875 0.0671875 0.0578125
0 0.2015625 0.44375 0.0578125 0.0671875
0 0.2015625 0.5171875 0.05078125 0.0625
0 0.17890625 0.47109375 0.0453125 0.0578125
0 0.1546875 0.509375 0.05078125 0.0671875
0 0.12109375 0.4734375 0.05078125 0.08203125
0 0.11328125 0.41015625 0.03359375 0.03828125
0 0.06484375 0.40390625 0.053125 0.071875
0 0.02890625 0.365625 0.05078125 0.071875
0 0.0625 0.33984375 0.03359375 0.0484375
0 0.15390625 0.3921875 0.053125 0.08671875
0 0.084375 0.47578125 0.0671875 0.0765625
0 0.0359375 0.50703125 0.0625 0.08203125
0 0.03359375 0.42890625 0.04296875 0.0578125
0 0.0796875 0.54921875 0.0671875 0.08203125
0 0.10703125 0.56875 0.053125 0.09140625
0 0.14296875 0.58046875 0.04296875 0.0671875
0 0.171875 0.59375 0.03359375 0.0578125
0 0.19609375 0.6109375 0.01171875 0.03359375
0 0.18046875 0.6515625 0.04296875 0.0671875
0 0.1515625 0.6578125 0.04296875 0.0625
0 0.140625 0.6421875 0.03828125 0.0578125
0 0.103125 0.64453125 0.053125 0.071875
0 0.07578125 0.63671875 0.04296875 0.0671875
0 0.03984375 0.69375 0.0625 0.0671875
0 0.0359375 0.6203125 0.0625 0.071875
0 0.02734375 0.55859375 0.0453125 0.04296875
0 0.44609375 0.59609375 0.1109375 0.13671875
0 0.5109375 0.5921875 0.071875 0.11796875
0 0.553125 0.6421875 0.0625 0.08671875
0 0.49609375 0.69609375 0.0765625 0.08203125
0 0.4640625 0.75 0.0796875 0.12265625
0 0.42890625 0.7234375 0.084375 0.146875
0 0.39921875 0.6390625 0.03359375 0.071875
0 0.525 0.7875 0.0765625 0.08671875
0 0.475 0.48828125 0.14453125 0.0984375
0 0.4859375 0.453125 0.18046875 0.09375
0 0.48828125 0.4078125 0.1921875 0.08203125
0 0.4859375 0.328125 0.20703125 0.09140625
0 0.4859375 0.2921875 0.20703125 0.0671875
0 0.48828125 0.2359375 0.178125 0.0765625
0 0.49609375 0.19609375 0.15859375 0.09140625
0 0.49375 0.1109375 0.18046875 0.1078125
0 0.4828125 0.06640625 0.16796875 0.0578125
0 0.4859375 0.03125 0.1875 0.053125
0 0.49375 0.86328125 0.071875 0.103125
0 0.4515625 0.9390625 0.09609375 0.11328125
0 0.4328125 0.88671875 0.09140625 0.09375
0 0.396875 0.953125 0.03828125 0.0890625
0 0.42578125 0.99140625 0.08671875 0.01171875
0 0.50390625 0.95546875 0.07421875 0.084375
0 0.6625 0.46875 0.053125 0.071875
0 0.6875 0.48828125 0.03828125 0.053125
0 0.75234375 0.53125 0.05078125 0.0625
0 0.77734375 0.5328125 0.02421875 0.03828125
0 0.72734375 0.54921875 0.04296875 0.0625
0 0.72265625 0.61328125 0.05078125 0.0671875
0 0.75390625 0.615625 0.03828125 0.071875
0 0.7859375 0.58046875 0.0671875 0.0671875
0 0.82109375 0.63203125 0.0625 0.0765625
0 0.8484375 0.68125 0.0578125 0.05078125
0 0.80078125 0.71015625 0.071875 0.0625
0 0.74765625 0.728125 0.05078125 0.071875
0 0.725 0.6859375 0.053125 0.08203125
0 0.7296875 0.8375 0.071875 0.0984375
0 0.76171875 0.81640625 0.0625 0.08671875
0 0.78125 0.8609375 0.04296875 0.0625
0 0.77265625 0.8921875 0.0671875 0.13203125
0 0.7171875 0.946875 0.05546875 0.10078125
0 0.69921875 0.8890625 0.02890625 0.0625
0 0.74375 0.98203125 0.06015625 0.03125
0 0.75 0.34609375 0.10546875 0.240625
0 0.74140625 0.34375 0.053125 0.03828125
0 0.94375 0.56640625 0.0625 0.0578125
0 0.94375 0.6203125 0.053125 0.0625
0 0.91796875 0.6421875 0.02890625 0.0484375
0 0.94375 0.69140625 0.053125 0.06953125
0 0.9734375 0.671875 0.0484375 0.07421875
0 0.99375 0.61875 0.00703125 0.0453125
0 0.9890625 0.57109375 0.01953125 0.0578125
0 0.97578125 0.53984375 0.04296875 0.05546875
0 0.96015625 0.85078125 0.0625 0.08203125
0 0.984375 0.80390625 0.0265625 0.07421875
0 0.9625 0.91484375 0.0671875 0.0578125
0 0.990625 0.87734375 0.0140625 0.0671875
0 0.95078125 0.36328125 0.09375 0.21171875
0 0.92890625 0.3703125 0.02421875 0.0984375
0 0.9375 0.32109375 0.04296875 0.0671875
0 0.96875 0.4234375 0.0578125 0.02421875
0 0.9796875 0.3578125 0.02421875 0.0578125
0 0.984375 0.29453125 0.0265625 0.084375
0 0.97734375 0.2171875 0.02890625 0.02890625
0 0.990625 0.1890625 0.0140625 0.03125
0 0.9515625 0.146875 0.03828125 0.02890625
0 0.94921875 0.11796875 0.03359375 0.02890625
0 0.9578125 0.08515625 0.02421875 0.02890625
0 0.92890625 0.10078125 0.02421875 0.03359375
0 0.9265625 0.146875 0.02890625 0.03828125
0 0.94921875 0.0515625 0.02421875 0.03828125
0 0.9796875 0.03515625 0.02421875 0.03359375
0 0.98046875 0.13203125 0.02890625 0.03828125
0 0.97265625 0.16953125 0.03828125 0.02890625
0 0.9390625 0.17421875 0.03828125 0.03828125
0 0.99296875 0.05390625 0.009375 0.0359375
0 0.99296875 0.103125 0.009375 0.03828125
0 0.7296875 0.06875 0.02890625 0.03359375
0 0.7359375 0.0375 0.03359375 0.02890625
0 0.74375 0.0171875 0.02421875 0.02421875
0 0.7328125 0.09609375 0.02890625 0.03359375
0 0.7140625 0.1078125 0.009375 0.02890625
0 0.72109375 0.14921875 0.01953125 0.04296875
0 0.75 0.1296875 0.01171875 0.02421875
0 0.76953125 0.1109375 0.03359375 0.04296875
0 0.76953125 0.06875 0.04296875 0.04296875
0 0.77890625 0.0265625 0.02890625 0.03359375
0 0.79453125 0.07578125 0.0171875 0.02890625
0 0.7984375 0.1203125 0.0171875 0.03359375
0 0.7921875 0.1578125 0.02890625 0.03359375
0 0.77734375 0.1421875 0.03359375 0.03828125
0 0.775 0.1890625 0.01171875 0.01953125
0 0.7609375 0.19609375 0.02421875 0.03359375
0 0.7390625 0.19140625 0.03359375 0.04296875
0 0.72734375 0.06875 0.02421875 0.03359375
0 0.2125 0.7640625 0.053125 0.03828125
0 0.18515625 0.7328125 0.04296875 0.04296875
0 0.1765625 0.70078125 0.0171875 0.02421875
0 0.2046875 0.79921875 0.0453125 0.04296875
0 0.19140625 0.82109375 0.03828125 0.03828125
0 0.196875 0.865625 0.05078125 0.04296875
0 0.1875 0.91015625 0.0453125 0.0484375
0 0.1875 0.96875 0.03828125 0.053125
0 0.1296875 0.7453125 0.05078125 0.03828125
0 0.1546875 0.7234375 0.04296875 0.04296875
0 0.165625 0.77421875 0.0453125 0.0484375
0 0.146875 0.82109375 0.05078125 0.0484375
0 0.12109375 0.78515625 0.05078125 0.04296875
0 0.16015625 0.8609375 0.04296875 0.05078125
0 0.1296875 0.896875 0.0671875 0.0671875
0 0.140625 0.9484375 0.0453125 0.0484375
0 0.12109375 0.98203125 0.05546875 0.03125
0 0.1578125 0.984375 0.040625 0.0265625
0 0.0609375 0.740625 0.0625 0.0578125
0 0.08203125 0.78515625 0.03828125 0.053125
0 0.10078125 0.728125 0.05078125 0.053125
0 0.09609375 0.83515625 0.05078125 0.0484375
0 0.1296875 0.8578125 0.03359375 0.0359375
0 0.134375 0.896875 0.0578125 0.0578125
0 0.103125 0.92421875 0.0453125 0.0578125
0 0.0953125 0.97109375 0.03828125 0.03828125
0 0.06484375 0.94140625 0.03828125 0.0625
0 0.0484375 0.884375 0.0453125 0.04296875
0 0.025 0.8578125 0.04296875 0.0484375
0 0.02890625 0.80859375 0.05078125 0.053125
0 0.0171875 0.75234375 0.02421875 0.04296875
0 0.0453125 0.77890625 0.03359375 0.03828125
0 0.0609375 0.83046875 0.03828125 0.0484375
0 0.02890625 0.91484375 0.05078125 0.0484375
0 0.025 0.9671875 0.0453125 0.06015625
0 0.05859375 0.98203125 0.0359375 0.03125