0 0.584375 0.5203125 0.2453125 0.16796875
0 0.62265625 0.6859375 0.15859375 0.21640625
0 0.69375 0.7875 0.10546875 0.1421875
0 0.7953125 0.86171875 0.134375 0.2046875
0 0.90859375 0.884375 0.1109375 0.21171875
0 0.7984375 0.7125 0.209375 0.15625
0 0.93359375 0.7046875 0.10546875 0.1390625
0 0.96484375 0.8265625 0.06484375 0.14453125
0 0.9671875 0.95546875 0.06015625 0.084375
0 0.77734375 0.6109375 0.196875 0.21875
0 0.83984375 0.28515625 0.31484375 0.56953125
0 0.77265625 0.21640625 0.37734375 0.4328125
0 0.2875 0.85078125 0.1203125 0.09375
0 0.1859375 0.92421875 0.125 0.10546875
0 0.1625 0.8265625 0.10078125 0.0890625
0 0.0578125 0.83984375 0.10546875 0.0890625
0 0.05546875 0.740625 0.10078125 0.1109375
0 0.084375 0.63125 0.1421875 0.125
0 0.1578125 0.5375 0.1109375 0.09609375
0 0.46640625 0.49296875 0.29296875 0.303125
0 0.46875 0.321875 0.3078125 0.1296875
0 0.4734375 0.26953125 0.34140625 0.09375
0 0.41328125 0.46015625 0.240625 0.1921875
0 0.43984375 0.58203125 0.125 0.134375
0 0.578125 0.11796875 0.303125 0.2359375
0 0.24296875 0.33984375 0.47578125 0.509375
0 0.21484375 0.421875 0.1203125 0.134375
0 0.24609375 0.51796875 0.10078125 0.1109375
0 0.2203125 0.646875 0.1390625 0.1296875
0 0.271875 0.76171875 0.0890625 0.1109375
0 0.1890625 0.75390625 0.084375 0.1296875
0 0.59140625 0.8171875 0.47109375 0.35546875
0 0.54921875 0.82421875 0.4328125 0.34140625
0 0.47578125 0.921875 0.09609375 0.09375
0 0.49765625 0.9796875 0.10546875 0.03125
0 0.57109375 0.96015625 0.10078125 0.071875
0 0.4 0.9734375 0.0890625 0.0453125
0 0.3609375 0.915625 0.09609375 0.115625
0 0.2953125 0.978125 0.09375 0.0359375