0 0.5 0.42890625 0.38203125 0.40859375
0 0.86796875 0.64453125 0.259375 0.3390625
0 0.87109375 0.8171875 0.12734375 0.115625
0 0.66015625 0.73828125 0.178125 0.1875
0 0.53828125 0.7234375 0.125 0.2359375
0 0.5953125 0.86640625 0.15625 0.08203125
0 0.4671875 0.9203125 0.09140625 0.09140625
0 0.72265625 0.93125 0.4828125 0.125
0 0.946875 0.82578125 0.0984375 0.20703125
0 0.27265625 0.6609375 0.4953125 0.66796875
0 0.0203125 0.84765625 0.03828125 0.2953125
0 0.2546875 0.478125 0.2984375 0.321875
0 0.07109375 0.671875 0.1421875 0.27421875
0 0.0984375 0.2984375 0.196875 0.21171875
0 0.08515625 0.4375 0.1703125 0.25
0 0.74765625 0.53828125 0.20703125 0.14921875
0 0.78359375 0.3734375 0.1921875 0.2234375
0 0.78515625 0.37734375 0.26953125 0.20703125
0 0.9578125 0.38828125 0.0765625 0.20703125
0 0.7984375 0.33046875 0.303125 0.15859375
0 0.78359375 0.16953125 0.1421875 0.196875
0 0.8296875 0.1421875 0.30546875 0.26171875
0 0.64453125 0.171875 0.1109375 0.13671875
0 0.5890625 0.1421875 0.15859375 0.1875
0 0.4390625 0.18046875 0.134375 0.08671875
0 0.3796875 0.14453125 0.259375 0.13671875
0 0.12734375 0.13359375 0.196875 0.103125
0 0.29296875 0.240625 0.19921875 0.196875
0 0.1515625 0.0921875 0.1921875 0.1109375
0 0.02890625 0.15234375 0.0578125 0.08671875