0 0.5734375 0.0171875 0.0671875 0.02421875
0 0.6203125 0.0171875 0.02890625 0.02421875
0 0.59609375 0.03828125 0.04296875 0.01953125
0 0.60078125 0.0609375 0.04296875 0.04296875
0 0.6421875 0.0640625 0.03828125 0.03828125
0 0.63359375 0.12109375 0.08671875 0.084375
0 0.65625 0.203125 0.08671875 0.08203125
0 0.603125 0.25859375 0.09140625 0.0578125
0 0.57109375 0.1890625 0.09140625 0.08203125
0 0.54296875 0.11796875 0.103125 0.0765625
0 0.5515625 0.06484375 0.0671875 0.0359375
0 0.50625 0.03515625 0.06015625 0.053125
0 0.4890625 0.0671875 0.06015625 0.0625
0 0.459375 0.0953125 0.0765625 0.0578125
0 0.4828125 0.16015625 0.08203125 0.06484375
0 0.453125 0.1765625 0.08671875 0.0484375
0 0.3859375 0.16328125 0.0484375 0.0359375
0 0.36328125 0.19140625 0.06015625 0.03828125
0 0.44609375 0.2203125 0.09140625 0.0625
0 0.47578125 0.24765625 0.08671875 0.0578125
0 0.50234375 0.290625 0.053125 0.04296875
0 0.48046875 0.3125 0.04296875 0.04296875
0 0.44609375 0.29296875 0.0484375 0.02421875
0 0.5328125 0.34375 0.06015625 0.0484375
0 0.50625 0.3640625 0.06015625 0.05078125
0 0.49765625 0.4109375 0.04296875 0.04296875
0 0.44609375 0.3890625 0.09140625 0.06484375
0 0.415625 0.33671875 0.0984375 0.0671875
0 0.39296875 0.26953125 0.0984375 0.0578125
0 0.33046875 0.23671875 0.0484375 0.0578125
0 0.303125 0.26171875 0.0484375 0.04296875
0 0.27265625 0.29453125 0.053125 0.04296875
0 0.34140625 0.29453125 0.08203125 0.04296875
0 0.3390625 0.34375 0.0671875 0.0671875
0 0.36640625 0.4015625 0.08671875 0.053125
0 0.41015625 0.4578125 0.1203125 0.071875
0 0.4890625 0.46484375 0.06015625 0.06484375
0 0.42890625 0.525 0.115625 0.0671875
0 0.33046875 0.5203125 0.08203125 0.0578125
0 0.30859375 0.4671875 0.103125 0.0671875
0 0.24296875 0.41953125 0.09140625 0.0671875
0 0.27265625 0.39296875 0.0984375 0.0578125
0 0.27890625 0.35078125 0.1203125 0.0625
0 0.234375 0.32578125 0.04296875 0.03359375
0 0.2046875 0.3640625 0.03828125 0.0359375
0 0.38203125 0.58515625 0.0671875 0.071875
0 0.4125 0.60703125 0.08203125 0.06484375
0 0.19921875 0.4890625 0.125 0.0765625
0 0.28125 0.55078125 0.125 0.0765625
0 0.4421875 0.678125 0.1109375 0.084375
0 0.390625 0.73046875 0.13671875 0.09609375
0 0.33046875 0.665625 0.125 0.08671875
0 0.3390625 0.60234375 0.0671875 0.053125
0 0.240625 0.60234375 0.1296875 0.0765625
0 0.15625 0.55625 0.115625 0.071875
0 0.103125 0.49296875 0.0671875 0.0625
0 0.13671875 0.44609375 0.053125 0.0625
0 0.0578125 0.55390625 0.071875 0.0671875
0 0.11171875 0.6109375 0.125 0.071875
0 0.02734375 0.60546875 0.04296875 0.0671875
0 0.084375 0.6765625 0.125 0.08671875
0 0.2078125 0.6734375 0.1296875 0.09609375
0 0.13671875 0.7453125 0.1203125 0.08203125
0 0.25390625 0.7453125 0.125 0.0890625
0 0.3140625 0.796875 0.125 0.08203125
0 0.4265625 0.80859375 0.1421875 0.0984375
0 0.3609375 0.8859375 0.1296875 0.084375
0 0.27890625 0.84765625 0.0765625 0.0359375
0 0.2515625 0.89453125 0.0765625 0.06484375
0 0.21640625 0.8296875 0.09140625 0.08203125
0 0.109375 0.82578125 0.15390625 0.11796875
0 0.04296875 0.76171875 0.0765625 0.084375
0 0.02734375 0.83984375 0.04296875 0.08671875
0 0.06015625 0.9328125 0.1109375 0.1203125
0 0.16953125 0.91953125 0.1296875 0.1109375
0 0.2046875 0.9703125 0.14921875 0.05546875
0 0.078125 0.9890625 0.12265625 0.0171875
0 0.303125 0.94921875 0.103125 0.08203125
0 0.7015625 0.8453125 0.115625 0.09140625
0 0.65859375 0.890625 0.02890625 0.04296875
0 0.58203125 0.96484375 0.09140625 0.03359375
0 0.7046875 0.9265625 0.1109375 0.071875
0 0.77890625 0.9234375 0.08203125 0.071875
0 0.77734375 0.975 0.05546875 0.0453125
0 0.7125 0.984375 0.07421875 0.0265625
0 0.86796875 0.978125 0.10546875 0.03828125
0 0.87109375 0.94921875 0.06015625 0.0359375
0 0.84140625 0.89765625 0.04296875 0.0578125
0 0.82578125 0.94609375 0.04296875 0.05078125
0 0.890625 0.890625 0.08671875 0.0578125
0 0.87734375 0.8328125 0.06015625 0.0578125
0 0.8796875 0.7765625 0.053125 0.0484375
0 0.90390625 0.7203125 0.08203125 0.05078125
0 0.85 0.73046875 0.0484375 0.04296875
0 0.85546875 0.6890625 0.03828125 0.03359375
0 0.8859375 0.6515625 0.0765625 0.05078125
0 0.9015625 0.61328125 0.0671875 0.0484375
0 0.93984375 0.5671875 0.0765625 0.0578125
0 0.9640625 0.546875 0.06015625 0.0484375
0 0.93984375 0.49375 0.0671875 0.04296875
0 0.978125 0.50234375 0.03359375 0.04296875
0 0.9484375 0.4578125 0.0484375 0.02890625
0 0.97734375 0.44375 0.040625 0.03125
0 0.9484375 0.41953125 0.06015625 0.0484375
0 0.9625 0.36171875 0.06953125 0.06953125
0 0.828125 0.23046875 0.03828125 0.02421875
0 0.82578125 0.25234375 0.04296875 0.01953125
0 0.78359375 0.259375 0.03828125 0.02421875
0 0.765625 0.23828125 0.03359375 0.01953125
0 0.74296875 0.2203125 0.03359375 0.01953125
0 0.7984375 0.21484375 0.03359375 0.04296875
0 0.759375 0.18359375 0.053125 0.0671875
0 0.60703125 0.678125 0.25 0.0984375
0 0.609375 0.62890625 0.25703125 0.1109375
0 0.609375 0.603125 0.2359375 0.115625
0 0.696875 0.62734375 0.115625 0.03828125
0 0.6390625 0.57421875 0.240625 0.1109375
0 0.66328125 0.52734375 0.25703125 0.1296875
0 0.65859375 0.47265625 0.25703125 0.09609375
0 0.821875 0.4796875 0.103125 0.071875
0 0.7234375 0.4109375 0.2359375 0.115625
0 0.66328125 0.43125 0.2234375 0.09140625
0 0.75390625 0.3796875 0.23046875 0.134375
0 0.81953125 0.375 0.0765625 0.0359375
0 0.7484375 0.3296875 0.20703125 0.1203125
0 0.77890625 0.2796875 0.16796875 0.1296875
0 0.696875 0.78125 0.15859375 0.08671875
0 0.5875 0.765625 0.13671875 0.10546875
0 0.52734375 0.81640625 0.09140625 0.03828125
0 0.74609375 0.734375 0.115625 0.07421875
0 0.7953125 0.6515625 0.09140625 0.06484375
0 0.8171875 0.57421875 0.103125 0.09609375
0 0.06015625 0.04296875 0.0984375 0.08203125