0 0.7125 0.41484375 0.33203125 0.21875
0 0.55390625 0.54296875 0.34375 0.25
0 0.4640625 0.77265625 0.3703125 0.2453125
0 0.7296875 0.78984375 0.26953125 0.2328125
0 0.82578125 0.6109375 0.2953125 0.21171875
0 0.36328125 0.0609375 0.509375 0.1109375
0 0.3609375 0.15625 0.5578125 0.1109375
0 0.17421875 0.7015625 0.3390625 0.4234375
0 0.15625 0.55625 0.09140625 0.21171875
0 0.0578125 0.609375 0.103125 0.7453125
0 0.09609375 0.31640625 0.09140625 0.26171875
0 0.85 0.9125 0.18046875 0.16796875
0 0.96484375 0.8703125 0.06484375 0.053125
0 0.9171875 0.6453125 0.1609375 0.37734375
0 0.80390625 0.2296875 0.38671875 0.459375