0 0.291015625 0.8779296875 0.3046875 0.8466796875 0.2861328125 0.80078125 0.22385817343749997 0.8203125 0.2060546875 0.826171875 0.15234375 0.8759765625 0.154296875 0.9111328125 0.181640625 0.9345703125 0.21484375 0.9990234375 0.232421875 0.9990234375 0.240234375 0.9345703125 0.2919921875 0.9375 0.306640625 0.8994140625 0.291015625 0.8779296875
0 0.919921875 0.3017578125 0.8828125 0.1982421875 0.826171875 0.1162109375 0.7744140625 0.076171875 0.7197265625 0.056640625 0.6318359375 0.05859375 0.59375 0.0888671875 0.572265625 0.1396484375 0.56640625 0.1865234375 0.5703125 0.2236328125 0.61328125 0.3369140625 0.6572265625 0.390625 0.7841796875 0.47265625 0.828125 0.4775390625 0.8798828125 0.458984375 0.91015625 0.4248046875 0.92578125 0.3857421875 0.919921875 0.3017578125
0 0.57421875 0.2568359375 0.541015625 0.1962890625 0.4560546875 0.1015625 0.3837890625 0.0703125 0.3134765625 0.0703125 0.27734375 0.1005859375 0.251953125 0.1494140625 0.248046875 0.2041015625 0.259765625 0.2724609375 0.302734375 0.3623046875 0.3564453125 0.42578125 0.4404296875 0.48046875 0.4765625 0.4853515625 0.5361328125 0.458984375 0.595703125 0.4111328125 0.59765625 0.3388671875 0.57421875 0.2568359375
0 0.78125 0.4873046875 0.77734375 0.4716796875 0.7314453125 0.4375 0.6572265625 0.3984375 0.6123046875 0.36328125 0.599609375 0.4208984375 0.64453125 0.4521484375 0.66015625 0.4814453125 0.66015625 0.5126953125 0.646484375 0.5205078125 0.646484375 0.5009765625 0.6181640625 0.462890625 0.5810546875 0.466796875 0.572265625 0.4951171875 0.603515625 0.5712890625 0.640625 0.5771484375 0.6630859375 0.572265625 0.6884765625 0.54296875 0.7666015625 0.50390625 0.78125 0.4873046875
0 0.4599609375 0.501953125 0.46484375 0.4931640625 0.3564453125 0.4296875 0.30078125 0.3642578125 0.259765625 0.2841796875 0.2431640625 0.279296875 0.212890625 0.2978515625 0.177734375 0.3466796875 0.17578125 0.4521484375 0.205078125 0.5166015625 0.2431640625 0.556640625 0.310546875 0.5849609375 0.3896484375 0.54296875 0.4150390625 0.49609375 0.4404296875 0.4921875 0.4599609375 0.501953125
0 0.12890625 0.4482421875 0.111328125 0.4033203125 0.0869140625 0.38671875 0.0126953125 0.380859375 0.005859375 0.3876953125 0.00390625 0.6376953125 0.013671875 0.6494140625 0.0361328125 0.640625 0.08984375 0.5830078125 0.12890625 0.5087890625 0.12890625 0.4482421875
0 0.21484375 0.6826171875 0.21875 0.6982421875 0.23046875 0.7001953125 0.2783203125 0.685546875 0.28125 0.6748046875 0.2158203125 0.6171875 0.21484375 0.6826171875
0 0.20703125 0.6162109375 0.171875 0.5361328125 0.1455078125 0.513671875 0.12890625 0.5205078125 0.10546875 0.5673828125 0.03515625 0.6474609375 0.0703125 0.7197265625 0.1171875 0.7509765625 0.1318359375 0.73046875 0.17578125 0.7099609375 0.18359375 0.6416015625 0.20703125 0.6162109375
0 0.03515625 0.6552734375 0.0185546875 0.650390625 0.005859375 0.6611328125 0.0078125 0.7666015625 0.0205078125 0.75 0.0361328125 0.75 0.06640625 0.7939453125 0.08203125 0.7958984375 0.1171875 0.7783203125 0.1171875 0.7529296875 0.072265625 0.7216796875 0.03515625 0.6552734375
0 0.47265625 0.6318359375 0.4404296875 0.599609375 0.42578125 0.6318359375 0.4111328125 0.640625 0.3857421875 0.63671875 0.3740234375 0.609375 0.3271484375 0.62109375 0.3125 0.6083984375 0.3076171875 0.583984375 0.2509765625 0.5625 0.2265625 0.5400390625 0.1767578125 0.466796875 0.169921875 0.5244140625 0.2109375 0.6337890625 0.21875 0.7001953125 0.2841796875 0.6875 0.34375 0.7060546875 0.3876953125 0.671875 0.4365234375 0.66796875 0.4736328125 0.650390625 0.47265625 0.6318359375
0 0.23828125 0.7333984375 0.2412109375 0.7421875 0.2734375 0.7490234375 0.3330078125 0.720703125 0.3515625 0.6982421875 0.2666015625 0.7109375 0.23828125 0.7333984375
0 0.341796875 0.7626953125 0.341796875 0.8193359375 0.353515625 0.8291015625 0.37890625 0.8095703125 0.38671875 0.7705078125 0.4091796875 0.7265625 0.341796875 0.7626953125
0 0.40234375 0.7724609375 0.416015625 0.7841796875 0.4140625 0.7939453125 0.373046875 0.8583984375 0.3798828125 0.869140625 0.3984375 0.8681640625 0.4453125 0.8193359375 0.44921875 0.7705078125 0.4384765625 0.73828125 0.40234375 0.7724609375