0 0.11171875 0.28359375 0.21640625 0.3609375
0 0.296875 0.35078125 0.1296875 0.09140625
0 0.2359375 0.25 0.09140625 0.1296875
0 0.334375 0.2609375 0.10546875 0.09609375
0 0.35 0.16015625 0.165625 0.134375
0 0.24296875 0.14453125 0.06953125 0.09140625
0 0.6296875 0.20703125 0.18515625 0.21640625
0 0.490625 0.21875 0.16328125 0.23046875
0 0.49375 0.33984375 0.0625 0.08203125
0 0.43046875 0.3296875 0.0671875 0.103125
0 0.38828125 0.40234375 0.05078125 0.08203125
0 0.42890625 0.4640625 0.0625 0.09140625
0 0.37265625 0.453125 0.0671875 0.08203125
0 0.29921875 0.4234375 0.071875 0.0625
0 0.48828125 0.4171875 0.0578125 0.09140625
0 0.540625 0.38125 0.0484375 0.08203125
0 0.540625 0.4390625 0.0625 0.0625
0 0.4234375 0.53125 0.0578125 0.071875
0 0.365625 0.52890625 0.0578125 0.08671875
0 0.30625 0.5203125 0.05078125 0.09140625
0 0.37265625 0.57421875 0.0578125 0.0359375
0 0.33984375 0.5921875 0.053125 0.0625
0 0.4578125 0.5875 0.0671875 0.071875
0 0.4203125 0.66484375 0.053125 0.071875
0 0.4109375 0.59765625 0.03359375 0.0625
0 0.38203125 0.634375 0.0484375 0.08203125
0 0.47734375 0.6546875 0.0578125 0.053125
0 0.296875 0.7140625 0.16328125 0.24296875
0 0.1984375 0.75234375 0.0578125 0.14453125
0 0.1625 0.68515625 0.178125 0.18515625
0 0.08046875 0.6546875 0.125 0.134375
0 0.63671875 0.35546875 0.115625 0.09140625
0 0.78984375 0.45703125 0.14921875 0.18046875
0 0.89921875 0.384375 0.15390625 0.15859375
0 0.93359375 0.225 0.125 0.23046875
0 0.821875 0.1625 0.29296875 0.18046875
0 0.7515625 0.29296875 0.14453125 0.16328125
0 0.85 0.28359375 0.08671875 0.103125
0 0.91015625 0.515625 0.17578125 0.37265625
0 0.703125 0.70078125 0.29296875 0.4859375
0 0.4234375 0.734375 0.10546875 0.1390625