0 0.8603515625 0.27734375 0.81640625 0.3154296875 0.8046875 0.3466796875 0.810546875 0.4052734375 0.857421875 0.4111328125 0.9091796875 0.390625 0.953125 0.3564453125 0.8935546875 0.328125 0.8603515625 0.27734375
0 0.79296875 0.4443359375 0.802734375 0.4189453125 0.80078125 0.3798828125 0.75 0.2880859375 0.6357421875 0.21484375 0.5849609375 0.203125 0.4931640625 0.20703125 0.4404296875 0.177734375 0.3935546875 0.17578125 0.3017578125 0.21484375 0.169921875 0.3408203125 0.15625 0.3974609375 0.16015625 0.4638671875 0.169921875 0.4892578125 0.2099609375 0.53125 0.3232421875 0.59765625 0.3974609375 0.61328125 0.470703125 0.6123046875 0.6044921875 0.599609375 0.7060546875 0.55859375 0.751953125 0.5107421875 0.79296875 0.4443359375
0 0.6962890625 0.72265625 0.6591796875 0.732421875 0.64453125 0.7509765625 0.6591796875 0.771484375 0.708984375 0.7744140625 0.7626953125 0.765625 0.77734375 0.7451171875 0.7353515625 0.7265625 0.6962890625 0.72265625
0 0.7890625 0.0009765625 0.798828125 0.0556640625 0.8330078125 0.09765625 0.8720703125 0.115234375 0.9140625 0.1181640625 0.9921875 0.0517578125 1 0.0146484375 0.9892578125 0 0.7890625 0.0009765625
0 1 0.1982421875 0.9306640625 0.185546875 0.8662109375 0.189453125 0.875 0.2255859375 0.865234375 0.2763671875 0.892578125 0.3232421875 0.9580078125 0.3515625 1 0.3505859375 1 0.1982421875
0 1 0.5185546875 0.97265625 0.5146484375 0.935546875 0.4599609375 0.935546875 0.4384765625 0.8857421875 0.40625 0.8544921875 0.4140625 0.8134765625 0.41015625 0.80859375 0.4697265625 0.7900390625 0.486328125 0.7783203125 0.4765625 0.720703125 0.5517578125 0.7236328125 0.55859375 0.7646484375 0.556640625 0.7783203125 0.546875 0.8115234375 0.583984375 0.8271484375 0.580078125 0.833984375 0.5927734375 0.9228515625 0.578125 0.9658203125 0.548828125 1 0.5458984375 1 0.5185546875
0 0.6923828125 0.72265625 0.693359375 0.7021484375 0.7041015625 0.6953125 0.7724609375 0.689453125 0.783203125 0.6591796875 0.82421875 0.6240234375 0.828125 0.6044921875 0.7783203125 0.548828125 0.72265625 0.5732421875 0.763671875 0.5966796875 0.7626953125 0.623046875 0.6728515625 0.615234375 0.658203125 0.6083984375 0.66015625 0.5966796875 0.6513671875 0.591796875 0.5615234375 0.609375 0.5546875 0.6220703125 0.568359375 0.6708984375 0.6044921875 0.67578125 0.619140625 0.6826171875 0.6142578125 0.6875 0.6357421875 0.685546875 0.654296875 0.7041015625 0.654296875 0.7158203125 0.6416015625 0.71875 0.6396484375 0.703125 0.5947265625 0.703125 0.607421875 0.7197265625 0.609375 0.7431640625 0.6162109375 0.728515625 0.6337890625 0.72265625 0.6435546875 0.734375 0.6923828125 0.72265625
0 1 0.5537109375 0.9912109375 0.552734375 0.978515625 0.5595703125 0.9609375 0.6005859375 0.95703125 0.6826171875 1 0.6845703125 1 0.5537109375
0 0.80859375 0.8896484375 0.8623046875 0.8671875 0.888671875 0.8330078125 0.8828125 0.7705078125 0.9990234375 0.75390625 1 0.7255859375 0.9189453125 0.7265625 0.8837890625 0.71484375 0.8564453125 0.748046875 0.814453125 0.7607421875 0.828125 0.7861328125 0.828125 0.8271484375 0.814453125 0.8291015625 0.8134765625 0.84375 0.7841796875 0.830078125 0.7373046875 0.880859375 0.6416015625 0.9375 0.5576171875 0.97265625 0.5234375 0.9990234375 0.61328125 0.9990234375 0.7294921875 0.978515625 0.7783203125 0.951171875 0.810546875 0.9169921875 0.80859375 0.8896484375
0 0.09375 0.4755859375 0.095703125 0.5244140625 0.1494140625 0.583984375 0.166015625 0.5888671875 0.23046875 0.5498046875 0.1533203125 0.478515625 0.1064453125 0.455078125 0.09375 0.4755859375
0 0.84375 0.1904296875 0.87890625 0.1669921875 0.8701171875 0.130859375 0.8212890625 0.19921875 0.759765625 0.2255859375 0.775390625 0.2470703125 0.75390625 0.2841796875 0.77734375 0.3076171875 0.8310546875 0.2421875 0.859375 0.2294921875 0.861328125 0.2138671875 0.84375 0.1904296875
0 0.380859375 0.7255859375 0.38671875 0.6865234375 0.3740234375 0.640625 0.3154296875 0.63671875 0.2666015625 0.666015625 0.181640625 0.7763671875 0.2490234375 0.802734375 0.287109375 0.8056640625 0.3154296875 0.796875 0.337890625 0.7763671875 0.345703125 0.7548828125 0.380859375 0.7255859375
0 0.1611328125 0.60546875 0.099609375 0.6181640625 0.1103515625 0.638671875 0.138671875 0.6474609375 0.30078125 0.5947265625 0.2451171875 0.580078125 0.1923828125 0.580078125 0.1611328125 0.60546875
0 0.6181640625 0.806640625 0.5537109375 0.810546875 0.544921875 0.8193359375 0.5517578125 0.837890625 0.6328125 0.8486328125 0.6708984375 0.841796875 0.7041015625 0.818359375 0.70703125 0.7841796875 0.6181640625 0.806640625
0 0.4736328125 0.791015625 0.4248046875 0.798828125 0.3828125 0.8583984375 0.376953125 0.8759765625 0.384765625 0.8779296875 0.4775390625 0.826171875 0.517578125 0.7802734375 0.5009765625 0.76953125 0.4736328125 0.791015625
0 0.5576171875 0.619140625 0.5537109375 0.64453125 0.5419921875 0.625 0.5361328125 0.630859375 0.529296875 0.6240234375 0.5302734375 0.61328125 0.431640625 0.6220703125 0.427734375 0.6396484375 0.453125 0.6591796875 0.4873046875 0.70703125 0.5517578125 0.748046875 0.59765625 0.7509765625 0.60546875 0.7197265625 0.56640625 0.6806640625 0.5703125 0.6572265625 0.5576171875 0.619140625