0 0.5953125 0.1265625 0.23828125 0.14921875
0 0.37109375 0.07578125 0.19453125 0.10546875
0 0.32578125 0.22578125 0.178125 0.09375
0 0.053125 0.1421875 0.10078125 0.09140625
0 0.13671875 0.0796875 0.15390625 0.0484375
0 0.04921875 0.0328125 0.09609375 0.0578125
0 0.1078125 0.09375 0.21171875 0.1828125
0 0.2046875 0.18359375 0.16328125 0.05546875
0 0.2140625 0.125 0.1703125 0.08671875
0 0.259375 0.30625 0.22578125 0.146875
0 0.07421875 0.3546875 0.14453125 0.13203125
0 0.04921875 0.2671875 0.09609375 0.0765625
0 0.1828125 0.3484375 0.146875 0.115625
0 0.27734375 0.43984375 0.22578125 0.125
0 0.084375 0.48828125 0.16328125 0.1296875
0 0.22578125 0.56015625 0.23046875 0.1203125
0 0.17421875 0.6359375 0.2015625 0.0765625
0 0.08671875 0.625 0.16796875 0.134375
0 0.90859375 0.55390625 0.1703125 0.134375
0 0.66484375 0.63359375 0.26953125 0.115625
0 0.9390625 0.7546875 0.1109375 0.15859375
0 0.853125 0.8734375 0.27890625 0.228125
0 0.95703125 0.90625 0.071875 0.115625
0 0.6703125 0.96171875 0.3796875 0.071875
0 0.67421875 0.92421875 0.1875 0.08203125
0 0.603125 0.9265625 0.22109375 0.134375
0 0.39296875 0.96640625 0.25234375 0.0625
0 0.2140625 0.984375 0.1109375 0.0265625
0 0.38125 0.921875 0.23828125 0.0984375
0 0.390625 0.82421875 0.22109375 0.1296875
0 0.38671875 0.7546875 0.115625 0.02890625
0 0.31953125 0.6703125 0.27421875 0.134375
0 0.1921875 0.76953125 0.23828125 0.125
0 0.08671875 0.86640625 0.16796875 0.1515625
0 0.57578125 0.8328125 0.16328125 0.10078125
0 0.70703125 0.7671875 0.23046875 0.1109375
0 0.515625 0.7234375 0.2015625 0.103125
0 0.15234375 0.91953125 0.24765625 0.15625
0 0.08046875 0.7453125 0.15625 0.1109375
0 0.01953125 0.9671875 0.03359375 0.06015625