0 0.91953125 0.3015625 0.06953125 0.375
0 0.8609375 0.296875 0.0625 0.38671875
0 0.7953125 0.3015625 0.06953125 0.40859375
0 0.7234375 0.25 0.08203125 0.31484375
0 0.6625 0.25 0.0890625 0.303125
0 0.5578125 0.21875 0.0671875 0.25234375
0 0.5890625 0.26328125 0.07421875 0.28828125
0 0.51953125 0.25703125 0.08203125 0.31953125
0 0.475 0.209375 0.10078125 0.27421875
0 0.41484375 0.19375 0.0890625 0.2015625
0 0.353125 0.234375 0.09609375 0.22109375
0 0.29921875 0.2546875 0.1203125 0.24296875
0 0.2390625 0.2453125 0.146875 0.25234375
0 0.18359375 0.30390625 0.1515625 0.35078125
0 0.11796875 0.2453125 0.1203125 0.21171875
0 0.12109375 0.46875 0.07421875 0.26953125
0 0.19140625 0.5 0.07421875 0.2984375
0 0.24765625 0.4390625 0.09375 0.18515625
0 0.303125 0.43515625 0.08203125 0.2015625
0 0.365625 0.32421875 0.0890625 0.3703125
0 0.44375 0.2859375 0.115625 0.31484375
0 0.4421875 0.428125 0.09609375 0.16328125
0 0.521875 0.46171875 0.09140625 0.2640625
0 0.5828125 0.48671875 0.0625 0.21171875
0 0.640625 0.46875 0.06953125 0.25703125
0 0.69453125 0.4796875 0.06953125 0.22578125
0 0.76796875 0.46640625 0.0765625 0.1921875
0 0.84609375 0.53828125 0.09140625 0.28359375
0 0.9046875 0.54296875 0.0671875 0.24296875
0 0.10078125 0.62890625 0.1078125 0.12265625
0 0.13125 0.66015625 0.1078125 0.12265625
0 0.15625 0.678125 0.12734375 0.18046875
0 0.25859375 0.678125 0.08671875 0.1703125
0 0.27421875 0.5671875 0.09140625 0.125
0 0.33046875 0.69140625 0.07421875 0.20703125
0 0.34375 0.55859375 0.053125 0.15859375
0 0.3953125 0.5765625 0.05078125 0.18515625
0 0.3890625 0.73671875 0.09375 0.14453125
0 0.44375 0.62890625 0.06953125 0.27890625
0 0.49765625 0.6546875 0.0765625 0.25703125
0 0.57109375 0.634375 0.0625 0.20703125
0 0.640625 0.65234375 0.053125 0.18046875
0 0.69375 0.6625 0.04296875 0.15859375
0 0.7546875 0.646875 0.071875 0.22109375
0 0.834375 0.6390625 0.06953125 0.196875
0 0.90390625 0.72109375 0.06953125 0.17578125
0 0.865625 0.79921875 0.06953125 0.17578125
0 0.7921875 0.80390625 0.0765625 0.20703125
0 0.7140625 0.8171875 0.08671875 0.18046875
0 0.67578125 0.80390625 0.06953125 0.15390625
0 0.6140625 0.80625 0.06953125 0.14921875
0 0.5640625 0.79921875 0.0765625 0.16328125
0 0.509375 0.80859375 0.0765625 0.14453125
0 0.43984375 0.81953125 0.10078125 0.134375
0 0.35078125 0.8296875 0.10078125 0.125
0 0.2953125 0.81484375 0.07421875 0.134375
0 0.2390625 0.81484375 0.0765625 0.134375
0 0.19453125 0.79921875 0.09609375 0.14453125
0 0.140625 0.78359375 0.0671875 0.11328125
0 0.515625 0.47734375 0.853125 0.68515625