0 0.4375 0.7359375 0.27421875 0.27890625
0 0.33046875 0.91953125 0.25703125 0.15390625
0 0.1859375 0.7828125 0.1921875 0.3703125
0 0.3140625 0.51171875 0.3078125 0.31015625
0 0.1828125 0.2359375 0.18515625 0.39921875
0 0.33515625 0.13671875 0.28359375 0.21640625
0 0.47265625 0.33515625 0.25 0.2546875
0 0.56875 0.53984375 0.22578125 0.22578125
0 0.67421875 0.6875 0.20703125 0.20703125
0 0.740625 0.84765625 0.18515625 0.19453125
0 0.7875 0.696875 0.134375 0.16328125
0 0.8328125 0.56484375 0.1109375 0.15859375
0 0.78984375 0.4328125 0.1203125 0.16328125
0 0.7234375 0.5625 0.134375 0.18046875
0 0.6671875 0.41484375 0.17578125 0.21640625
0 0.72734375 0.30078125 0.14921875 0.17578125
0 0.60078125 0.2078125 0.18046875 0.240625
0 0.671875 0.1203125 0.18515625 0.18515625
0 0.50859375 0.071875 0.115625 0.09609375