0 0.46015625 0.12890625 0.0796875 0.1109375
0 0.4796875 0.0578125 0.0484375 0.071875
0 0.5203125 0.1109375 0.071875 0.10546875
0 0.64921875 0.12109375 0.1109375 0.125
0 0.703125 0.0890625 0.09609375 0.125
0 0.35546875 0.16328125 0.0625 0.053125
0 0.30390625 0.1265625 0.053125 0.071875
0 0.3390625 0.1 0.053125 0.053125
0 0.353125 0.11875 0.0453125 0.0484375
0 0.26328125 0.07109375 0.10546875 0.10078125
0 0.1609375 0.14453125 0.0671875 0.0671875
0 0.1671875 0.0921875 0.03359375 0.0484375
0 0.1296875 0.13125 0.040625 0.0625
0 0.13671875 0.06875 0.03359375 0.071875
0 0.08984375 0.11875 0.053125 0.10078125
0 0.053125 0.12109375 0.02890625 0.0625
0 0.8234375 0.115625 0.053125 0.09609375
0 0.89296875 0.08671875 0.15390625 0.0890625
0 0.89921875 0.14453125 0.08203125 0.0796875
0 0.103125 0.39453125 0.1390625 0.178125
0 0.1265625 0.365625 0.10078125 0.1109375
0 0.1140625 0.39453125 0.10078125 0.10546875
0 0.1 0.41796875 0.08671875 0.1203125
0 0.06015625 0.41796875 0.053125 0.1421875
0 0.2828125 0.4 0.18046875 0.14921875
0 0.303125 0.42421875 0.0265625 0.10078125
0 0.48046875 0.40234375 0.1734375 0.1296875
0 0.40625 0.42421875 0.02421875 0.0484375
0 0.43046875 0.43359375 0.01953125 0.03828125
0 0.4203125 0.4 0.02421875 0.021875
0 0.4734375 0.365625 0.02890625 0.03828125
0 0.44921875 0.38125 0.01953125 0.0265625
0 0.42421875 0.3765625 0.02421875 0.0265625
0 0.48046875 0.4359375 0.02890625 0.04296875
0 0.45078125 0.4265625 0.02421875 0.04296875
0 0.47578125 0.4046875 0.01953125 0.03125
0 0.51328125 0.384375 0.01953125 0.053125
0 0.490625 0.3734375 0.01953125 0.03125
0 0.52421875 0.43125 0.0265625 0.04296875
0 0.54921875 0.43359375 0.02421875 0.0578125
0 0.5359375 0.38125 0.01953125 0.03828125
0 0.6765625 0.39765625 0.12734375 0.15390625
0 0.83671875 0.4078125 0.08671875 0.1296875
0 0.9171875 0.4109375 0.0765625 0.115625
0 0.86640625 0.54453125 0.15390625 0.0796875
0 0.8765625 0.5953125 0.165625 0.09609375
0 0.8796875 0.5921875 0.165625 0.1109375
0 0.5 0.57109375 0.1203125 0.1203125
0 0.4671875 0.58671875 0.1109375 0.1203125
0 0.45703125 0.59765625 0.1609375 0.0796875
0 0.68046875 0.58671875 0.1203125 0.15390625
0 0.290625 0.5796875 0.1109375 0.15859375
0 0.09375 0.60234375 0.1203125 0.1109375
0 0.1359375 0.57109375 0.12734375 0.1109375
0 0.11640625 0.86328125 0.09609375 0.125
0 0.08671875 0.9109375 0.10546875 0.071875
0 0.41328125 0.88671875 0.09140625 0.16328125
0 0.759375 0.884375 0.11328125 0.14921875
0 0.9109375 0.8765625 0.115625 0.16328125
0 0.58046875 0.8890625 0.178125 0.16796875
0 0.25703125 0.8765625 0.146875 0.16328125