0 0.3375 0.2828125 0.2015625 0.21640625
0 0.49765625 0.15859375 0.1921875 0.09140625
0 0.453125 0.2234375 0.071875 0.0484375
0 0.3765625 0.2203125 0.22578125 0.4328125
0 0.44140625 0.24765625 0.24296875 0.3078125
0 0.5359375 0.4203125 0.08203125 0.0625
0 0.5953125 0.3921875 0.0484375 0.05078125
0 0.5921875 0.4484375 0.03125 0.03828125
0 0.55390625 0.46484375 0.0484375 0.03359375
0 0.48671875 0.365625 0.0578125 0.0671875
0 0.4046875 0.4203125 0.09609375 0.0765625
0 0.43515625 0.48046875 0.15859375 0.10546875
0 0.3296875 0.4171875 0.040625 0.053125
0 0.33515625 0.490625 0.0625 0.1390625
0 0.36875 0.5 0.0671875 0.12734375
0 0.3578125 0.5765625 0.02421875 0.0671875
0 0.33984375 0.5921875 0.03125 0.05078125
0 0.35546875 0.62734375 0.01953125 0.03359375
0 0.3296875 0.640625 0.03125 0.03828125
0 0.49296875 0.5578125 0.1703125 0.1875
0 0.5765625 0.55625 0.053125 0.053125
0 0.57421875 0.546875 0.09609375 0.1828125
0 0.58984375 0.66953125 0.0484375 0.071875
0 0.54921875 0.665625 0.0484375 0.071875
0 0.51328125 0.68359375 0.0765625 0.08671875
0 0.5671875 0.7296875 0.103125 0.06953125
0 0.5921875 0.74765625 0.053125 0.03359375
0 0.58984375 0.77421875 0.0671875 0.05078125
0 0.546875 0.70703125 0.040625 0.16796875
0 0.47734375 0.7140625 0.0671875 0.09140625
0 0.321875 0.7328125 0.2015625 0.18515625
0 0.678125 0.9234375 0.47109375 0.14921875
0 0.46875 0.82109375 0.09140625 0.14921875
0 0.43515625 0.65625 0.1078125 0.18515625