0 0.515625 0.75 0.1609375 0.12265625
0 0.54296875 0.91484375 0.14921875 0.103125
0 0.32578125 0.8796875 0.125 0.1078125
0 0.2125 0.9375 0.1875 0.103125
0 0.12890625 0.978125 0.1734375 0.03828125
0 0.14765625 0.8328125 0.09140625 0.08203125
0 0.25234375 0.78515625 0.08671875 0.0890625
0 0.3546875 0.7765625 0.06484375 0.0484375
0 0.4515625 0.81875 0.09609375 0.053125
0 0.64296875 0.7125 0.125 0.115625
0 0.5265625 0.6671875 0.08671875 0.1109375
0 0.85 0.896875 0.1390625 0.08203125
0 0.91953125 0.96484375 0.14921875 0.0625
0 0.953125 0.89296875 0.0890625 0.11796875
0 0.9796875 0.61171875 0.0359375 0.05546875
0 0.96640625 0.6546875 0.0625 0.06953125
0 0.9796875 0.7203125 0.0359375 0.05546875
0 0.9703125 0.77421875 0.0578125 0.0578125
0 0.40234375 0.6265625 0.08671875 0.07421875
0 0.365625 0.56640625 0.09609375 0.103125
0 0.2765625 0.60703125 0.06953125 0.07421875
0 0.265625 0.34609375 0.08203125 0.0625
0 0.209375 0.296875 0.09609375 0.125
0 0.115625 0.35234375 0.10078125 0.0671875
0 0.07578125 0.5 0.0765625 0.08203125
0 0.4 0.31484375 0.09140625 0.0890625
0 0.48671875 0.25703125 0.11328125 0.071875
0 0.36796875 0.25234375 0.06953125 0.07421875
0 0.30390625 0.30078125 0.0578125 0.0671875
0 0.7953125 0.2921875 0.10546875 0.08203125
0 0.790625 0.2296875 0.09609375 0.0671875
0 0.65859375 0.21484375 0.11328125 0.07421875
0 0.59375 0.22265625 0.0484375 0.053125
0 0.6609375 0.14765625 0.09609375 0.0890625
0 0.80390625 0.178125 0.08203125 0.0671875
0 0.91328125 0.2078125 0.0765625 0.0890625
0 0.96640625 0.2484375 0.0625 0.05078125
0 0.96015625 0.2984375 0.07421875 0.0671875
0 0.953125 0.3734375 0.0890625 0.084375
0 0.87890625 0.06484375 0.06953125 0.071875
0 0.7765625 0.06875 0.11328125 0.0765625
0 0.671875 0.109375 0.0765625 0.0765625
0 0.55078125 0.01171875 0.0625 0.01953125
0 0.4671875 0.0421875 0.08671875 0.040625
0 0.4234375 0.0203125 0.0625 0.0359375
0 0.39296875 0.06484375 0.053125 0.071875
0 0.33046875 0.103125 0.125 0.07421875
0 0.0875 0.0203125 0.11328125 0.0359375
0 0.9359375 0.04296875 0.12265625 0.08203125
0 0.97109375 0.18359375 0.053125 0.040625
0 0.9578125 0.10703125 0.0796875 0.0453125
0 0.86796875 0.30546875 0.0484375 0.05546875
0 0.05390625 0.9375 0.09609375 0.07421875
0 0.678125 0.97578125 0.09609375 0.040625
0 0.65 0.8453125 0.08671875 0.103125