0 0.6703125 0.959375 0.11328125 0.07421875
0 0.5921875 0.94375 0.09140625 0.08203125
0 0.54296875 0.975 0.08671875 0.04296875
0 0.48671875 0.98046875 0.0671875 0.03125
0 0.47734375 0.9359375 0.08671875 0.09609375
0 0.39921875 0.9734375 0.08671875 0.0484375
0 0.5515625 0.8921875 0.11328125 0.1078125
0 0.65234375 0.83515625 0.1203125 0.1203125
0 0.6703125 0.87890625 0.11328125 0.0671875
0 0.6828125 0.9046875 0.09609375 0.0578125
0 0.71875 0.953125 0.0359375 0.08671875
0 0.765625 0.9625 0.0671875 0.0671875
0 0.58984375 0.78359375 0.08671875 0.1078125
0 0.66015625 0.75859375 0.0625 0.0578125
0 0.71171875 0.74296875 0.11328125 0.09609375
0 0.73671875 0.796875 0.071875 0.0578125
0 0.6421875 0.68515625 0.0671875 0.10546875
0 0.6890625 0.65859375 0.0140625 0.0265625
0 0.6390625 0.60234375 0.03125 0.0625
0 0.8421875 0.540625 0.1203125 0.23046875
0 0.76796875 0.5171875 0.11328125 0.1921875
0 0.69375 0.5328125 0.08671875 0.1390625
0 0.6984375 0.64296875 0.08671875 0.09609375
0 0.7703125 0.67421875 0.1203125 0.09609375
0 0.8171875 0.7484375 0.08671875 0.0765625
0 0.7546875 0.9078125 0.08671875 0.178125
0 0.61484375 0.071875 0.2015625 0.14375
0 0.771875 0.1078125 0.14375 0.215625
0 0.54921875 0.2046875 0.2640625 0.1078125
0 0.6734375 0.32578125 0.46875 0.30546875
0 0.4640625 0.5734375 0.09140625 0.10546875
0 0.475 0.59609375 0.0625 0.0578125
0 0.42578125 0.67578125 0.08671875 0.09140625
0 0.36875 0.7125 0.14921875 0.05078125
0 0.51328125 0.7546875 0.1296875 0.03359375
0 0.49296875 0.77734375 0.1296875 0.03359375
0 0.43515625 0.7828125 0.15859375 0.071875
0 0.5671875 0.5515625 0.040625 0.053125
0 0.603125 0.50234375 0.11328125 0.09140625
0 0.459375 0.5953125 0.31953125 0.3078125
0 0.46640625 0.83203125 0.1921875 0.1828125
0 0.26796875 0.7484375 0.08203125 0.09140625
0 0.234375 0.678125 0.08671875 0.0671875
0 0.3015625 0.66015625 0.0765625 0.0765625
0 0.24765625 0.61796875 0.11328125 0.06953125
0 0.3265625 0.58671875 0.0671875 0.0625
0 0.33984375 0.5328125 0.08203125 0.053125
0 0.25 0.56640625 0.08671875 0.071875
0 0.2140625 0.5484375 0.0578125 0.0484375
0 0.1890625 0.5984375 0.0578125 0.0625
0 0.16015625 0.5609375 0.040625 0.08203125
0 0.13671875 0.5328125 0.0578125 0.0765625
0 0.178125 0.490625 0.08671875 0.06953125
0 0.12109375 0.4671875 0.0671875 0.0625
0 0.14921875 0.41328125 0.040625 0.03828125
0 0.18046875 0.375 0.053125 0.053125
0 0.203125 0.41484375 0.09609375 0.10546875
0 0.2546875 0.43046875 0.0671875 0.10546875
0 0.25 0.50625 0.0578125 0.03828125
0 0.32421875 0.42890625 0.08203125 0.1078125
0 0.29921875 0.50234375 0.071875 0.053125
0 0.3890625 0.42890625 0.0359375 0.0625
0 0.365625 0.490625 0.071875 0.0625
0 0.3734375 0.36875 0.0578125 0.0578125
0 0.19140625 0.3125 0.0625 0.06953125
0 0.1546875 0.334375 0.040625 0.0578125
0 0.13671875 0.271875 0.0765625 0.0671875
0 0.21171875 0.2671875 0.0625 0.06953125
0 0.2703125 0.3015625 0.09609375 0.0625
0 0.2296875 0.34609375 0.0578125 0.03359375
0 0.29296875 0.353125 0.08203125 0.04296875
0 0.353125 0.328125 0.0671875 0.053125
0 0.31484375 0.2796875 0.09140625 0.0671875
0 0.2609375 0.2296875 0.09609375 0.0890625
0 0.3734375 0.18359375 0.0671875 0.04296875
0 0.3734375 0.2328125 0.0765625 0.0578125
0 0.4046875 0.2796875 0.0578125 0.0671875
0 0.33984375 0.14296875 0.071875 0.0625
0 0.21171875 0.16484375 0.15390625 0.09609375
0 0.29921875 0.1890625 0.071875 0.0625
0 0.3375 0.07578125 0.0484375 0.08203125
0 0.26796875 0.03828125 0.09140625 0.0765625
0 0.209375 0.0375 0.1203125 0.071875
0 0.13671875 0.01796875 0.09140625 0.0359375
0 0.12265625 0.053125 0.115625 0.10546875
0 0.234375 0.10234375 0.08671875 0.04296875
0 0.10078125 0.1234375 0.1203125 0.1078125
0 0.071875 0.18359375 0.125 0.04296875
0 0.08984375 0.21640625 0.1703125 0.03125
0 0.05625 0.2515625 0.103125 0.0484375
0 0.05859375 0.2796875 0.1078125 0.08203125
0 0.03828125 0.021875 0.0578125 0.04296875