0 0.74765625 0.63671875 0.1734375 0.24296875
0 0.52890625 0.56953125 0.4859375 0.34609375
0 0.459375 0.50234375 0.27890625 0.18046875
0 0.178125 0.6265625 0.3078125 0.35546875
0 0.30625 0.634375 0.0578125 0.16328125
0 0.33984375 0.62109375 0.06953125 0.15859375
0 0.36640625 0.54921875 0.08671875 0.09609375
0 0.384375 0.61875 0.04296875 0.08203125
0 0.29296875 0.4953125 0.0625 0.071875
0 0.42890625 0.56953125 0.03828125 0.0578125
0 0.515625 0.74296875 0.259375 0.3078125
0 0.4484375 0.853125 0.125 0.1703125
0 0.78359375 0.7859375 0.27890625 0.41796875
0 0.5 0.88828125 0.29296875 0.21875
0 0.34140625 0.78828125 0.071875 0.14453125