0 0.4375 0.7796875 0.26171875 0.40859375
0 0.1875 0.790625 0.2546875 0.40859375
0 0.04921875 0.8296875 0.09140625 0.1828125
0 0.12265625 0.58203125 0.0796875 0.125
0 0.06640625 0.48203125 0.125 0.19921875
0 0.24296875 0.4890625 0.10546875 0.19453125
0 0.46171875 0.4734375 0.09140625 0.1828125
0 0.5625 0.4109375 0.11796875 0.22578125
0 0.68046875 0.6703125 0.2015625 0.35546875
0 0.86875 0.58203125 0.18515625 0.33671875
0 0.296875 0.35078125 0.06484375 0.115625
0 0.19453125 0.3484375 0.071875 0.0890625
0 0.071875 0.33984375 0.1203125 0.071875
0 0.4828125 0.19375 0.0484375 0.04296875
0 0.96640625 0.46484375 0.0625 0.24765625