0 0.880859375 0.6728515625 0.89453125 0.5849609375 0.88671875 0.4853515625 0.818359375 0.2099609375 0.791015625 0.1552734375 0.7451171875 0.1171875 0.6533203125 0.1171875 0.5771484375 0.080078125 0.5107421875 0.09375 0.4599609375 0.052734375 0.4306640625 0.04296875 0.3662109375 0.05078125 0.294921875 0.1064453125 0.248046875 0.1826171875 0.1875 0.4072265625 0.181640625 0.4892578125 0.38671875 0.6455078125 0.4189453125 0.828125 0.5068359375 0.8203125 0.501953125 0.7861328125 0.48046875 0.7783203125 0.4892578125 0.76953125 0.56640625 0.8017578125 0.5595703125 0.841796875 0.6640625 0.8583984375 0.7373046875 0.845703125 0.7998046875 0.810546875 0.845703125 0.7548828125 0.880859375 0.6728515625
0 0.400390625 0.8330078125 0.40234375 0.7841796875 0.384765625 0.7470703125 0.369140625 0.6396484375 0.2255859375 0.529296875 0.1826171875 0.51171875 0.134765625 0.5712890625 0.09765625 0.6572265625 0.109375 0.7802734375 0.142578125 0.8388671875 0.1787109375 0.873046875 0.2412109375 0.892578125 0.287109375 0.8955078125 0.3193359375 0.875 0.3310546875 0.8515625 0.3740234375 0.853515625 0.400390625 0.8330078125
0 0.234375 0.1435546875 0.236328125 0.0986328125 0.251953125 0.0615234375 0.251953125 0.0283203125 0.2412109375 0.00390625 0.005859375 0.0068359375 0.005859375 0.2060546875 0.0234375 0.3037109375 0.03515625 0.3193359375 0.1455078125 0.2734375 0.203125 0.2099609375 0.212890625 0.1748046875 0.234375 0.1435546875
0 0.9267578125 0.09375 0.818359375 0.1044921875 0.8203125 0.1416015625 0.8447265625 0.171875 0.9052734375 0.224609375 0.9580078125 0.248046875 0.974609375 0.2470703125 0.98046875 0.2314453125 1 0.2216796875 0.9990234375 0.12890625 0.9267578125 0.09375
0 0.5791015625 0.0546875 0.546875 0.0732421875 0.5869140625 0.078125 0.6513671875 0.11328125 0.67578125 0.1142578125 0.7099609375 0.10546875 0.80078125 0.0380859375 0.6455078125 0.04296875 0.5791015625 0.0546875
0 0.06640625 0.4189453125 0.0791015625 0.4140625 0.0888671875 0.421875 0.162109375 0.5146484375 0.1865234375 0.525390625 0.1904296875 0.537109375 0.2021484375 0.53125 0.2119140625 0.544921875 0.224609375 0.5380859375 0.181640625 0.5068359375 0.115234375 0.4150390625 0.044921875 0.3505859375 0.03125 0.3271484375 0.1494140625 0.271484375 0.201171875 0.2138671875 0.232421875 0.1533203125 0.236328125 0.1005859375 0.251953125 0.0634765625 0.251953125 0.0283203125 0.2412109375 0.00390625 0.00390625 0.0068359375 0 0.4931640625 0.021484375 0.4970703125 0.01171875 0.5009765625 0.015625 0.5126953125 0.001953125 0.5283203125 0.0078125 0.7978515625 0.017578125 0.6806640625 0.03515625 0.5986328125 0.0703125 0.5693359375 0.06640625 0.4189453125
0 0.1005859375 0.794921875 0.0791015625 0.7890625 0.0419921875 0.796875 0.0078125 0.8232421875 0.001953125 0.8486328125 0.001953125 0.9990234375 0.125 0.9990234375 0.125 0.9091796875 0.13671875 0.8662109375 0.12890625 0.8330078125 0.1005859375 0.794921875
0 0.099609375 0.6416015625 0.06640625 0.6376953125 0.0576171875 0.58984375 0.041015625 0.5966796875 0.0234375 0.6591796875 0.01171875 0.7822265625 0.01171875 0.8017578125 0.0234375 0.8017578125 0.0732421875 0.78515625 0.103515625 0.7548828125 0.09375 0.6611328125 0.099609375 0.6416015625
0 0.4453125 0.9443359375 0.451171875 0.9755859375 0.4716796875 1 0.587890625 0.9990234375 0.572265625 0.9638671875 0.5205078125 0.912109375 0.4755859375 0.90625 0.4453125 0.9443359375
0 0.4052734375 0.84375 0.375 0.8759765625 0.375 0.9111328125 0.41796875 0.9423828125 0.431640625 0.9990234375 0.447265625 0.9990234375 0.4453125 0.9384765625 0.490234375 0.8798828125 0.4892578125 0.8359375 0.4052734375 0.84375
0 0.6591796875 0.9375 0.6064453125 0.912109375 0.5546875 0.9130859375 0.5986328125 1 0.69140625 0.9990234375 0.69921875 0.9677734375 0.6826171875 0.919921875 0.6650390625 0.923828125 0.6591796875 0.9375
0 0.3046875 0.9169921875 0.306640625 0.9990234375 0.369140625 0.9990234375 0.37109375 0.9423828125 0.3544921875 0.921875 0.3115234375 0.91015625 0.3046875 0.9169921875