0 0.46015625 0.6359375 0.10546875 0.08203125
0 0.2359375 0.58984375 0.06484375 0.05625
0 0.58828125 0.01015625 0.0546875 0.01640625
0 0.8974609375 0.013671875 0.8828125 0.0380859375 0.9423828125 0.09375 0.962890625 0.1005859375 0.9921875 0.0673828125 0.990234375 0.0341796875 0.9580078125 0.0078125 0.8974609375 0.013671875
0 0.48046875 0.0224609375 0.4931640625 0.037109375 0.53515625 0.0400390625 0.560546875 0.0263671875 0.5615234375 0.00390625 0.48046875 0.0048828125 0.48046875 0.0224609375
0 0.7412109375 0.072265625 0.6904296875 0.087890625 0.673828125 0.1103515625 0.701171875 0.1650390625 0.7236328125 0.181640625 0.765625 0.1806640625 0.806640625 0.1533203125 0.806640625 0.1025390625 0.7841796875 0.080078125 0.7412109375 0.072265625
0 0.599609375 0.1240234375 0.59375 0.1474609375 0.6103515625 0.177734375 0.689453125 0.1884765625 0.69921875 0.1630859375 0.6689453125 0.109375 0.6376953125 0.103515625 0.599609375 0.1240234375
0 0.4921875 0.0947265625 0.474609375 0.1201171875 0.482421875 0.1396484375 0.490234375 0.1396484375 0.537109375 0.0986328125 0.5341796875 0.091796875 0.5146484375 0.0859375 0.4921875 0.0947265625
0 0.4208984375 0.107421875 0.40234375 0.1220703125 0.40234375 0.1552734375 0.43359375 0.1884765625 0.482421875 0.1416015625 0.474609375 0.1220703125 0.4482421875 0.10546875 0.4208984375 0.107421875
0 0.3994140625 0.158203125 0.3623046875 0.158203125 0.326171875 0.1787109375 0.328125 0.2236328125 0.373046875 0.2294921875 0.4013671875 0.2265625 0.421875 0.2021484375 0.421875 0.1806640625 0.3994140625 0.158203125
0 0.2880859375 0.341796875 0.3271484375 0.353515625 0.3955078125 0.345703125 0.41796875 0.3017578125 0.423828125 0.2451171875 0.3994140625 0.23046875 0.2763671875 0.232421875 0.1904296875 0.271484375 0.1640625 0.2998046875 0.142578125 0.3623046875 0.138671875 0.4150390625 0.1474609375 0.43359375 0.158203125 0.4326171875 0.2099609375 0.412109375 0.220703125 0.3740234375 0.2451171875 0.34765625 0.2880859375 0.341796875
0 0.9287109375 0.744140625 0.900390625 0.7724609375 0.890625 0.8212890625 0.9013671875 0.84765625 0.921875 0.8466796875 0.9404296875 0.845703125 0.9453125 0.8369140625 0.943359375 0.7822265625 0.9287109375 0.744140625
0 0.884765625 0.8759765625 0.9033203125 0.896484375 0.927734375 0.8994140625 0.9453125 0.8740234375 0.9423828125 0.83984375 0.8994140625 0.845703125 0.884765625 0.8759765625
0 0.794921875 0.8642578125 0.8271484375 0.888671875 0.880859375 0.8916015625 0.896484375 0.8525390625 0.8837890625 0.8203125 0.7890625 0.8486328125 0.794921875 0.8642578125
0 0.962890625 0.6845703125 0.9638671875 0.64453125 0.8671875 0.6298828125 0.888671875 0.5849609375 0.876953125 0.4736328125 0.8603515625 0.45703125 0.7783203125 0.46484375 0.7138671875 0.482421875 0.6708984375 0.51953125 0.5693359375 0.515625 0.548828125 0.5400390625 0.537109375 0.5791015625 0.541015625 0.6220703125 0.55859375 0.6552734375 0.5927734375 0.681640625 0.6298828125 0.693359375 0.63671875 0.7197265625 0.6484375 0.7236328125 0.63671875 0.7314453125 0.6533203125 0.734375 0.6591796875 0.748046875 0.6806640625 0.748046875 0.701171875 0.7705078125 0.716796875 0.8251953125 0.759765625 0.8505859375 0.8076171875 0.84375 0.8916015625 0.810546875 0.916015625 0.7333984375 0.962890625 0.6845703125
0 0.7197265625 0.423828125 0.6962890625 0.43359375 0.689453125 0.4658203125 0.708984375 0.4775390625 0.7724609375 0.4609375 0.771484375 0.4443359375 0.7470703125 0.42578125 0.7197265625 0.423828125
0 0.7822265625 0.353515625 0.76953125 0.3642578125 0.767578125 0.4287109375 0.7861328125 0.453125 0.810546875 0.4560546875 0.85546875 0.4443359375 0.845703125 0.3876953125 0.8291015625 0.357421875 0.7822265625 0.353515625
0 0.7109375 0.2177734375 0.7138671875 0.26171875 0.76953125 0.2744140625 0.779296875 0.2333984375 0.7646484375 0.212890625 0.7314453125 0.208984375 0.7109375 0.2177734375
0 0.69140625 0.1982421875 0.6630859375 0.1875 0.6083984375 0.193359375 0.58984375 0.2236328125 0.599609375 0.2529296875 0.6279296875 0.2734375 0.662109375 0.2783203125 0.6865234375 0.271484375 0.705078125 0.2509765625 0.70703125 0.2275390625 0.69140625 0.1982421875
0 0.7080078125 0.267578125 0.6640625 0.2880859375 0.66015625 0.3349609375 0.6884765625 0.365234375 0.7265625 0.3701171875 0.76953125 0.3544921875 0.78125 0.3115234375 0.7587890625 0.27734375 0.7080078125 0.267578125
0 0.6572265625 0.3359375 0.6337890625 0.3359375 0.60546875 0.3623046875 0.603515625 0.4150390625 0.6337890625 0.43359375 0.658203125 0.4365234375 0.705078125 0.4189453125 0.71484375 0.3779296875 0.6787109375 0.361328125 0.6572265625 0.3359375
0 0.5791015625 0.2421875 0.5439453125 0.2421875 0.501953125 0.2685546875 0.49609375 0.2998046875 0.5185546875 0.333984375 0.587890625 0.3369140625 0.619140625 0.2919921875 0.6171875 0.2705078125 0.5966796875 0.251953125 0.5791015625 0.2421875
0 0.5439453125 0.19921875 0.4990234375 0.201171875 0.4765625 0.2314453125 0.486328125 0.2607421875 0.498046875 0.2685546875 0.5400390625 0.2421875 0.5771484375 0.240234375 0.576171875 0.2197265625 0.5439453125 0.19921875
0 0.41796875 0.2744140625 0.4287109375 0.3046875 0.48828125 0.3056640625 0.494140625 0.2724609375 0.4755859375 0.2421875 0.4296875 0.2509765625 0.41796875 0.2744140625
0 0.4130859375 0.310546875 0.40234375 0.3271484375 0.40625 0.3505859375 0.4365234375 0.3828125 0.466796875 0.3837890625 0.5078125 0.3427734375 0.498046875 0.3154296875 0.4638671875 0.3046875 0.4130859375 0.310546875
0 0.5205078125 0.33984375 0.474609375 0.3779296875 0.47265625 0.4091796875 0.4990234375 0.4375 0.556640625 0.4404296875 0.595703125 0.4111328125 0.6015625 0.3642578125 0.5654296875 0.33984375 0.5205078125 0.33984375
0 0.4853515625 0.443359375 0.451171875 0.4794921875 0.443359375 0.5068359375 0.533203125 0.5283203125 0.5625 0.5087890625 0.556640625 0.4658203125 0.5185546875 0.443359375 0.4853515625 0.443359375
0 0.470703125 0.5908203125 0.51953125 0.5986328125 0.529296875 0.5869140625 0.521484375 0.5458984375 0.4833984375 0.544921875 0.470703125 0.5908203125
0 0.4306640625 0.52734375 0.4033203125 0.521484375 0.349609375 0.5576171875 0.33984375 0.5927734375 0.3623046875 0.6171875 0.412109375 0.6220703125 0.4384765625 0.611328125 0.455078125 0.5908203125 0.45703125 0.5517578125 0.4306640625 0.52734375
0 0.59344951875 0.42217548125000004 0.55438701875 0.4447115390625 0.5712890625 0.509765625 0.669921875 0.5146484375 0.68359375 0.5009765625 0.68359375 0.4833984375 0.6416015625 0.44921875 0.59344951875 0.42217548125000004
0 0.2451171875 0.349609375 0.22265625 0.3759765625 0.220703125 0.4169921875 0.2587890625 0.451171875 0.287109375 0.4541015625 0.341796875 0.4287109375 0.345703125 0.3876953125 0.3115234375 0.349609375 0.2451171875 0.349609375
0 0.33203125 0.3662109375 0.35546875 0.4052734375 0.4296875 0.3818359375 0.4033203125 0.3515625 0.3525390625 0.349609375 0.33203125 0.3662109375
0 0.3837890625 0.392578125 0.359375 0.4072265625 0.349609375 0.4267578125 0.3876953125 0.47265625 0.435546875 0.4736328125 0.47265625 0.4404296875 0.4580078125 0.404296875 0.4111328125 0.390625 0.3837890625 0.392578125
0 0.2919921875 0.45703125 0.28125 0.4853515625 0.283203125 0.5029296875 0.30859375 0.5341796875 0.3251953125 0.552734375 0.341796875 0.5556640625 0.38671875 0.5185546875 0.3828125 0.4775390625 0.3505859375 0.4375 0.2919921875 0.45703125
0 0.14453125 0.4716796875 0.1572265625 0.498046875 0.234375 0.5146484375 0.26171875 0.4638671875 0.2177734375 0.41796875 0.15234375 0.4423828125 0.14453125 0.4716796875
0 0.1416015625 0.49609375 0.125 0.5185546875 0.130859375 0.5458984375 0.1474609375 0.556640625 0.177734375 0.5576171875 0.2080078125 0.548828125 0.2109375 0.5283203125 0.1865234375 0.5078125 0.1416015625 0.49609375
0 0.224609375 0.5341796875 0.228515625 0.5556640625 0.2705078125 0.603515625 0.291015625 0.6083984375 0.318359375 0.5830078125 0.2666015625 0.5234375 0.2333984375 0.5234375 0.224609375 0.5341796875
0 0.5038311296875 0.87109375 0.49113581718750005 0.8486328125 0.5028545671875 0.7216796875 0.47258112968750005 0.724609375 0.3983623796875 0.693359375 0.3749248796875 0.6640625 0.2909405046875 0.61328125 0.2694561296875 0.61328125 0.2382061296875 0.62890625 0.2274639421875 0.6552734375 0.2450420671875 0.6669921875 0.2333233171875 0.6767578125 0.2489483171875 0.6884765625 0.2362530046875 0.68359375 0.2103365390625 0.6881009609375 0.232872596875 0.736177884375 0.271935096875 0.7466947109375 0.291466346875 0.79326923125 0.306490384375 0.8203125 0.3410456734375 0.8353365390624999 0.392127403125 0.8428485578125 0.4056490390625 0.8488581734375 0.41766826874999996 0.8653846156249999 0.41015625 0.8548677890624999 0.42442255468749995 0.872191159375 0.43742487968750005 0.880859375 0.5038311296875 0.87109375
0 0.2373798078125 0.9314903843750001 0.3125 0.9990985578125 0.646033653125 1 0.7782451921875 0.9044471156249999 0.7707331734375 0.8548677890624999 0.48828125 0.7098852156250001 0.4206730765625 0.663310696875 0.338040865625 0.6407746390625 0.291466346875 0.609224159375 0.2388822109375 0.6212433890625 0.22385817343749997 0.6588034859375 0.2118389421875 0.687349159375 0.20582932656250003 0.7204020437499999 0.1953125 0.7684789656250001 0.20673192343750002 0.821008309375 0.162259615625 0.8270727156250001 0.1652644234375 0.843599159375 0.21484375 0.8405943515625 0.2193509609375 0.8638822109375001 0.2373798078125 0.9314903843750001