0 0.7390625 0.0625 0.196875 0.115625
0 0.9046875 0.10078125 0.146875 0.0984375
0 0.8578125 0.1421875 0.1296875 0.08671875
0 0.9046875 0.22265625 0.115625 0.071875
0 0.9328125 0.2984375 0.1296875 0.115625
0 0.73671875 0.24609375 0.09140625 0.0484375
0 0.82109375 0.29296875 0.08671875 0.0765625
0 0.7203125 0.31640625 0.103125 0.084375
0 0.7796875 0.3765625 0.125 0.071875
0 0.8578125 0.365625 0.08671875 0.071875
0 0.9484375 0.38359375 0.09140625 0.09609375
0 0.7390625 0.1515625 0.1203125 0.06953125
0 0.78515625 0.2171875 0.115625 0.0625
0 0.57578125 0.04296875 0.09609375 0.0671875
0 0.61875 0.13125 0.1296875 0.08671875
0 0.49375 0.02421875 0.08671875 0.03828125
0 0.334375 0.140625 0.5046875 0.27421875
0 0.0734375 0.16484375 0.08203125 0.04296875
0 0.18515625 0.21484375 0.1296875 0.08203125
0 0.45078125 0.3234375 0.20703125 0.1734375
0 0.6140625 0.24765625 0.20703125 0.14453125
0 0.7390625 0.42578125 0.16328125 0.06953125
0 0.81875 0.44375 0.09140625 0.0625
0 0.8921875 0.4484375 0.0765625 0.071875
0 0.96015625 0.42421875 0.07421875 0.06015625
0 0.95703125 0.4796875 0.06484375 0.0484375
0 0.92421875 0.50703125 0.0765625 0.08203125
0 0.875 0.54921875 0.1296875 0.084375
0 0.7796875 0.509375 0.09140625 0.084375
0 0.6078125 0.43046875 0.259375 0.21171875
0 0.5734375 0.6078125 0.2328125 0.1734375
0 0.75234375 0.61640625 0.115625 0.09609375
0 0.69609375 0.53984375 0.1421875 0.08203125
0 0.69609375 0.66484375 0.06484375 0.053125
0 0.8234375 0.6078125 0.0484375 0.05546875
0 0.3015625 0.38125 0.34140625 0.3609375
0 0.0796875 0.53125 0.134375 0.134375
0 0.06015625 0.38359375 0.1078125 0.15390625
0 0.07578125 0.32421875 0.1421875 0.2328125
0 0.459375 0.67890625 0.146875 0.10078125
0 0.521875 0.78515625 0.18515625 0.22578125
0 0.81015625 0.859375 0.1734375 0.09140625
0 0.728125 0.79296875 0.1203125 0.10546875
0 0.6703125 0.740625 0.15859375 0.10078125
0 0.6453125 0.95078125 0.1515625 0.09375
0 0.71484375 0.9109375 0.2546875 0.1203125
0 0.86640625 0.74765625 0.21171875 0.115625
0 0.89296875 0.67578125 0.209375 0.1203125
0 0.94140625 0.5984375 0.11328125 0.1109375
0 0.43125 0.88203125 0.36796875 0.23046875
0 0.2953125 0.7078125 0.353125 0.1390625
0 0.2828125 0.5453125 0.303125 0.22109375
0 0.08671875 0.7078125 0.16328125 0.2046875
0 0.17890625 0.95703125 0.165625 0.08203125
0 0.12265625 0.8953125 0.22109375 0.1421875
0 0.04921875 0.9671875 0.0890625 0.06015625
0 0.07109375 0.80859375 0.1296875 0.084375