0 0.76171875 0.21484375 0.3890625 0.2453125
0 0.6984375 0.44453125 0.28359375 0.23046875
0 0.6765625 0.71640625 0.33671875 0.27890625
0 0.3734375 0.821875 0.34140625 0.25234375
0 0.36875 0.5171875 0.375 0.26953125
0 0.1421875 0.428125 0.27421875 0.22578125
0 0.9046875 0.90390625 0.18515625 0.1875
0 0.1765625 0.1109375 0.2984375 0.21640625
0 0.1421875 0.8125 0.27421875 0.21875
0 0.5375 0.0484375 0.49765625 0.09609375
0 0.421875 0.24296875 0.2671875 0.26953125
0 0.66015625 0.92890625 0.29296875 0.134375