0 0.91796875 0.59765625 0.115625 0.178125
0 0.9859375 0.603125 0.01953125 0.053125
0 0.96171875 0.72578125 0.06953125 0.15859375
0 0.9328125 0.88359375 0.1203125 0.19921875
0 0.875 0.728125 0.10546875 0.165625
0 0.8140625 0.89453125 0.1078125 0.19921875
0 0.7515625 0.72265625 0.1203125 0.1875
0 0.7921875 0.6390625 0.09140625 0.115625
0 0.8234375 0.58046875 0.09609375 0.15390625
0 0.7015625 0.9109375 0.1109375 0.165625
0 0.72265625 0.834375 0.09140625 0.0578125
0 0.6875 0.5828125 0.1109375 0.14921875
0 0.76953125 0.52890625 0.10078125 0.14453125
0 0.640625 0.6859375 0.1078125 0.1828125
0 0.5640625 0.7484375 0.115625 0.1734375
0 0.50390625 0.61640625 0.1109375 0.1734375
0 0.5734375 0.5453125 0.1109375 0.178125
0 0.45703125 0.77734375 0.1078125 0.1734375
0 0.50859375 0.8546875 0.08671875 0.0625
0 0.6265625 0.8609375 0.071875 0.08671875
0 0.5953125 0.91953125 0.09375 0.14921875
0 0.53515625 0.9375 0.1109375 0.115625
0 0.45703125 0.89453125 0.08671875 0.07421875
0 0.43046875 0.94609375 0.10546875 0.09609375
0 0.3953125 0.8734375 0.0765625 0.103125
0 0.3265625 0.76796875 0.1109375 0.178125
0 0.30859375 0.703125 0.09609375 0.125
0 0.41484375 0.6765625 0.071875 0.08671875
0 0.38359375 0.7453125 0.0453125 0.15390625
0 0.2984375 0.8734375 0.11796875 0.125
0 0.3265625 0.94609375 0.0984375 0.09609375
0 0.21171875 0.9421875 0.13203125 0.103125
0 0.16796875 0.8921875 0.1421875 0.1828125
0 0.2296875 0.83984375 0.0625 0.103125
0 0.24140625 0.77734375 0.0578125 0.0671875
0 0.16484375 0.790625 0.0796875 0.03828125
0 0.09765625 0.86328125 0.0484375 0.103125
0 0.05546875 0.9421875 0.10546875 0.10546875
0 0.22265625 0.703125 0.10546875 0.15859375
0 0.1390625 0.7515625 0.10546875 0.14453125
0 0.0484375 0.81875 0.09140625 0.15625
0 0.0296875 0.7171875 0.059375 0.165625
0 0.11640625 0.634375 0.115625 0.1828125
0 0.4109375 0.6078125 0.071875 0.09609375
0 0.30390625 0.58046875 0.1203125 0.165625
0 0.31953125 0.4625 0.09140625 0.115625
0 0.40234375 0.475 0.0765625 0.1734375
0 0.203125 0.49140625 0.12265625 0.1609375
0 0.21875 0.5765625 0.08203125 0.103125
0 0.03828125 0.5984375 0.071875 0.0625
0 0.08203125 0.52265625 0.10078125 0.09609375
0 0.02265625 0.5046875 0.040625 0.10078125
0 0.02734375 0.53515625 0.02890625 0.09609375
0 0.11640625 0.4859375 0.0578125 0.08203125
0 0.1359375 0.37734375 0.0765625 0.125
0 0.03828125 0.3953125 0.071875 0.11328125
0 0.0578125 0.4375 0.07421875 0.07421875
0 0.1140625 0.4796875 0.0625 0.08203125
0 0.20703125 0.3609375 0.07421875 0.115625
0 0.2671875 0.38828125 0.0625 0.08203125
0 0.31953125 0.4546875 0.09140625 0.1078125
0 0.2796875 0.3234375 0.0671875 0.07421875
0 0.34375 0.36328125 0.0765625 0.08671875
0 0.4109375 0.3421875 0.071875 0.115625
0 0.8015625 0.33203125 0.0765625 0.103125
0 0.7515625 0.37109375 0.0578125 0.0578125
0 0.6984375 0.38359375 0.0484375 0.0453125
0 0.6828125 0.3609375 0.0671875 0.0671875
0 0.7453125 0.2828125 0.071875 0.1078125
0 0.68359375 0.26796875 0.0625 0.115625
0 0.625 0.28828125 0.08203125 0.09609375
0 0.609375 0.2140625 0.07421875 0.08671875
0 0.6203125 0.36328125 0.0671875 0.053125
0 0.49609375 0.31953125 0.0765625 0.08203125
0 0.55390625 0.3421875 0.053125 0.0578125
0 0.51171875 0.25703125 0.0796875 0.115625
0 0.56953125 0.228125 0.02890625 0.0578125
0 0.4578125 0.1890625 0.0765625 0.09140625
0 0.4484375 0.27421875 0.06953125 0.08203125
0 0.41328125 0.22578125 0.05546875 0.08671875
0 0.375 0.2484375 0.0765625 0.08671875
0 0.30546875 0.2453125 0.06953125 0.09140625