0 0.267578125 0.1220703125 0.2314453125 0.087890625 0.1591796875 0.091796875 0.125 0.1181640625 0.107421875 0.1474609375 0.091796875 0.2138671875 0.08984375 0.3056640625 0.095703125 0.3701171875 0.1171875 0.3876953125 0.2236328125 0.33203125 0.3203125 0.2646484375 0.294921875 0.1708984375 0.267578125 0.1220703125
0 0.673828125 0.0146484375 0.6611328125 0.00390625 0.5322265625 0.009765625 0.4921875 0.0693359375 0.494140625 0.1123046875 0.74609375 0.2587890625 0.75390625 0.2255859375 0.744140625 0.1357421875 0.70703125 0.0576171875 0.673828125 0.0146484375
0 0.564453125 0.4541015625 0.57421875 0.3408203125 0.556640625 0.2373046875 0.525390625 0.1708984375 0.4931640625 0.146484375 0.4228515625 0.13671875 0.3935546875 0.146484375 0.3671875 0.1728515625 0.33203125 0.2490234375 0.314453125 0.3427734375 0.3125 0.4560546875 0.3203125 0.5263671875 0.337890625 0.5634765625 0.4033203125 0.6328125 0.455078125 0.6376953125 0.4921875 0.6142578125 0.51171875 0.5634765625 0.55078125 0.5048828125 0.564453125 0.4541015625
0 0.892578125 0.3701171875 0.873046875 0.2978515625 0.83984375 0.2333984375 0.8017578125 0.19921875 0.7705078125 0.193359375 0.759765625 0.1982421875 0.759765625 0.2333984375 0.7451171875 0.263671875 0.7099609375 0.2421875 0.6865234375 0.240234375 0.66015625 0.2568359375 0.634765625 0.2939453125 0.615234375 0.3759765625 0.615234375 0.4306640625 0.623046875 0.4833984375 0.6748046875 0.55859375 0.7119140625 0.578125 0.78125 0.5888671875 0.8369140625 0.576171875 0.859375 0.5517578125 0.888671875 0.4638671875 0.892578125 0.3701171875
0 0.94921875 0.5048828125 0.927734375 0.4638671875 0.8974609375 0.4375 0.880859375 0.5087890625 0.830078125 0.6064453125 0.861328125 0.6572265625 0.884765625 0.7197265625 0.896484375 0.7236328125 0.9296875 0.7138671875 0.96484375 0.6298828125 0.962890625 0.5595703125 0.94921875 0.5048828125
0 0.86328125 0.6669921875 0.82421875 0.5966796875 0.8134765625 0.591796875 0.7744140625 0.59765625 0.720703125 0.6591796875 0.716796875 0.6767578125 0.734375 0.7568359375 0.734375 0.8603515625 0.716796875 0.9287109375 0.67578125 0.9912109375 0.6845703125 1 0.80859375 0.9990234375 0.85546875 0.9150390625 0.87890625 0.8095703125 0.87890625 0.7451171875 0.86328125 0.6669921875
0 0.724609375 0.7333984375 0.70703125 0.6650390625 0.66015625 0.5888671875 0.6181640625 0.55078125 0.5947265625 0.5390625 0.5615234375 0.5390625 0.521484375 0.5712890625 0.48828125 0.6337890625 0.470703125 0.7216796875 0.47265625 0.7666015625 0.521484375 0.9033203125 0.541015625 0.9345703125 0.5849609375 0.974609375 0.642578125 0.9873046875 0.681640625 0.9697265625 0.72265625 0.8974609375 0.732421875 0.8564453125 0.724609375 0.7333984375
0 0.482421875 0.6357421875 0.4169921875 0.642578125 0.404296875 0.7470703125 0.318359375 0.8505859375 0.31640625 0.8662109375 0.3876953125 1 0.50390625 0.9990234375 0.505859375 0.9365234375 0.517578125 0.9111328125 0.466796875 0.7568359375 0.482421875 0.6357421875
0 0.40234375 0.7451171875 0.40625 0.7275390625 0.400390625 0.6357421875 0.3349609375 0.583984375 0.3095703125 0.578125 0.2861328125 0.58203125 0.259765625 0.6181640625 0.2265625 0.7236328125 0.236328125 0.8330078125 0.25390625 0.8837890625 0.267578125 0.8955078125 0.279296875 0.8603515625 0.3154296875 0.84765625 0.3359375 0.8291015625 0.40234375 0.7451171875
0 0.298828125 0.5166015625 0.306640625 0.3447265625 0.2646484375 0.314453125 0.1298828125 0.38671875 0.1005859375 0.384765625 0.095703125 0.3916015625 0.09375 0.4677734375 0.109375 0.5771484375 0.146484375 0.6455078125 0.1767578125 0.671875 0.19921875 0.6767578125 0.2275390625 0.66015625 0.244140625 0.6376953125 0.287109375 0.5654296875 0.298828125 0.5166015625
0 0.224609375 0.7177734375 0.234375 0.6669921875 0.1904296875 0.681640625 0.13671875 0.6376953125 0.10546875 0.5732421875 0.09375 0.4853515625 0.0849609375 0.474609375 0.064453125 0.4892578125 0.03125 0.5751953125 0.029296875 0.7080078125 0.064453125 0.7998046875 0.1005859375 0.830078125 0.115234375 0.8310546875 0.1572265625 0.8125 0.2060546875 0.80859375 0.2265625 0.7880859375 0.224609375 0.7177734375