0 0.05390625 0.51171875 0.053125 0.0765625
0 0.03359375 0.540625 0.053125 0.0765625
0 0.025 0.60078125 0.04296875 0.11328125
0 0.01328125 0.50625 0.01953125 0.06484375
0 0.06875 0.83203125 0.071875 0.134375
0 0.0921875 0.74296875 0.0625 0.10078125
0 0.11796875 0.68046875 0.06015625 0.08203125
0 0.134375 0.62109375 0.06015625 0.08203125
0 0.15390625 0.57109375 0.053125 0.0765625
0 0.14296875 0.83203125 0.071875 0.125
0 0.1578125 0.74296875 0.071875 0.0890625
0 0.1828125 0.68046875 0.0625 0.071875
0 0.19609375 0.6234375 0.0578125 0.06484375
0 0.2171875 0.5765625 0.053125 0.06484375
0 0.2828125 0.57109375 0.06015625 0.053125
0 0.271875 0.6234375 0.0671875 0.0765625
0 0.24609375 0.678125 0.071875 0.0890625
0 0.23671875 0.7484375 0.0625 0.0890625
0 0.2171875 0.828125 0.071875 0.1421875
0 0.2953125 0.83203125 0.071875 0.125
0 0.30546875 0.7484375 0.0671875 0.0890625
0 0.31875 0.68046875 0.06015625 0.08203125
0 0.33515625 0.63359375 0.053125 0.08203125
0 0.34609375 0.58515625 0.053125 0.0578125
0 0.40234375 0.5765625 0.053125 0.0765625
0 0.3953125 0.6296875 0.06015625 0.0765625
0 0.390625 0.68359375 0.0625 0.0765625
0 0.3859375 0.7390625 0.071875 0.08203125
0 0.37265625 0.8375 0.071875 0.125
0 0.4515625 0.83203125 0.0765625 0.125
0 0.46171875 0.7484375 0.071875 0.0890625
0 0.4625 0.68359375 0.06015625 0.06484375
0 0.46640625 0.62109375 0.053125 0.0578125
0 0.4703125 0.57421875 0.06015625 0.0578125
0 0.4484375 0.49140625 0.05078125 0.08203125
0 0.4015625 0.48828125 0.02890625 0.0765625
0 0.19609375 0.48203125 0.0171875 0.06484375
0 0.56484375 0.49140625 0.04296875 0.09609375
0 0.19375 0.3484375 0.02890625 0.08203125
0 0.20703125 0.2875 0.0171875 0.053125
0 0.25390625 0.20703125 0.02890625 0.02421875
0 0.2984375 0.20703125 0.0265625 0.02421875
0 0.3421875 0.2046875 0.040625 0.02890625
0 0.39453125 0.2125 0.03828125 0.0484375
0 0.40234375 0.2453125 0.0140625 0.02890625
0 0.39765625 0.28125 0.009375 0.02890625
0 0.4265625 0.34609375 0.0484375 0.0765625
0 0.4265625 0.3015625 0.040625 0.0484375
0 0.4375 0.26328125 0.04296875 0.053125
0 0.43984375 0.22265625 0.040625 0.053125
0 0.47578125 0.3484375 0.0484375 0.08203125
0 0.4828125 0.28984375 0.040625 0.0484375
0 0.48671875 0.26953125 0.040625 0.053125
0 0.490625 0.22265625 0.040625 0.053125
0 0.8171875 0.49375 0.0578125 0.0890625
0 0.3546875 0.109375 0.04296875 0.0765625
0 0.31015625 0.109375 0.04296875 0.0765625
0 0.2671875 0.11328125 0.03828125 0.071875
0 0.2828125 0.06875 0.03359375 0.06484375
0 0.30078125 0.0296875 0.02890625 0.0484375
0 0.32578125 0.05625 0.03359375 0.040625
0 0.3390625 0.0203125 0.0265625 0.040625
0 0.37265625 0.02421875 0.03359375 0.0359375
0 0.36796875 0.06484375 0.02890625 0.0578125
0 0.40234375 0.109375 0.040625 0.06484375
0 0.41015625 0.06484375 0.040625 0.0359375
0 0.41484375 0.0203125 0.05078125 0.040625
0 0.44609375 0.09765625 0.0484375 0.06484375
0 0.4515625 0.05078125 0.04296875 0.02890625
0 0.453125 0.01796875 0.040625 0.0359375
0 0.49296875 0.10078125 0.040625 0.0578125
0 0.4953125 0.0359375 0.03828125 0.0578125
0 0.98828125 0.6578125 0.01953125 0.0890625
0 0.9734375 0.60078125 0.0484375 0.115625
0 0.9578125 0.47578125 0.0578125 0.0890625
0 0.990625 0.44921875 0.0140625 0.071875
0 0.9359375 0.43125 0.040625 0.0484375
0 0.55859375 0.334375 0.05078125 0.0765625
0 0.5515625 0.28984375 0.04296875 0.0359375
0 0.55078125 0.2546875 0.040625 0.0359375
0 0.5453125 0.23671875 0.04296875 0.0359375
0 0.5484375 0.20078125 0.04296875 0.0359375
0 0.59609375 0.20703125 0.03828125 0.0359375
0 0.59609375 0.2328125 0.03828125 0.040625
0 0.640625 0.2125 0.040625 0.0359375
0 0.68984375 0.21015625 0.04296875 0.040625
0 0.73671875 0.2125 0.02890625 0.0359375
0 0.7828125 0.2875 0.01953125 0.02890625
0 0.78515625 0.35234375 0.01953125 0.0765625
0 0.8296875 0.334375 0.053125 0.11328125
0 0.7953125 0.2546875 0.0484375 0.071875
0 0.7796875 0.2125 0.03828125 0.0484375
0 0.55625 0.109375 0.03359375 0.0765625
0 0.5484375 0.0625 0.02890625 0.040625
0 0.5453125 0.0265625 0.03828125 0.040625
0 0.59765625 0.09765625 0.03359375 0.0765625
0 0.5921875 0.0359375 0.02890625 0.0359375
0 0.64765625 0.103125 0.03359375 0.06484375
0 0.63203125 0.06484375 0.02890625 0.0578125
0 0.62890625 0.0265625 0.02890625 0.02890625
0 0.68984375 0.103125 0.03828125 0.06484375
0 0.6828125 0.05078125 0.03828125 0.053125
0 0.66796875 0.0265625 0.03359375 0.053125
0 0.7125 0.0203125 0.02890625 0.040625
0 0.72109375 0.05859375 0.03359375 0.0484375
0 0.73671875 0.103125 0.03828125 0.053125
0 0.78515625 0.11328125 0.040625 0.0578125
0 0.76796875 0.07109375 0.040625 0.0578125
0 0.76171875 0.03828125 0.03359375 0.040625
0 0.75 0.01796875 0.03828125 0.0359375
0 0.55546875 0.5796875 0.0578125 0.071875
0 0.55546875 0.6359375 0.0625 0.0765625
0 0.55546875 0.68984375 0.071875 0.0765625
0 0.55390625 0.7515625 0.0671875 0.08203125
0 0.56015625 0.828125 0.08203125 0.1421875
0 0.64296875 0.834375 0.0625 0.1296875
0 0.63125 0.7515625 0.0671875 0.08203125
0 0.6265625 0.68359375 0.0625 0.0765625
0 0.6234375 0.6359375 0.06015625 0.0765625
0 0.6234375 0.5796875 0.06015625 0.0578125
0 0.6828125 0.59140625 0.05078125 0.0578125
0 0.75 0.58515625 0.05078125 0.0484375
0 0.81484375 0.5796875 0.06015625 0.08203125
0 0.87890625 0.58515625 0.0671875 0.08203125
0 0.6984375 0.6421875 0.06015625 0.0765625
0 0.7046875 0.68984375 0.0671875 0.0765625
0 0.71171875 0.7546875 0.071875 0.0765625
0 0.7171875 0.828125 0.08203125 0.1296875
0 0.796875 0.83203125 0.0765625 0.125
0 0.7875 0.74296875 0.071875 0.0890625
0 0.77421875 0.6921875 0.071875 0.08203125
0 0.76328125 0.6421875 0.071875 0.0765625
0 0.83046875 0.62734375 0.05078125 0.071875
0 0.85078125 0.68359375 0.0625 0.0765625
0 0.86796875 0.7484375 0.071875 0.0890625
0 0.87734375 0.84375 0.0765625 0.125
0 0.9578125 0.8328125 0.0796875 0.1515625
0 0.93515625 0.7515625 0.0625 0.08203125
0 0.91953125 0.6921875 0.06015625 0.071875
0 0.89921875 0.6359375 0.06015625 0.0765625
0 0.88125 0.5796875 0.0578125 0.071875
0 0.85234375 0.2328125 0.040625 0.0765625
0 0.90625 0.228125 0.0484375 0.0890625
0 0.89765625 0.3015625 0.0578125 0.0578125
0 0.959375 0.29921875 0.053125 0.06484375
0 0.96484375 0.2125 0.03828125 0.0484375
0 0.9375 0.22265625 0.0171875 0.02890625
0 0.990625 0.25703125 0.0140625 0.1390625
0 0.84609375 0.0796875 0.040625 0.053125
0 0.8953125 0.0765625 0.053125 0.0484375
0 0.9109375 0.0203125 0.03828125 0.040625
0 0.953125 0.01796875 0.040625 0.0359375
0 0.94453125 0.06875 0.04296875 0.053125
0 0.984375 0.06484375 0.02890625 0.0484375
0 0.990625 0.01953125 0.0140625 0.03828125