0 0.55625 0.80859375 0.240625 0.1875
0 0.5609375 0.72578125 0.26171875 0.125
0 0.4359375 0.41015625 0.16328125 0.39453125
0 0.4484375 0.5890625 0.240625 0.196875
0 0.615625 0.490625 0.09140625 0.24765625
0 0.5609375 0.53828125 0.09609375 0.0890625
0 0.52734375 0.63125 0.09140625 0.09609375
0 0.66953125 0.56640625 0.0359375 0.08203125
0 0.56640625 0.4421875 0.09609375 0.1203125
0 0.55859375 0.34765625 0.08203125 0.1078125
0 0.640625 0.33046875 0.08203125 0.134375
0 0.51328125 0.18515625 0.16328125 0.20703125
0 0.65390625 0.2296875 0.09609375 0.14453125
5 0.76171875 0.634375 0.384375 0.071875
5 0.459375 0.47734375 0.5484375 0.8703125