0 0.634375 0.18515625 0.5578125 0.36328125
0 0.9046875 0.05078125 0.18046875 0.09140625
0 0.9046875 0.34375 0.18046875 0.384375
0 0.72734375 0.6109375 0.4640625 0.35546875
0 0.95703125 0.73203125 0.0765625 0.290625
0 0.7609375 0.88828125 0.44921875 0.21875
0 0.37265625 0.8328125 0.46171875 0.3296875
0 0.11796875 0.90859375 0.23046875 0.178125
0 0.12734375 0.66796875 0.25 0.303125
0 0.33515625 0.45546875 0.5140625 0.39453125
0 0.1984375 0.146875 0.38671875 0.27890625
0 0.0796875 0.3609375 0.15390625 0.27421875