0 0.0734375 0.0953125 0.1421875 0.18984375
0 0.15390625 0.05625 0.05546875 0.103125
0 0.31640625 0.1265625 0.2546875 0.24296875
0 0.459375 0.2390625 0.16328125 0.0578125
0 0.5890625 0.1421875 0.09609375 0.25234375
0 0.5609375 0.11875 0.09609375 0.22578125
0 0.53515625 0.12109375 0.09609375 0.23046875
0 0.51171875 0.09765625 0.071875 0.17578125
0 0.48828125 0.08984375 0.0578125 0.1703125
0 0.459375 0.10546875 0.10078125 0.1921875
0 0.4515625 0.06953125 0.053125 0.1203125
0 0.8953125 0.20703125 0.0625 0.09140625
0 0.96171875 0.296875 0.0484375 0.0671875
0 0.98671875 0.30390625 0.01953125 0.0625
0 0.9234375 0.2859375 0.03828125 0.0671875
0 0.96875 0.23203125 0.053125 0.053125
0 0.8796875 0.44140625 0.06953125 0.0765625
0 0.91328125 0.48671875 0.0671875 0.0671875
0 0.9265625 0.4328125 0.03125 0.040625
0 0.83203125 0.45703125 0.05078125 0.0765625
0 0.9578125 0.4484375 0.02421875 0.040625
0 0.9828125 0.428125 0.0265625 0.01953125
0 0.9828125 0.46171875 0.0265625 0.0578125
0 0.30859375 0.41015625 0.06953125 0.08671875
0 0.36328125 0.4125 0.03828125 0.071875
0 0.39921875 0.459375 0.0671875 0.08203125
0 0.4234375 0.38125 0.05078125 0.103125
0 0.3921875 0.3734375 0.0578125 0.08671875
0 0.35078125 0.33984375 0.03125 0.071875
0 0.321875 0.33984375 0.04296875 0.071875
0 0.2875 0.3375 0.0359375 0.0671875
0 0.25859375 0.3765625 0.03828125 0.09140625
0 0.18359375 0.36328125 0.0265625 0.1078125
0 0.20703125 0.35546875 0.01953125 0.0625
0 0.14921875 0.42578125 0.04296875 0.0765625
0 0.1140625 0.40234375 0.04296875 0.08203125
0 0.07109375 0.4046875 0.0265625 0.0671875
0 0.08515625 0.45078125 0.02421875 0.0359375
0 0.040625 0.39453125 0.05078125 0.08671875
0 0.009375 0.321875 0.0140625 0.0765625
0 0.0328125 0.31484375 0.0265625 0.03125
0 0.05625 0.3296875 0.05078125 0.053125
0 0.0890625 0.3265625 0.03125 0.0484375
0 0.115625 0.33515625 0.02421875 0.053125
0 0.15234375 0.3421875 0.05078125 0.0578125
0 0.51328125 0.43515625 0.0625 0.0765625
0 0.56640625 0.4046875 0.15859375 0.0765625
0 0.67890625 0.43515625 0.03125 0.0359375
0 0.7078125 0.45078125 0.03359375 0.0359375
0 0.67578125 0.46875 0.03125 0.01953125
0 0.678125 0.41484375 0.01953125 0.02421875
0 0.69375 0.396875 0.0265625 0.01953125
0 0.70703125 0.4203125 0.02421875 0.02421875
0 0.728125 0.4046875 0.04296875 0.0140625
0 0.7390625 0.4234375 0.03359375 0.01953125
0 0.74296875 0.45078125 0.01953125 0.0359375
0 0.7703125 0.44375 0.01953125 0.03125
0 0.7796875 0.46171875 0.0140625 0.0265625
0 0.79296875 0.4171875 0.0265625 0.040625
0 0.76796875 0.4125 0.03125 0.03125
0 0.60546875 0.27265625 0.03125 0.053125
0 0.64453125 0.27890625 0.03828125 0.03125
0 0.69453125 0.2859375 0.03828125 0.0484375
0 0.72578125 0.296875 0.0140625 0.02421875
0 0.74296875 0.30859375 0.01953125 0.040625
0 0.76171875 0.30859375 0.01171875 0.040625
0 0.7875 0.290625 0.02421875 0.0359375
0 0.80625 0.3109375 0.02421875 0.02421875
0 0.625 0.23671875 0.03125 0.03125
0 0.65234375 0.2453125 0.02421875 0.0359375
0 0.67578125 0.2453125 0.02421875 0.02421875
0 0.7046875 0.24765625 0.0265625 0.040625
0 0.7390625 0.2453125 0.0265625 0.0578125
0 0.7765625 0.25234375 0.03125 0.03125
0 0.8109375 0.26796875 0.03125 0.03125
0 0.84140625 0.25703125 0.03125 0.03125
0 0.86328125 0.27265625 0.0265625 0.053125
0 0.64921875 0.178125 0.03125 0.0359375
0 0.68125 0.18046875 0.04296875 0.053125
0 0.71015625 0.19140625 0.03125 0.053125
0 0.7390625 0.1890625 0.03359375 0.0578125
0 0.6234375 0.21171875 0.01953125 0.03125
0 0.65234375 0.209375 0.02421875 0.02421875
0 0.68125 0.21171875 0.0265625 0.03125
0 0.70703125 0.22109375 0.03125 0.01953125
0 0.75859375 0.22109375 0.04296875 0.021875
0 0.7796875 0.19375 0.03125 0.0484375
0 0.8109375 0.19609375 0.03125 0.053125
0 0.80546875 0.24296875 0.0265625 0.01953125
0 0.8375 0.25703125 0.03125 0.03125
0 0.67578125 0.13125 0.03125 0.0578125
0 0.696875 0.115625 0.03359375 0.0765625
0 0.7078125 0.09765625 0.04296875 0.040625
0 0.7171875 0.05859375 0.03125 0.02421875
0 0.79296875 0.071875 0.03359375 0.021875
0 0.83046875 0.0921875 0.053125 0.040625
0 0.959375 0.14453125 0.03359375 0.040625
0 0.9390625 0.178125 0.03828125 0.0359375
0 0.93359375 0.1234375 0.03828125 0.03125
0 0.9046875 0.13671875 0.04296875 0.0484375
0 0.875 0.10546875 0.03359375 0.0140625
0 0.83046875 0.1265625 0.03125 0.02421875
0 0.84765625 0.146875 0.03359375 0.0484375
0 0.87265625 0.13125 0.03125 0.02421875
0 0.81640625 0.1671875 0.03359375 0.02421875
0 0.7953125 0.1421875 0.03125 0.0359375
0 0.78984375 0.1078125 0.03359375 0.040625
0 0.75234375 0.115625 0.03125 0.0359375
0 0.75859375 0.1421875 0.04296875 0.0359375
0 0.7203125 0.146875 0.0265625 0.02421875
0 0.97109375 0.6265625 0.05078125 0.0984375
0 0.93046875 0.6421875 0.03125 0.0578125
0 0.17890625 0.63125 0.0578125 0.1078125
0 0.1046875 0.6234375 0.09140625 0.11328125
0 0.03515625 0.61796875 0.06484375 0.09609375
0 0.04453125 0.68046875 0.04296875 0.040625
0 0.43046875 0.63671875 0.0265625 0.1390625
0 0.4109375 0.62109375 0.0265625 0.1203125
0 0.59609375 0.67578125 0.03359375 0.071875
0 0.60546875 0.68046875 0.02421875 0.09140625
0 0.60546875 0.61328125 0.03125 0.053125
0 0.5890625 0.65234375 0.0265625 0.0671875
0 0.5671875 0.703125 0.03125 0.0671875
0 0.5484375 0.69140625 0.0140625 0.03125
0 0.55625 0.6234375 0.03125 0.103125
0 0.52265625 0.6234375 0.05078125 0.071875
0 0.5328125 0.59765625 0.03828125 0.040625
0 0.525 0.6984375 0.03125 0.0765625
0 0.48828125 0.68515625 0.071875 0.0625
0 0.475 0.63671875 0.02421875 0.0484375
0 0.490625 0.61328125 0.02421875 0.053125
0 0.7078125 0.6265625 0.05078125 0.0671875
0 0.65859375 0.6828125 0.04296875 0.0359375
0 0.65234375 0.66015625 0.0140625 0.01953125
0 0.66796875 0.615625 0.0625 0.08671875
0 0.703125 0.634375 0.0140625 0.040625
0 0.70078125 0.60078125 0.01953125 0.02421875
0 0.73203125 0.58984375 0.05078125 0.0484375
0 0.69140625 0.67578125 0.03125 0.03125
0 0.70703125 0.68046875 0.0140625 0.03125
0 0.75234375 0.6265625 0.06953125 0.0984375
0 0.73828125 0.6671875 0.03828125 0.02421875
0 0.7640625 0.6671875 0.03828125 0.0578125
0 0.875 0.6265625 0.14921875 0.1078125
0 0.0296875 0.93046875 0.05546875 0.1109375
0 0.009375 0.84609375 0.0140625 0.071875
0 0.0515625 0.8765625 0.0578125 0.03125
0 0.125 0.85078125 0.0671875 0.08203125
0 0.19375 0.8453125 0.06953125 0.08203125
0 0.26796875 0.83984375 0.071875 0.08203125
0 0.33984375 0.853125 0.053125 0.02421875
0 0.39453125 0.821875 0.0625 0.0765625
0 0.44921875 0.81953125 0.0578125 0.0625
0 0.50234375 0.81484375 0.053125 0.0625
0 0.5515625 0.8328125 0.053125 0.0359375
0 0.6046875 0.8296875 0.040625 0.03125
0 0.65234375 0.8015625 0.03828125 0.0578125
0 0.69453125 0.796875 0.03828125 0.0578125
0 0.7359375 0.79296875 0.04296875 0.0625
0 0.77734375 0.78828125 0.03359375 0.0625
0 0.8125 0.78359375 0.03359375 0.0625
0 0.84765625 0.78359375 0.03359375 0.0625
0 0.884375 0.79296875 0.03125 0.01953125
0 0.9203125 0.7703125 0.03359375 0.0578125
0 0.953125 0.765625 0.02421875 0.0484375
0 0.98046875 0.765625 0.03125 0.0484375
0 0.0953125 0.928125 0.08203125 0.103125
0 0.171875 0.9203125 0.07421875 0.09609375
0 0.24296875 0.9125 0.06953125 0.09140625
0 0.30625 0.9078125 0.0671875 0.103125
0 0.36875 0.89453125 0.0578125 0.09609375
0 0.43046875 0.88125 0.0671875 0.09140625
0 0.48671875 0.87890625 0.0484375 0.0765625
0 0.5375 0.87890625 0.053125 0.08671875
0 0.58984375 0.86875 0.0484375 0.0765625
0 0.634375 0.8578125 0.040625 0.0765625
0 0.678125 0.85546875 0.03359375 0.0625
0 0.7203125 0.84765625 0.03359375 0.0671875
0 0.75859375 0.84765625 0.03359375 0.0671875
0 0.803125 0.83984375 0.03828125 0.0625
0 0.828125 0.8421875 0.0265625 0.0578125
0 0.8609375 0.82421875 0.03828125 0.0625
0 0.89921875 0.8265625 0.03125 0.0484375
0 0.93046875 0.8171875 0.03125 0.0484375
0 0.9625 0.81484375 0.0265625 0.053125
0 0.98828125 0.8109375 0.0140625 0.0578125
0 0.01328125 0.9890625 0.021875 0.0171875
0 0.05625 0.98671875 0.0578125 0.02421875
0 0.13125 0.978125 0.0890625 0.03828125
0 0.21171875 0.97265625 0.0765625 0.05078125
0 0.27734375 0.9625 0.06953125 0.06953125
0 0.33984375 0.9625 0.06484375 0.06953125
0 0.40625 0.95703125 0.0671875 0.08203125
0 0.459375 0.94375 0.053125 0.09140625
0 0.48046875 0.9890625 0.071875 0.01953125
0 0.55078125 0.9890625 0.0578125 0.01953125
0 0.603125 0.9828125 0.0484375 0.02890625
0 0.5171875 0.94609375 0.0625 0.0671875
0 0.56953125 0.94375 0.05078125 0.0625
0 0.6203125 0.9390625 0.05078125 0.08203125
0 0.66484375 0.9125 0.03125 0.053125
0 0.70078125 0.9171875 0.03359375 0.08203125
0 0.7390625 0.91015625 0.04296875 0.0765625
0 0.78359375 0.90234375 0.03828125 0.071875
0 0.82421875 0.8890625 0.0578125 0.0765625
0 0.87890625 0.8734375 0.04296875 0.0671875
0 0.9203125 0.8734375 0.03359375 0.0671875
0 0.95546875 0.8609375 0.01953125 0.040625
0 0.984375 0.87109375 0.02421875 0.053125
0 0.97734375 0.91015625 0.03828125 0.0671875
0 0.9421875 0.91015625 0.03125 0.0578125
0 0.9046875 0.93046875 0.03359375 0.0671875
0 0.86328125 0.93046875 0.0578125 0.0765625
0 0.80859375 0.96171875 0.04296875 0.0671875
0 0.759375 0.9703125 0.053125 0.05546875
0 0.71484375 0.97265625 0.05546875 0.05078125
0 0.6625 0.9625 0.06015625 0.06953125
0 0.8375 0.9703125 0.05078125 0.05546875
0 0.875 0.98046875 0.02890625 0.03359375
0 0.91015625 0.98046875 0.0359375 0.03359375
0 0.94921875 0.959375 0.053125 0.0625
0 0.975 0.9828125 0.0453125 0.02890625