0 0.5203125 0.61328125 0.040625 0.1203125
0 0.7796875 0.2609375 0.14453125 0.2953125
0 0.81484375 0.103125 0.1390625 0.19453125
0 0.74609375 0.02890625 0.103125 0.0453125
0 0.66953125 0.14765625 0.14453125 0.28359375
0 0.56015625 0.03515625 0.10546875 0.0578125
0 0.8015625 0.46875 0.2328125 0.14453125
0 0.5578125 0.65390625 0.03359375 0.10078125
0 0.50390625 0.65390625 0.02421875 0.0625
0 0.540625 0.7078125 0.03828125 0.06953125
0 0.5765625 0.7484375 0.040625 0.10078125
0 0.62109375 0.77421875 0.053125 0.08671875
0 0.64921875 0.7234375 0.0484375 0.0625
0 0.60078125 0.6921875 0.04296875 0.08671875
0 0.6234375 0.60078125 0.040625 0.1203125
0 0.6421875 0.6578125 0.04296875 0.09375
0 0.66953125 0.60078125 0.04296875 0.09375
0 0.66328125 0.6671875 0.01953125 0.03828125
0 0.5921875 0.60703125 0.02890625 0.09375
0 0.5671875 0.55625 0.040625 0.09375
0 0.5265625 0.5375 0.040625 0.06953125
0 0.5625 0.46875 0.0578125 0.08203125
0 0.6078125 0.51171875 0.053125 0.08203125
0 0.64765625 0.515625 0.03125 0.10078125
0 0.68046875 0.48828125 0.040625 0.09375
0 0.6921875 0.540625 0.03125 0.0625
0 0.63359375 0.459375 0.03359375 0.0625
0 0.61171875 0.43359375 0.021875 0.0625
0 0.5875 0.428125 0.03125 0.0625
0 0.56015625 0.38671875 0.04296875 0.06953125
0 0.53515625 0.48046875 0.02421875 0.06953125
0 0.64765625 0.87109375 0.07421875 0.13203125
0 0.65 0.9671875 0.09375 0.06015625
0 0.5875 0.9234375 0.06484375 0.14921875
0 0.55390625 0.9734375 0.0890625 0.0484375
0 0.5375 0.928125 0.03828125 0.06953125
0 0.5 0.96015625 0.0578125 0.07421875
0 0.96875 0.9328125 0.0625 0.1296875
0 0.93984375 0.28984375 0.11328125 0.16328125
0 0.9390625 0.1421875 0.0765625 0.09375
0 0.946875 0.05078125 0.05078125 0.08671875
0 0.984375 0.053125 0.02421875 0.09375
0 0.96875 0.553125 0.0578125 0.12734375
0 0.79921875 0.56953125 0.11328125 0.1078125
0 0.96875 0.6828125 0.0578125 0.1703125
0 0.9171875 0.47109375 0.15859375 0.2640625
0 0.92890625 0.28984375 0.134375 0.16328125
0 0.953125 0.10078125 0.08671875 0.1875
0 0.93359375 0.7484375 0.0625 0.22578125
0 0.91015625 0.7484375 0.06015625 0.1875
0 0.9125 0.7140625 0.10546875 0.1828125
0 0.86796875 0.6765625 0.02421875 0.2328125
0 0.87265625 0.66015625 0.071875 0.25234375
0 0.896875 0.63828125 0.03125 0.1203125
0 0.85234375 0.578125 0.0578125 0.0890625
0 0.821875 0.66328125 0.0140625 0.1203125
0 0.84609375 0.66328125 0.01953125 0.13203125
0 0.84140625 0.7796875 0.12265625 0.28828125
0 0.8375 0.7671875 0.16796875 0.415625
0 0.75390625 0.91484375 0.15859375 0.16796875
0 0.76953125 0.921875 0.16796875 0.1203125
0 0.71484375 0.8640625 0.071875 0.10546875
0 0.70078125 0.7765625 0.04296875 0.04296875
0 0.7703125 0.8640625 0.10546875 0.2453125
0 0.75625 0.7921875 0.1296875 0.3265625
0 0.78515625 0.7828125 0.16796875 0.321875
0 0.83203125 0.96015625 0.1828125 0.07421875
0 0.7453125 0.69453125 0.03125 0.19453125
0 0.775 0.64453125 0.040625 0.209375