0 0.2203125 0.51328125 0.1078125 0.0671875
0 0.14453125 0.4953125 0.05078125 0.01953125
0 0.140625 0.453125 0.0578125 0.0625
0 0.2234375 0.44375 0.0765625 0.053125
0 0.2140625 0.49765625 0.08203125 0.0578125
0 0.1203125 0.4171875 0.0765625 0.08203125
0 0.08671875 0.47109375 0.05078125 0.0671875
0 0.0671875 0.4171875 0.05078125 0.0625
0 0.0375 0.39453125 0.05078125 0.0484375
0 0.0484375 0.4640625 0.09609375 0.14453125
0 0.00625 0.5109375 0.01171875 0.03125
0 0.03828125 0.37109375 0.0484375 0.03125
0 0.06015625 0.33515625 0.0671875 0.053125
0 0.01171875 0.35703125 0.0234375 0.0484375
0 0.015625 0.321875 0.03125 0.0578125
0 0.025 0.1796875 0.05 0.090625
0 0.1140625 0.1703125 0.15859375 0.17578125
0 0.2484375 0.17578125 0.14453125 0.15390625
0 0.27734375 0.16015625 0.115625 0.14453125
0 0.3796875 0.13125 0.12734375 0.14921875
0 0.46875 0.1546875 0.1203125 0.14453125
0 0.3765625 0.23203125 0.0890625 0.0625
0 0.36875 0.29296875 0.1203125 0.08203125
0 0.2078125 0.35078125 0.1078125 0.134375
0 0.11171875 0.28359375 0.08671875 0.08203125
0 0.203125 0.28125 0.0890625 0.0765625
0 0.30625 0.3609375 0.09609375 0.071875
0 0.30859375 0.321875 0.06953125 0.0765625
0 0.26171875 0.28828125 0.06953125 0.053125
0 0.33984375 0.4234375 0.0625 0.071875
0 0.39765625 0.4125 0.0625 0.09140625
0 0.44375 0.4125 0.03828125 0.0625
0 0.49375 0.396875 0.0625 0.08203125
0 0.5328125 0.3578125 0.053125 0.0671875
0 0.475 0.3734375 0.0484375 0.0578125
0 0.46171875 0.3421875 0.0890625 0.0765625
0 0.3859375 0.35546875 0.0484375 0.071875
0 0.44921875 0.29921875 0.071875 0.053125
0 0.4484375 0.26796875 0.03125 0.040625
0 0.484375 0.28125 0.04296875 0.0484375
0 0.52890625 0.19609375 0.09140625 0.125
0 0.56015625 0.2296875 0.053125 0.0359375
0 0.5953125 0.225 0.02421875 0.0359375
0 0.6140625 0.2546875 0.03828125 0.0671875
0 0.64453125 0.26328125 0.0625 0.071875
0 0.6296875 0.19609375 0.03828125 0.103125
0 0.7203125 0.1890625 0.14453125 0.1203125
0 0.58984375 0.05390625 0.125 0.09609375
0 0.73203125 0.06953125 0.14921875 0.1203125
0 0.7859375 0.02890625 0.165625 0.0484375
0 0.89453125 0.03828125 0.071875 0.0671875
0 0.959375 0.0609375 0.071875 0.09140625
0 0.978125 0.01796875 0.03359375 0.02421875
0 0.7828125 0.0921875 0.1875 0.08203125
0 0.796875 0.146875 0.1875 0.0671875
0 0.9078125 0.103125 0.06953125 0.071875
0 0.884375 0.18046875 0.2234375 0.103125
0 0.9171875 0.225 0.14453125 0.0671875
0 0.975 0.1109375 0.04296875 0.0484375
0 0.60078125 0.4046875 0.0671875 0.0765625
0 0.65390625 0.36875 0.0671875 0.0578125
0 0.665625 0.41015625 0.0671875 0.0578125
0 0.60078125 0.3296875 0.0671875 0.08203125
0 0.53828125 0.31484375 0.0578125 0.0625
0 0.64296875 0.31953125 0.04296875 0.0625
0 0.678125 0.27265625 0.0578125 0.0625
0 0.69140625 0.3296875 0.03828125 0.0625
0 0.7140625 0.3015625 0.03125 0.08671875
0 0.74140625 0.3328125 0.053125 0.0671875
0 0.7390625 0.24765625 0.05078125 0.071875
0 0.78984375 0.26328125 0.0671875 0.071875
0 0.7765625 0.4390625 0.1390625 0.03125
0 0.79296875 0.428125 0.14453125 0.03125
0 0.7859375 0.3890625 0.15859375 0.0484375
0 0.81484375 0.41015625 0.03828125 0.02421875
0 0.85546875 0.40234375 0.05078125 0.03125
0 0.884375 0.39453125 0.02421875 0.0359375
0 0.9484375 0.4328125 0.09609375 0.15390625
0 0.96484375 0.3421875 0.0625 0.0765625
0 0.9203125 0.31484375 0.134375 0.08203125
0 0.57109375 0.46875 0.24765625 0.17578125
0 0.2953125 0.5359375 0.03359375 0.071875