0 0.9546875 0.93359375 0.08671875 0.07421875
0 0.96484375 0.98046875 0.06484375 0.03828125
0 0.90390625 0.9640625 0.0484375 0.04296875
0 0.90390625 0.9125 0.0484375 0.05078125
0 0.95703125 0.8765625 0.0765625 0.04296875
0 0.75703125 0.96875 0.09140625 0.053125
0 0.7953125 0.92578125 0.125 0.0765625
0 0.84765625 0.97109375 0.04296875 0.05078125
0 0.8171875 0.87109375 0.071875 0.03359375
0 0.759375 0.865625 0.053125 0.05078125
0 0.7078125 0.915625 0.06015625 0.08203125
0 0.65 0.97578125 0.0765625 0.03828125
0 0.5875 0.94921875 0.08203125 0.08203125
0 0.49375 0.98203125 0.071875 0.02890625
0 0.47578125 0.9578125 0.0765625 0.0484375
0 0.396875 0.97265625 0.08203125 0.0484375
0 0.27890625 0.978125 0.0765625 0.0359375
0 0.1890625 0.9859375 0.08203125 0.021875
0 0.196875 0.90390625 0.16328125 0.0765625
0 0.24609375 0.94375 0.1109375 0.0671875
0 0.13671875 0.946875 0.1109375 0.0671875
0 0.30078125 0.8796875 0.04296875 0.05078125
0 0.26796875 0.83671875 0.0765625 0.04296875
0 0.1859375 0.84140625 0.0765625 0.0484375
0 0.11796875 0.875 0.071875 0.06953125
0 0.36328125 0.8296875 0.071875 0.06484375
0 0.46171875 0.80546875 0.103125 0.0484375
0 0.50234375 0.88359375 0.0765625 0.1109375
0 0.45703125 0.87109375 0.14921875 0.084375
0 0.39921875 0.91953125 0.1203125 0.02890625
0 0.3609375 0.8890625 0.053125 0.0625
0 0.61171875 0.8546875 0.1203125 0.07421875
0 0.57109375 0.8796875 0.071875 0.04296875
0 0.6265625 0.896875 0.0484375 0.01953125
0 0.64453125 0.7984375 0.0765625 0.03828125
0 0.5765625 0.81484375 0.071875 0.0578125
0 0.803125 0.82578125 0.1203125 0.05078125
0 0.8328125 0.78359375 0.09140625 0.0484375
0 0.759375 0.77421875 0.08671875 0.0359375
0 0.72734375 0.80859375 0.04296875 0.02421875
0 0.9015625 0.79453125 0.053125 0.0625
0 0.96015625 0.8109375 0.07421875 0.06015625
0 0.9421875 0.75859375 0.071875 0.0484375
0 0.984375 0.7609375 0.0265625 0.040625
0 0.828125 0.73671875 0.08203125 0.03828125
0 0.8609375 0.69609375 0.03828125 0.0484375
0 0.8109375 0.68515625 0.071875 0.05546875
0 0.759375 0.71875 0.0765625 0.05546875
0 0.84765625 0.65234375 0.053125 0.0484375
0 0.7921875 0.64921875 0.08671875 0.03359375
0 0.75390625 0.66328125 0.04296875 0.053125
0 0.69140625 0.71875 0.06015625 0.0765625
0 0.6828125 0.66015625 0.0671875 0.03828125
0 0.63359375 0.70703125 0.0765625 0.0671875
0 0.6421875 0.75234375 0.06015625 0.021875
0 0.58203125 0.7453125 0.071875 0.0578125
0 0.57109375 0.68515625 0.06015625 0.0625
0 0.609375 0.65859375 0.09140625 0.05078125
0 0.51328125 0.7234375 0.0671875 0.0578125
0 0.4421875 0.7703125 0.08671875 0.0578125
0 0.37109375 0.759375 0.0765625 0.05078125
0 0.3734375 0.6984375 0.071875 0.06484375
0 0.4484375 0.71484375 0.08671875 0.0671875
0 0.49765625 0.6703125 0.0765625 0.053125
0 0.415625 0.65859375 0.1109375 0.05078125
0 0.22734375 0.740625 0.103125 0.06953125
0 0.22109375 0.79296875 0.08203125 0.05078125
0 0.28984375 0.7515625 0.0671875 0.053125
0 0.28359375 0.6921875 0.08671875 0.0625
0 0.196875 0.6890625 0.1109375 0.053125
0 0.1265625 0.71484375 0.08671875 0.0765625
0 0.1390625 0.78515625 0.08203125 0.05078125
0 0.95703125 0.6 0.0765625 0.04296875
0 0.896875 0.59609375 0.053125 0.04296875
0 0.81953125 0.603125 0.0984375 0.05078125
0 0.74609375 0.6 0.08203125 0.0359375
0 0.63671875 0.6140625 0.09140625 0.0359375
0 0.56640625 0.60703125 0.071875 0.05078125
0 0.453125 0.61796875 0.0765625 0.0359375
0 0.3734375 0.61328125 0.08203125 0.0484375
0 0.25703125 0.63203125 0.0984375 0.05078125
0 0.15234375 0.63125 0.0984375 0.0484375
0 0.2078125 0.59140625 0.08671875 0.0625
0 0.28125 0.58046875 0.071875 0.053125
0 0.12890625 0.58046875 0.071875 0.0671875
0 0.35546875 0.5578125 0.0765625 0.0765625
0 0.43125 0.57109375 0.08671875 0.0578125
0 0.4890625 0.57109375 0.071875 0.0578125
0 0.55390625 0.55625 0.071875 0.0578125
0 0.6265625 0.5734375 0.09140625 0.0625
0 0.6890625 0.5671875 0.04296875 0.04296875
0 0.7296875 0.5609375 0.0484375 0.0484375
0 0.7984375 0.5578125 0.0765625 0.0484375
0 0.89921875 0.54296875 0.06015625 0.053125
0 0.96484375 0.5609375 0.06484375 0.040625
0 0.9734375 0.525 0.0484375 0.040625
0 0.915625 0.521875 0.06015625 0.03828125
0 0.828125 0.5203125 0.08203125 0.04296875
0 0.7484375 0.52421875 0.0765625 0.04296875
0 0.66953125 0.52421875 0.08203125 0.0578125
0 0.60078125 0.5140625 0.0765625 0.0484375
0 0.4828125 0.5203125 0.06015625 0.04296875
0 0.40390625 0.51796875 0.08671875 0.03828125
0 0.265625 0.53515625 0.08203125 0.04296875
0 0.16328125 0.5328125 0.1109375 0.0625
0 0.96484375 0.48046875 0.06484375 0.0484375
0 0.9078125 0.478125 0.0671875 0.03828125
0 0.94609375 0.44609375 0.08671875 0.0484375
0 0.9421875 0.4015625 0.06015625 0.03828125
0 0.88828125 0.40390625 0.0484375 0.04296875
0 0.8796875 0.446875 0.04296875 0.04296875
0 0.80078125 0.4390625 0.08203125 0.0484375
0 0.828125 0.4796875 0.06015625 0.0359375
0 0.82578125 0.4046875 0.0671875 0.0484375
0 0.76171875 0.39453125 0.08203125 0.0484375
0 0.72734375 0.42578125 0.04296875 0.05078125
0 0.7296875 0.46484375 0.06015625 0.0359375
0 0.7703125 0.4828125 0.0671875 0.0359375
0 0.65 0.47578125 0.0765625 0.0359375
0 0.56875 0.48203125 0.0984375 0.03828125
0 0.6265625 0.4328125 0.08203125 0.0578125
0 0.54296875 0.421875 0.071875 0.08203125
0 0.584375 0.390625 0.0984375 0.03828125
0 0.65234375 0.3890625 0.071875 0.0359375
0 0.43984375 0.47265625 0.09140625 0.0359375
0 0.48046875 0.42890625 0.053125 0.06484375
0 0.41796875 0.4328125 0.08203125 0.0578125
0 0.3609375 0.46015625 0.0671875 0.0625
0 0.35546875 0.4015625 0.0765625 0.0625
0 0.42890625 0.3796875 0.103125 0.0484375
0 0.28984375 0.46015625 0.0671875 0.0671875
0 0.22109375 0.4859375 0.103125 0.053125
0 0.12890625 0.47265625 0.103125 0.0578125
0 0.2015625 0.43125 0.1203125 0.0671875
0 0.11796875 0.4109375 0.071875 0.06484375
0 0.19375 0.3796875 0.115625 0.03828125
0 0.2765625 0.390625 0.08203125 0.0625
0 0.1890625 0.33046875 0.115625 0.0578125
0 0.27265625 0.3265625 0.0765625 0.05078125
0 0.1140625 0.32578125 0.0671875 0.0484375
0 0.11796875 0.26953125 0.09140625 0.06484375
0 0.2125 0.26953125 0.0984375 0.06484375
0 0.27265625 0.2875 0.04296875 0.02890625
0 0.24296875 0.2484375 0.08203125 0.053125
0 0.15234375 0.23671875 0.08671875 0.05078125
0 0.34140625 0.28359375 0.09140625 0.08203125
0 0.38203125 0.33046875 0.0984375 0.0578125
0 0.47578125 0.33671875 0.0765625 0.03828125
0 0.47578125 0.29453125 0.08671875 0.06484375
0 0.4125 0.26171875 0.103125 0.06484375
0 0.34375 0.2453125 0.0671875 0.03359375
0 0.55390625 0.34140625 0.08203125 0.0578125
0 0.63359375 0.34765625 0.0765625 0.053125
0 0.66953125 0.31640625 0.0484375 0.05078125
0 0.62890625 0.290625 0.08671875 0.0578125
0 0.66328125 0.26953125 0.06015625 0.05078125
0 0.5921875 0.25234375 0.09140625 0.03828125
0 0.5515625 0.2875 0.0671875 0.0578125
0 0.734375 0.31875 0.08203125 0.053125
0 0.759375 0.34765625 0.0765625 0.03359375
0 0.82578125 0.35546875 0.0671875 0.04296875
0 0.7953125 0.3078125 0.071875 0.0484375
0 0.83671875 0.2984375 0.03359375 0.0359375
0 0.7921875 0.27265625 0.0671875 0.0359375
0 0.72734375 0.2765625 0.04296875 0.0359375
0 0.8859375 0.3296875 0.0671875 0.053125
0 0.91015625 0.3609375 0.071875 0.04296875
0 0.96875 0.359375 0.0578125 0.0265625
0 0.94609375 0.31875 0.0765625 0.0484375
0 0.98828125 0.31640625 0.01953125 0.0453125
0 0.95703125 0.27734375 0.053125 0.03359375
0 0.890625 0.2875 0.0765625 0.05078125
0 0.96875 0.24140625 0.0578125 0.040625
0 0.98203125 0.2046875 0.03125 0.053125
0 0.93359375 0.19921875 0.0765625 0.05078125
0 0.9078125 0.23828125 0.0765625 0.0484375
0 0.88203125 0.209375 0.03828125 0.03828125
0 0.890625 0.165625 0.053125 0.0484375
0 0.93984375 0.16328125 0.053125 0.02890625
0 0.83046875 0.234375 0.0671875 0.0484375
0 0.8328125 0.19921875 0.0484375 0.02890625
0 0.7953125 0.18359375 0.08203125 0.0625
0 0.76796875 0.2328125 0.08203125 0.04296875
0 0.7296875 0.20703125 0.071875 0.0578125
0 0.71875 0.1625 0.06015625 0.03828125
0 0.765625 0.1390625 0.0765625 0.02421875
0 0.82578125 0.15859375 0.04296875 0.03359375
0 0.61171875 0.22265625 0.0765625 0.04296875
0 0.6609375 0.19140625 0.053125 0.0625
0 0.60703125 0.1703125 0.08671875 0.0578125
0 0.65859375 0.1359375 0.06015625 0.03828125
0 0.5875 0.12890625 0.09140625 0.03828125
0 0.5359375 0.14453125 0.053125 0.0765625
0 0.546875 0.209375 0.0765625 0.0625
0 0.4125 0.1984375 0.08203125 0.053125
0 0.4703125 0.1875 0.053125 0.0484375
0 0.43984375 0.14453125 0.103125 0.0671875
0 0.40390625 0.10703125 0.053125 0.03828125
0 0.3328125 0.1109375 0.08671875 0.053125
0 0.34375 0.1703125 0.08671875 0.06484375
0 0.259375 0.18046875 0.06015625 0.0625
0 0.259375 0.12109375 0.06015625 0.053125
0 0.17421875 0.11640625 0.1109375 0.08671875
0 0.178125 0.18046875 0.103125 0.0625
0 0.10078125 0.14921875 0.09140625 0.071875
0 0.11171875 0.0890625 0.09140625 0.0625
0 0.19921875 0.08046875 0.06015625 0.02890625
0 0.35 0.05078125 0.0984375 0.06484375
0 0.328125 0.01328125 0.0671875 0.02421875
0 0.24296875 0.03828125 0.09140625 0.0625
0 0.17421875 0.0328125 0.08671875 0.06484375
0 0.1 0.0140625 0.08125 0.028125
0 0.39921875 0.01796875 0.0671875 0.0359375
0 0.4375 0.0578125 0.08671875 0.05078125
0 0.46171875 0.02421875 0.06015625 0.0484375
0 0.5328125 0.05390625 0.06015625 0.0578125
0 0.5359375 0.0171875 0.0671875 0.03359375
0 0.59609375 0.03125 0.08671875 0.0625
0 0.5796875 0.08203125 0.0765625 0.053125
0 0.65859375 0.0875 0.071875 0.0578125
0 0.65 0.03125 0.04296875 0.0484375
0 0.7078125 0.06484375 0.071875 0.0578125
0 0.73203125 0.103125 0.08671875 0.03828125
0 0.8140625 0.10703125 0.0671875 0.053125
0 0.78359375 0.0609375 0.06015625 0.05078125
0 0.72109375 0.02421875 0.0765625 0.0484375
0 0.78359375 0.025 0.06015625 0.0359375