0 0.46640625 0.15390625 0.1296875 0.09140625
0 0.42578125 0.06640625 0.1390625 0.08671875
0 0.36328125 0.134375 0.1078125 0.08671875
0 0.46640625 0.22578125 0.1203125 0.0671875
0 0.5203125 0.1078125 0.103125 0.09140625
0 0.26796875 0.0921875 0.08203125 0.06953125
0 0.275 0.17578125 0.08671875 0.10546875
0 0.21640625 0.2234375 0.14453125 0.1078125
0 0.20078125 0.15390625 0.071875 0.06953125
0 0.19375 0.10546875 0.0765625 0.04296875
0 0.134375 0.15625 0.0625 0.071875
0 0.14453125 0.2125 0.040625 0.03828125
0 0.225 0.321875 0.375 0.1734375
0 0.23203125 0.2765625 0.17578125 0.0890625
0 0.23671875 0.4328125 0.27890625 0.125
0 0.3921875 0.3109375 0.21640625 0.22109375
0 0.48671875 0.32109375 0.09609375 0.16328125
0 0.45703125 0.459375 0.09609375 0.1296875
0 0.3921875 0.525 0.071875 0.0625
0 0.3765625 0.58671875 0.134375 0.09140625
0 0.29921875 0.50625 0.11328125 0.09140625
0 0.2296875 0.5328125 0.09609375 0.1078125
0 0.5359375 0.55625 0.16328125 0.125
0 0.68515625 0.40390625 0.3703125 0.28828125
0 0.7859375 0.2234375 0.1203125 0.10078125
0 0.725 0.1390625 0.15859375 0.1078125
0 0.7296875 0.06015625 0.1390625 0.0890625
0 0.603125 0.07109375 0.11328125 0.08203125
0 0.5953125 0.165625 0.1390625 0.10078125
0 0.64921875 0.22578125 0.14453125 0.09609375
0 0.54296875 0.24765625 0.0578125 0.0765625
0 0.678125 0.6296875 0.22109375 0.16796875
0 0.77265625 0.57109375 0.21640625 0.1390625
0 0.8421875 0.53515625 0.1921875 0.1203125
0 0.87734375 0.67890625 0.240625 0.15625
0 0.81484375 0.78984375 0.18515625 0.22109375
0 0.48828125 0.85546875 0.54296875 0.28359375
0 0.49296875 0.7484375 0.24296875 0.146875
0 0.5671875 0.66796875 0.22578125 0.10078125
0 0.646875 0.71640625 0.1296875 0.1109375