0 0.08671875 0.74296875 0.15390625 0.38671875
0 0.1140625 0.4359375 0.21875 0.28359375
0 0.27421875 0.725 0.26953125 0.17578125
0 0.2171875 0.88671875 0.42578125 0.22109375
0 0.41328125 0.725 0.178125 0.17578125
0 0.39296875 0.95703125 0.1515625 0.08203125
0 0.56953125 0.89765625 0.28359375 0.115625
0 0.6515625 0.91015625 0.10078125 0.02890625
0 0.546875 0.9328125 0.1203125 0.03359375
0 0.5 0.8109375 0.1734375 0.1296875
0 0.2140625 0.4484375 0.1109375 0.428125
0 0.0625 0.2546875 0.05546875 0.03828125
0 0.0921875 0.22734375 0.04296875 0.03359375
0 0.10234375 0.19375 0.03359375 0.02890625
0 0.13203125 0.1609375 0.02421875 0.01953125
0 0.12109375 0.2671875 0.06484375 0.03828125
0 0.084375 0.28125 0.03828125 0.0359375
0 0.06953125 0.30078125 0.0484375 0.01953125
0 0.12109375 0.31484375 0.04296875 0.02421875
0 0.328125 0.0484375 0.27890625 0.08671875
0 0.5515625 0.115625 0.52890625 0.2234375
0 0.19140625 0.103125 0.14453125 0.103125
0 0.2859375 0.13671875 0.05546875 0.053125
0 0.20703125 0.209375 0.16328125 0.10546875
0 0.0421875 0.1515625 0.07421875 0.08671875
0 0.0765625 0.171875 0.14453125 0.14453125
0 0.07421875 0.21171875 0.1390625 0.15859375
0 0.3609375 0.290625 0.2140625 0.12734375
0 0.32109375 0.47265625 0.125 0.3390625
0 0.47265625 0.43984375 0.26953125 0.19453125
0 0.415625 0.59609375 0.1734375 0.178125
0 0.546875 0.29921875 0.25 0.240625
0 0.62734375 0.16328125 0.10078125 0.071875
0 0.65625 0.17890625 0.1109375 0.15859375
0 0.69140625 0.11796875 0.0796875 0.084375
0 0.89921875 0.0875 0.196875 0.1703125
0 0.87890625 0.125 0.06484375 0.053125
0 0.80625 0.19921875 0.209375 0.20703125
0 0.7484375 0.26328125 0.07421875 0.08671875
0 0.7015625 0.275 0.09140625 0.0625
0 0.72109375 0.3453125 0.1109375 0.0765625
0 0.67421875 0.4265625 0.115625 0.0796875
0 0.84140625 0.4265625 0.2984375 0.2640625
0 0.9359375 0.2765625 0.12265625 0.22578125
0 0.98046875 0.4265625 0.03359375 0.11328125
0 0.66953125 0.609375 0.321875 0.29296875
0 0.4578125 0.57578125 0.06953125 0.10078125
0 0.896875 0.78125 0.2015625 0.321875
0 0.96171875 0.60546875 0.071875 0.22109375
0 0.8765625 0.709375 0.03828125 0.02421875
0 0.85546875 0.7171875 0.03828125 0.03359375
0 0.8375 0.72734375 0.03359375 0.0359375
0 0.8109375 0.7359375 0.02890625 0.02890625
0 0.790625 0.7453125 0.02890625 0.03359375
0 0.765625 0.75859375 0.03828125 0.0359375
0 0.7390625 0.77265625 0.03359375 0.03828125
0 0.709375 0.7875 0.03359375 0.04296875
0 0.68125 0.796875 0.02890625 0.03359375
0 0.765625 0.7546875 0.28828125 0.1390625
0 0.696875 0.81875 0.3890625 0.16328125
0 0.6859375 0.8328125 0.36796875 0.13671875
0 0.8484375 0.9125 0.2046875 0.103125
0 0.853125 0.95078125 0.134375 0.084375
0 0.7171875 0.90234375 0.290625 0.18984375
0 0.6890625 0.90234375 0.2453125 0.18046875
0 0.74609375 0.96015625 0.07421875 0.07421875