0 0.95546875 0.86171875 0.040625 0.0453125
0 0.9828125 0.91953125 0.02890625 0.03359375
0 0.928125 0.91953125 0.0484375 0.0453125
0 0.8734375 0.9109375 0.053125 0.053125
0 0.821875 0.896875 0.03828125 0.0453125
0 0.8421875 0.83671875 0.03828125 0.03828125
0 0.896875 0.84765625 0.0484375 0.053125
0 0.9796875 0.79921875 0.03359375 0.0453125
0 0.9671875 0.74140625 0.04296875 0.0671875
0 0.99140625 0.73828125 0.009375 0.07421875
0 0.93359375 0.7875 0.05546875 0.0578125
0 0.928125 0.7296875 0.03359375 0.0578125
0 0.95546875 0.69609375 0.040625 0.03359375
0 0.91015625 0.6921875 0.01953125 0.02890625
0 0.88828125 0.72109375 0.04296875 0.0625
0 0.86796875 0.7359375 0.04296875 0.0578125
0 0.87734375 0.77890625 0.053125 0.053125
0 0.821875 0.7703125 0.053125 0.0578125
0 0.7984375 0.73828125 0.03125 0.03828125
0 0.8015625 0.68984375 0.04296875 0.0453125
0 0.8328125 0.70703125 0.04296875 0.0578125
0 0.86171875 0.68984375 0.02890625 0.02421875
0 0.93125 0.56015625 0.040625 0.0625
0 0.928125 0.48828125 0.03359375 0.0578125
0 0.89296875 0.49375 0.0484375 0.0578125
0 0.8859375 0.43984375 0.040625 0.053125
0 0.86171875 0.421875 0.03359375 0.053125
0 0.834375 0.4859375 0.040625 0.053125
0 0.8578125 0.47734375 0.02890625 0.0453125
0 0.8328125 0.4359375 0.02421875 0.03359375
0 0.86171875 0.5453125 0.0484375 0.03359375
0 0.89296875 0.59765625 0.0484375 0.0453125
0 0.8296875 0.60078125 0.04296875 0.02890625
0 0.7984375 0.5453125 0.053125 0.0453125
0 0.790625 0.4828125 0.053125 0.0453125
0 0.80625 0.4359375 0.040625 0.0453125
0 0.7515625 0.55390625 0.02890625 0.053125
0 0.75390625 0.49765625 0.02421875 0.02890625
0 0.615625 0.36171875 0.134375 0.0453125
0 0.69453125 0.4078125 0.0171875 0.02421875
0 0.67578125 0.41953125 0.02890625 0.03359375
0 0.66328125 0.38828125 0.03125 0.02890625
0 0.64453125 0.4109375 0.02890625 0.03828125
0 0.63125 0.384375 0.02890625 0.02421875
0 0.61875 0.41328125 0.02421875 0.03359375
0 0.5984375 0.396875 0.02421875 0.02421875
0 0.5953125 0.41953125 0.03125 0.02421875
0 0.5640625 0.396875 0.03125 0.02421875
0 0.78125 0.88828125 0.053125 0.0625
0 0.73671875 0.92578125 0.04296875 0.03359375
0 0.7453125 0.83046875 0.0484375 0.03828125
0 0.6703125 0.8328125 0.053125 0.03359375
0 0.70546875 0.88203125 0.03828125 0.03828125
0 0.67421875 0.921875 0.03828125 0.03828125
0 0.63203125 0.90234375 0.03828125 0.0453125
0 0.5875 0.890625 0.04296875 0.0453125
0 0.55859375 0.93984375 0.0484375 0.053125
0 0.4890625 0.9359375 0.0625 0.03359375
0 0.51953125 0.8765625 0.0578125 0.0625
0 0.44921875 0.884375 0.053125 0.03359375
0 0.70703125 0.64921875 0.040625 0.0578125
0 0.6625 0.6546875 0.0484375 0.0578125
0 0.6296875 0.66953125 0.03828125 0.03828125
0 0.58046875 0.671875 0.02421875 0.0453125
0 0.60234375 0.68359375 0.03125 0.0453125
0 0.61875 0.72734375 0.03828125 0.0625
0 0.6671875 0.75 0.03828125 0.07421875
0 0.71015625 0.7640625 0.040625 0.0578125
0 0.7390625 0.75234375 0.03125 0.0578125
0 0.7703125 0.7359375 0.02421875 0.0453125
0 0.74609375 0.7046875 0.03125 0.03828125
0 0.7171875 0.70703125 0.03359375 0.0453125
0 0.6828125 0.71484375 0.040625 0.0625
0 0.71171875 0.53125 0.04296875 0.053125
0 0.6703125 0.49140625 0.03828125 0.053125
0 0.69453125 0.50859375 0.02421875 0.03828125
0 0.66015625 0.53984375 0.03828125 0.0453125
0 0.6828125 0.5375 0.02890625 0.02890625
0 0.6390625 0.51171875 0.03125 0.03359375
0 0.61796875 0.52890625 0.03359375 0.0671875
0 0.603125 0.49765625 0.01953125 0.0171875
0 0.57421875 0.49375 0.04296875 0.0578125
0 0.57421875 0.5375 0.04296875 0.053125
0 0.4953125 0.5375 0.03125 0.03828125
0 0.52734375 0.52890625 0.02890625 0.0453125
0 0.55546875 0.5453125 0.03359375 0.03359375
0 0.546875 0.50625 0.02421875 0.02421875
0 0.6875 0.5921875 0.03828125 0.03359375
0 0.63125 0.5953125 0.03359375 0.02890625
0 0.578125 0.5953125 0.03125 0.03828125
0 0.5203125 0.5890625 0.03359375 0.02890625
0 0.459375 0.59765625 0.03359375 0.03359375
0 0.40859375 0.59765625 0.03828125 0.03359375
0 0.35 0.5953125 0.03125 0.02890625
0 0.2984375 0.5953125 0.03125 0.02890625
0 0.49296875 0.63828125 0.03359375 0.03359375
0 0.55625 0.64453125 0.03828125 0.03359375
0 0.60546875 0.640625 0.02421875 0.02890625
0 0.43125 0.646875 0.02890625 0.02890625
0 0.46015625 0.6859375 0.03125 0.02890625
0 0.459375 0.54296875 0.02890625 0.03828125
0 0.459375 0.49765625 0.03359375 0.03828125
0 0.43125 0.5171875 0.02890625 0.02421875
0 0.4328125 0.53984375 0.03828125 0.03359375
0 0.4 0.5 0.040625 0.03359375
0 0.4046875 0.54296875 0.03125 0.03828125
0 0.37734375 0.54921875 0.02421875 0.053125
0 0.34609375 0.53515625 0.03125 0.0453125
0 0.303125 0.5265625 0.02890625 0.0625
0 0.32421875 0.5265625 0.0140625 0.03828125
0 0.12734375 0.40234375 0.03359375 0.03359375
0 0.16015625 0.4109375 0.03125 0.053125
0 0.1265625 0.421875 0.03828125 0.03828125
0 0.06640625 0.43125 0.0359375 0.03359375
0 0.09609375 0.428125 0.0359375 0.03828125
0 0.06015625 0.46484375 0.0453125 0.0453125
0 0.03984375 0.49375 0.04296875 0.0453125
0 0.115625 0.49375 0.04296875 0.0453125
0 0.1546875 0.4734375 0.040625 0.053125
0 0.1203125 0.46015625 0.040625 0.02421875
0 0.18359375 0.5171875 0.04296875 0.08203125
0 0.14296875 0.5453125 0.04296875 0.02421875
0 0.0796875 0.54296875 0.0484375 0.03828125
0 0.04453125 0.5921875 0.0484375 0.0453125
0 0.1078125 0.5921875 0.04296875 0.03359375
0 0.17578125 0.5921875 0.040625 0.03359375
0 0.1359375 0.6671875 0.03125 0.02421875
0 0.165625 0.6984375 0.040625 0.0625
0 0.196875 0.7046875 0.03359375 0.053125
0 0.12734375 0.71015625 0.040625 0.053125
0 0.1578125 0.74765625 0.03828125 0.02421875
0 0.18125 0.76171875 0.03828125 0.0625
0 0.21875 0.73828125 0.03125 0.053125
0 0.209375 0.79296875 0.053125 0.0578125
0 0.15 0.7875 0.053125 0.0453125
0 0.07421875 0.66953125 0.03828125 0.02890625
0 0.04453125 0.6984375 0.0359375 0.053125
0 0.071875 0.7125 0.040625 0.0453125
0 0.0921875 0.74375 0.02890625 0.053125
0 0.1265625 0.75859375 0.03828125 0.0453125
0 0.0921875 0.7875 0.03359375 0.03359375
0 0.0625 0.7640625 0.0359375 0.0578125
0 0.040625 0.73828125 0.02890625 0.03828125
0 0.0171875 0.7171875 0.02890625 0.06015625
0 0.01328125 0.775 0.021875 0.06015625
0 0.0328125 0.79296875 0.03125 0.0578125
0 0.17421875 0.853125 0.053125 0.03828125
0 0.0921875 0.859375 0.040625 0.053125
0 0.021875 0.859375 0.03828125 0.05546875
0 0.0328125 0.93359375 0.053125 0.0625
0 0.09609375 0.9359375 0.0484375 0.0453125
0 0.146875 0.928125 0.053125 0.053125
0 0.19921875 0.91328125 0.040625 0.0453125
0 0.26171875 0.93125 0.040625 0.0453125
0 0.33671875 0.93984375 0.053125 0.02890625
0 0.4078125 0.928125 0.040625 0.053125
0 0.37265625 0.89453125 0.05546875 0.0625
0 0.30078125 0.89453125 0.05546875 0.03828125
0 0.26171875 0.85546875 0.0484375 0.0578125
0 0.3328125 0.8328125 0.04296875 0.0578125
0 0.4078125 0.8453125 0.040625 0.0671875
0 0.4484375 0.81640625 0.03359375 0.0671875
0 0.4890625 0.81875 0.0484375 0.053125
0 0.55859375 0.8140625 0.040625 0.0625
0 0.59140625 0.8078125 0.03125 0.053125
0 0.52265625 0.79921875 0.03125 0.0453125
0 0.584375 0.75859375 0.03125 0.0453125
0 0.55859375 0.71484375 0.01953125 0.0171875
0 0.52734375 0.7125 0.03359375 0.03359375
0 0.4953125 0.71015625 0.03828125 0.02890625
0 0.50703125 0.75234375 0.040625 0.0578125
0 0.5484375 0.75859375 0.040625 0.0453125
0 0.47265625 0.76171875 0.040625 0.02890625
0 0.46875 0.74140625 0.040625 0.03359375
0 0.459375 0.7125 0.03359375 0.02421875
0 0.43359375 0.72109375 0.02890625 0.02890625
0 0.44375 0.75859375 0.02421875 0.03359375
0 0.3703125 0.7703125 0.0453125 0.0578125
0 0.4046875 0.75625 0.03125 0.07421875
0 0.39296875 0.7046875 0.03359375 0.053125
0 0.3703125 0.6609375 0.03828125 0.0671875
0 0.39453125 0.6546875 0.02421875 0.02421875
0 0.3328125 0.66328125 0.03828125 0.08671875
0 0.290625 0.671875 0.04296875 0.08203125
0 0.25703125 0.678125 0.03125 0.0578125
0 0.26171875 0.75859375 0.03359375 0.09140625
0 0.2984375 0.75234375 0.0453125 0.103125
0 0.33671875 0.7359375 0.03828125 0.0671875
0 0.37265625 0.77265625 0.0484375 0.053125
0 0.13203125 0.84765625 0.03125 0.02890625
0 0.0828125 0.53984375 0.040625 0.03359375
0 0.1984375 0.390625 0.03125 0.03359375
0 0.2328125 0.384375 0.03125 0.0453125
0 0.2703125 0.38828125 0.03125 0.053125
0 0.203125 0.43125 0.03359375 0.03359375
0 0.25390625 0.43125 0.03828125 0.03359375
0 0.40390625 0.39921875 0.02890625 0.02890625
0 0.42421875 0.4546875 0.03359375 0.03359375
0 0.3890625 0.45703125 0.02890625 0.02890625
0 0.35703125 0.47109375 0.03828125 0.0453125
0 0.3125 0.4546875 0.04296875 0.08203125
0 0.328125 0.421875 0.040625 0.0625