0 0.92421875 0.1625 0.1390625 0.1390625
0 0.921875 0.04453125 0.14453125 0.08203125
0 0.75625 0.0671875 0.1734375 0.1296875
0 0.78984375 0.2640625 0.28828125 0.10546875
0 0.771875 0.1828125 0.15625 0.0578125
0 0.56640625 0.1546875 0.228125 0.15859375
0 0.38203125 0.05859375 0.1734375 0.1109375
0 0.28984375 0.040625 0.1078125 0.0765625
0 0.24609375 0.57421875 0.27890625 0.21640625
0 0.42421875 0.41953125 0.2953125 0.1109375
0 0.78359375 0.39296875 0.4234375 0.178125
0 0.94609375 0.290625 0.09609375 0.13203125
0 0.9421875 0.540625 0.10078125 0.09140625
0 0.89453125 0.49609375 0.125 0.06953125
0 0.93984375 0.6359375 0.1078125 0.08203125
0 0.9484375 0.75390625 0.09140625 0.09609375
0 0.9578125 0.70078125 0.071875 0.0484375
0 0.834375 0.6296875 0.271875 0.16328125
0 0.77734375 0.5296875 0.228125 0.09609375
0 0.59609375 0.50625 0.16796875 0.09609375
0 0.4125 0.553125 0.22109375 0.15390625
0 0.46640625 0.3890625 0.14921875 0.15859375
0 0.47578125 0.27421875 0.27890625 0.2640625
0 0.31640625 0.2046875 0.196875 0.0984375
0 0.21015625 0.16015625 0.15625 0.09609375
0 0.18984375 0.24609375 0.1734375 0.115625
0 0.2140625 0.33046875 0.196875 0.09140625
0 0.24609375 0.384375 0.228125 0.16328125
0 0.68984375 0.78828125 0.1734375 0.27890625
0 0.8578125 0.853125 0.14921875 0.115625
0 0.85 0.74765625 0.09609375 0.08203125
0 0.91328125 0.90390625 0.16796875 0.1875
0 0.46015625 0.81484375 0.2359375 0.0984375
0 0.47265625 0.6890625 0.28359375 0.134375
0 0.3078125 0.91953125 0.28828125 0.12265625
0 0.2015625 0.6984375 0.196875 0.13671875
0 0.16015625 0.52734375 0.31953125 0.1515625
0 0.09375 0.39921875 0.1390625 0.16328125
0 0.23203125 0.790625 0.1875 0.240625
0 0.609375 0.9375 0.49765625 0.1203125
0 0.9703125 0.42421875 0.0484375 0.02890625
0 0.94609375 0.39453125 0.06015625 0.02890625
0 0.92421875 0.37734375 0.0671875 0.02890625
0 0.85234375 0.35703125 0.0671875 0.0265625
0 0.85546875 0.3890625 0.06015625 0.01953125
0 0.928125 0.415625 0.09609375 0.03828125
0 0.9 0.44375 0.0671875 0.0171875
0 0.85234375 0.41484375 0.0671875 0.02890625
0 0.8015625 0.45546875 0.071875 0.01953125
0 0.8375 0.42890625 0.071875 0.0265625
0 0.7984375 0.40625 0.0765625 0.0265625
0 0.734375 0.38828125 0.0484375 0.0171875
0 0.7953125 0.375 0.06015625 0.02890625
0 0.73828125 0.34609375 0.0765625 0.03359375
0 0.74375 0.3171875 0.0671875 0.0265625
0 0.73203125 0.4203125 0.053125 0.02890625
0 0.71640625 0.45546875 0.0484375 0.03359375
0 0.665625 0.4203125 0.09140625 0.04296875
0 0.66796875 0.38359375 0.071875 0.03359375
0 0.63828125 0.3578125 0.071875 0.02890625
0 0.678125 0.33203125 0.053125 0.02421875
0 0.56953125 0.5015625 0.85078125 0.9953125