0 0.5421875 0.54453125 0.259375 0.1921875
0 0.35703125 0.6703125 0.23828125 0.1734375
0 0.5875 0.921875 0.21171875 0.1515625
0 0.40234375 0.86171875 0.2015625 0.26953125
0 0.34375 0.1296875 0.3390625 0.259375
0 0.18046875 0.1078125 0.21171875 0.1734375
0 0.203125 0.15859375 0.334375 0.3125
0 0.1984375 0.83515625 0.33203125 0.321875
0 0.2296875 0.4859375 0.15390625 0.09375
0 0.1078125 0.49296875 0.1203125 0.0625
0 0.06640625 0.421875 0.0578125 0.071875
0 0.14765625 0.4328125 0.12734375 0.08671875
0 0.5640625 0.74375 0.18515625 0.1921875
0 0.71171875 0.18515625 0.44921875 0.36328125
0 0.49765625 0.23828125 0.13671875 0.08671875
0 0.4625 0.178125 0.10078125 0.071875
0 0.4078125 0.2078125 0.09609375 0.08671875
0 0.35703125 0.265625 0.09140625 0.0671875
0 0.30390625 0.3390625 0.16328125 0.115625
0 0.2703125 0.275 0.07421875 0.040625
0 0.86328125 0.146875 0.24296875 0.1421875
0 0.74609375 0.06015625 0.18046875 0.08203125
0 0.8859375 0.68515625 0.22578125 0.240625
0 0.79921875 0.8703125 0.2984375 0.1921875
0 0.6765625 0.68359375 0.2015625 0.1828125
0 0.72265625 0.4421875 0.22578125 0.21640625
0 0.5875 0.33515625 0.2328125 0.2359375
0 0.07109375 0.3296875 0.0671875 0.07421875
0 0.15625 0.3484375 0.13203125 0.07421875
0 0.1765625 0.28125 0.10078125 0.0671875
0 0.10546875 0.25234375 0.0625 0.071875
0 0.04453125 0.57421875 0.03828125 0.0578125
0 0.3125 0.415625 0.084375 0.0671875
0 0.26171875 0.3796875 0.0796875 0.0578125
0 0.3859375 0.46875 0.09609375 0.09609375
0 0.41796875 0.546875 0.115625 0.07421875
0 0.49140625 0.52421875 0.10546875 0.0671875
0 0.48203125 0.4625 0.10546875 0.0578125
0 0.5109375 0.38359375 0.09140625 0.071875
0 0.4125 0.4 0.115625 0.0671875
0 0.4625 0.30546875 0.15390625 0.09375
0 0.34140625 0.76953125 0.0484375 0.0265625
0 0.359375 0.8015625 0.021875 0.02890625
0 0.33046875 0.80859375 0.0265625 0.02421875
0 0.3328125 0.8390625 0.053125 0.03828125
0 0.3015625 0.90859375 0.053125 0.03359375
0 0.2859375 0.93984375 0.053125 0.03125
0 0.83671875 0.834375 0.321875 0.3265625
0 0.7546875 0.16328125 0.4859375 0.321875
0 0.3125 0.553125 0.053125 0.03359375
0 0.36328125 0.553125 0.03828125 0.03359375
0 0.34140625 0.57421875 0.03828125 0.03359375
0 0.36796875 0.603125 0.03828125 0.02890625
0 0.32578125 0.62734375 0.0484375 0.0265625
0 0.328125 0.59140625 0.03125 0.02890625
0 0.2859375 0.60703125 0.053125 0.04296875
0 0.209375 0.5640625 0.0578125 0.040625
0 0.2359375 0.6046875 0.0484375 0.040625
0 0.29921875 0.5171875 0.0484375 0.02890625
0 0.3125 0.49375 0.053125 0.02890625
0 0.33046875 0.46640625 0.0578125 0.040625
0 0.2859375 0.446875 0.03125 0.03359375
0 0.2484375 0.53984375 0.053125 0.02421875
0 0.15859375 0.54453125 0.04296875 0.0265625
0 0.12734375 0.57109375 0.053125 0.0265625
0 0.103125 0.546875 0.0578125 0.03828125
0 0.0640625 0.53984375 0.03125 0.02421875
0 0.05078125 0.51953125 0.03828125 0.03359375
0 0.0484375 0.47734375 0.021875 0.03359375
0 0.0796875 0.6671875 0.0625 0.04296875
0 0.07109375 0.6234375 0.0484375 0.03359375
0 0.0953125 0.59375 0.053125 0.03359375
0 0.1453125 0.6078125 0.0484375 0.03359375
0 0.1234375 0.63828125 0.0578125 0.03359375
0 0.18046875 0.61796875 0.04296875 0.03828125
0 0.18515625 0.6515625 0.053125 0.02890625
0 0.2296875 0.6421875 0.0578125 0.0265625
0 0.2296875 0.6703125 0.0484375 0.02421875
0 0.20703125 0.7078125 0.053125 0.03125
0 0.2703125 0.7078125 0.053125 0.04296875
0 0.24609375 0.7390625 0.0578125 0.0265625
0 0.2328125 0.76171875 0.03125 0.01953125
0 0.1671875 0.696875 0.0578125 0.0453125
0 0.13671875 0.72265625 0.0625 0.03828125
0 0.15625 0.7609375 0.0578125 0.03828125
0 0.19609375 0.7453125 0.053125 0.03828125
0 0.203125 0.78828125 0.0578125 0.040625
0 0.259375 0.79921875 0.053125 0.0484375
0 0.2703125 0.7640625 0.053125 0.02890625
0 0.296875 0.8453125 0.053125 0.040625
0 0.2640625 0.88359375 0.053125 0.03828125
0 0.2328125 0.91953125 0.053125 0.03359375
0 0.31484375 0.8703125 0.03828125 0.0265625
0 0.24609375 0.85 0.0484375 0.03125
0 0.2296875 0.88203125 0.0578125 0.03359375
0 0.18515625 0.90234375 0.053125 0.02890625
0 0.18515625 0.87890625 0.053125 0.040625
0 0.21171875 0.85234375 0.03125 0.03359375
0 0.21640625 0.82421875 0.053125 0.03125
0 0.10078125 0.76171875 0.053125 0.040625
0 0.11875 0.7953125 0.0578125 0.0265625
0 0.1453125 0.81640625 0.03828125 0.02890625
0 0.1140625 0.83671875 0.0484375 0.040625
0 0.0953125 0.7140625 0.03125 0.03359375
0 0.12109375 0.69140625 0.04296875 0.0265625
0 0.140625 0.725 0.0484375 0.040625