0 0.21640625 0.40390625 0.2234375 0.35078125
0 0.0921875 0.240625 0.178125 0.3078125
0 0.0671875 0.80078125 0.12734375 0.33203125
0 0.1109375 0.93359375 0.14921875 0.1203125
0 0.26328125 0.85546875 0.2671875 0.27890625
0 0.43984375 0.734375 0.21875 0.33203125
0 0.296875 0.6140625 0.1703125 0.2015625
0 0.4546875 0.39296875 0.2328125 0.3390625
0 0.2875 0.23828125 0.18984375 0.1921875
0 0.5203125 0.12109375 0.228125 0.23828125
0 0.2921875 0.07578125 0.271875 0.146875
0 0.68515625 0.26796875 0.2234375 0.3078125
0 0.603125 0.48671875 0.1109375 0.15390625
0 0.7015625 0.62890625 0.24765625 0.3296875
0 0.63203125 0.89296875 0.18046875 0.2015625
0 0.7984375 0.88828125 0.16328125 0.21171875
0 0.90625 0.76953125 0.1828125 0.259375
0 0.9171875 0.9578125 0.1609375 0.0796875
0 0.91953125 0.459375 0.15859375 0.3296875
0 0.7984375 0.415625 0.178125 0.16328125
0 0.88671875 0.21640625 0.1734375 0.2234375
0 0.72734375 0.06484375 0.2046875 0.125
0 0.8765625 0.09609375 0.1734375 0.09140625
0 0.984375 0.21171875 0.0265625 0.1390625
0 0.109375 0.521875 0.125 0.2234375