0 0.6064453125 0.279296875 0.6845703125 0.291015625 0.7705078125 0.259765625 0.841796875 0.1962890625 0.91015625 0.0927734375 0.935546875 0.0068359375 0.4927884609375 0.004507210937500001 0.47175480781249995 0.061598557812499996 0.48828125 0.1181640625 0.5390625 0.2255859375 0.5712890625 0.259765625 0.6064453125 0.279296875
0 0.4091796875 0.064453125 0.4482421875 0.04296875 0.4736328125 0.05859375 0.478515625 0.0263671875 0.494140625 0.0068359375 0.1689453125 0.0078125 0.1689453125 0.017578125 0.2412109375 0.060546875 0.3486328125 0.076171875 0.4091796875 0.064453125
0 0.1533203125 0.416015625 0.2353515625 0.455078125 0.3134765625 0.458984375 0.3955078125 0.4296875 0.447265625 0.3798828125 0.5 0.2861328125 0.513671875 0.2236328125 0.51171875 0.1884765625 0.4599609375 0.0546875 0.4462890625 0.05078125 0.3798828125 0.07421875 0.3134765625 0.078125 0.2431640625 0.064453125 0.1513671875 0.01953125 0.0380859375 0.0078125 0.025390625 0.0166015625 0.013671875 0.0595703125 0.009765625 0.1611328125 0.037109375 0.2646484375 0.0859375 0.3505859375 0.1533203125 0.416015625
0 0.9990234375 0.337890625 0.9990234375 0.005859375 0.9453125 0.0126953125 0.89453125 0.1396484375 0.89453125 0.1904296875 0.916015625 0.2529296875 0.935546875 0.2841796875 0.9990234375 0.337890625
0 1 0.3466796875 0.9775390625 0.3359375 0.9296875 0.2841796875 0.8798828125 0.19140625 0.8642578125 0.181640625 0.7939453125 0.248046875 0.7216796875 0.287109375 0.6513671875 0.294921875 0.5966796875 0.279296875 0.587890625 0.2958984375 0.5859375 0.3623046875 0.599609375 0.4130859375 0.6796875 0.5263671875 0.7333984375 0.578125 0.8037109375 0.61328125 0.9013671875 0.6171875 0.9326171875 0.6015625 0.962890625 0.5712890625 1 0.4853515625 1 0.3466796875
0 0.9736328125 0.994140625 1 0.9716796875 0.9990234375 0.513671875 0.96875 0.5712890625 0.904296875 0.6357421875 0.861328125 0.7763671875 0.861328125 0.8583984375 0.876953125 0.9208984375 0.9619140625 0.994140625 0.9736328125 0.994140625
0 0.55859375 0.9072265625 0.6044921875 0.935546875 0.6708984375 0.94140625 0.7294921875 0.919921875 0.798828125 0.8564453125 0.880859375 0.7060546875 0.89453125 0.6298828125 0.8896484375 0.62109375 0.8271484375 0.62109375 0.7607421875 0.599609375 0.7021484375 0.556640625 0.6533203125 0.50390625 0.6162109375 0.517578125 0.578125 0.5498046875 0.501953125 0.6611328125 0.4921875 0.6962890625 0.4921875 0.7802734375 0.513671875 0.8408203125 0.533203125 0.8564453125 0.55859375 0.9072265625
0 0.8173828125 1 0.859375 0.9072265625 0.845703125 0.8115234375 0.8369140625 0.8046875 0.791015625 0.8720703125 0.7060546875 0.935546875 0.6298828125 0.9453125 0.55859375 0.9228515625 0.5576171875 1 0.8173828125 1
0 0.5498046875 1 0.55078125 0.9111328125 0.478515625 0.7802734375 0.4462890625 0.759765625 0.4150390625 0.755859375 0.3154296875 0.806640625 0.1806640625 0.810546875 0.140625 0.8779296875 0.11328125 0.9775390625 0.1123046875 1 0.5498046875 1
0 0.13671875 0.7939453125 0.080078125 0.7373046875 0.0439453125 0.669921875 0.005859375 0.6962890625 0.00390625 0.9990234375 0.0947265625 1 0.12890625 0.8779296875 0.13671875 0.7939453125
0 0.1513671875 0.794921875 0.1962890625 0.806640625 0.2822265625 0.806640625 0.3642578125 0.77734375 0.4267578125 0.73046875 0.49609375 0.6611328125 0.5625 0.5595703125 0.580078125 0.4482421875 0.5703125 0.3857421875 0.55078125 0.3427734375 0.5224609375 0.310546875 0.4990234375 0.30859375 0.447265625 0.3857421875 0.4111328125 0.421875 0.3330078125 0.458984375 0.2412109375 0.4609375 0.1513671875 0.42578125 0.12890625 0.4560546875 0.0625 0.6357421875 0.060546875 0.6728515625 0.072265625 0.7119140625 0.1015625 0.7529296875 0.1513671875 0.794921875
0 0.0859375 0.5439453125 0.091796875 0.4794921875 0.076171875 0.3486328125 0.00390625 0.2001953125 0.001953125 0.6767578125 0.0107421875 0.6875 0.0625 0.6162109375 0.0859375 0.5439453125