0 0.2765625 0.11171875 0.27421875 0.165625
0 0.1609375 0.03515625 0.3125 0.0625
0 0.10234375 0.134375 0.1921875 0.15859375
0 0.484375 0.290625 0.33203125 0.21171875
0 0.26953125 0.3125 0.35546875 0.28828125
0 0.13203125 0.34765625 0.25234375 0.1875
0 0.21484375 0.23671875 0.10546875 0.0625
0 0.078125 0.25 0.14453125 0.16796875
0 0.3546875 0.4625 0.22578125 0.146875
0 0.56953125 0.415625 0.27890625 0.15390625
0 0.4515625 0.54453125 0.1609375 0.13203125
0 0.3328125 0.55546875 0.1296875 0.0578125
0 0.23671875 0.7125 0.30078125 0.25
0 0.14296875 0.60703125 0.27421875 0.29296875
0 0.0609375 0.50625 0.11328125 0.2015625
0 0.0609375 0.78125 0.11328125 0.0765625
0 0.09140625 0.9359375 0.1734375 0.12265625
0 0.634375 0.11171875 0.24765625 0.165625
0 0.578125 0.021875 0.209375 0.03828125
0 0.7796875 0.0453125 0.26953125 0.084375
0 0.9578125 0.03125 0.0796875 0.0578125
0 0.91328125 0.0625 0.1609375 0.1109375
0 0.85 0.15 0.22578125 0.15390625
0 0.7171875 0.25625 0.15625 0.115625
0 0.7609375 0.34140625 0.14453125 0.1109375
0 0.82578125 0.2640625 0.08203125 0.08203125
0 0.91953125 0.27734375 0.1390625 0.09140625
0 0.9421875 0.18515625 0.1109375 0.08671875
0 0.95546875 0.35703125 0.084375 0.11328125
0 0.8765625 0.35 0.08671875 0.0578125
0 0.80390625 0.40625 0.134375 0.10078125
0 0.9359375 0.44609375 0.12265625 0.0796875
0 0.9 0.48671875 0.08203125 0.0484375
0 0.84375 0.4546875 0.08671875 0.06953125
0 0.80390625 0.49765625 0.06953125 0.0484375
0 0.771875 0.46484375 0.0578125 0.03359375
0 0.87109375 0.525 0.06484375 0.02890625
0 0.94140625 0.53359375 0.08671875 0.053125
0 0.97109375 0.4671875 0.053125 0.12265625
0 0.98828125 0.52265625 0.01953125 0.07421875
0 0.96640625 0.59765625 0.0625 0.103125
0 0.9625 0.615625 0.053125 0.0484375
0 0.89296875 0.56640625 0.0765625 0.053125
0 0.9 0.60078125 0.0484375 0.02421875
0 0.821875 0.5515625 0.053125 0.03828125
0 0.83046875 0.5796875 0.0578125 0.03359375
0 0.8390625 0.6 0.0765625 0.02890625
0 0.8546875 0.615625 0.053125 0.02421875
0 0.8546875 0.63203125 0.04296875 0.0140625
0 0.91953125 0.65390625 0.06484375 0.071875
0 0.9625 0.64296875 0.06484375 0.0671875
0 0.8765625 0.665625 0.053125 0.053125
0 0.98203125 0.803125 0.03125 0.01953125
0 0.9703125 0.77890625 0.0265625 0.021875
0 0.99140625 0.775 0.0140625 0.02890625
0 0.95703125 0.7296875 0.053125 0.06953125
0 0.98203125 0.73046875 0.03125 0.053125
0 0.98203125 0.68515625 0.03125 0.053125
0 0.94140625 0.709375 0.04296875 0.03828125
0 0.9109375 0.72265625 0.03828125 0.01953125
0 0.89765625 0.70078125 0.04296875 0.0265625
0 0.97734375 0.89921875 0.040625 0.04296875
0 0.92421875 0.8578125 0.053125 0.0625
0 0.95703125 0.9578125 0.04296875 0.0625
0 0.91328125 0.90859375 0.06484375 0.08671875
0 0.90390625 0.97578125 0.053125 0.04296875
0 0.87109375 0.928125 0.10546875 0.084375
0 0.85703125 0.9671875 0.06015625 0.06015625
0 0.86328125 0.8578125 0.08203125 0.0625
0 0.8953125 0.8125 0.0484375 0.04296875
0 0.8078125 0.96875 0.0625 0.0578125
0 0.79296875 0.93359375 0.03828125 0.0578125
0 0.79296875 0.8578125 0.08203125 0.084375
0 0.75234375 0.92421875 0.06484375 0.0765625
0 0.759375 0.984375 0.02890625 0.0265625
0 0.70546875 0.97578125 0.1078125 0.04296875
0 0.7203125 0.94375 0.06484375 0.0625
0 0.80078125 0.79453125 0.053125 0.03828125
0 0.8390625 0.81015625 0.053125 0.05546875
0 0.87890625 0.80546875 0.0484375 0.02890625
0 0.83671875 0.76796875 0.0484375 0.04296875
0 0.821875 0.72109375 0.06484375 0.04296875
0 0.865625 0.740625 0.04296875 0.03359375
0 0.9 0.75234375 0.09140625 0.0484375
0 0.771875 0.7390625 0.09140625 0.0671875
0 0.7875 0.69140625 0.0484375 0.03828125
0 0.7609375 0.81953125 0.08203125 0.06015625
0 0.709375 0.78515625 0.06484375 0.0625
0 0.7046875 0.72578125 0.08671875 0.05546875
0 0.6234375 0.77421875 0.11796875 0.084375
0 0.728125 0.85703125 0.08203125 0.06015625
0 0.6890625 0.9125 0.08671875 0.08203125
0 0.6390625 0.928125 0.08671875 0.084375
0 0.5875 0.96171875 0.1421875 0.071875
0 0.515625 0.89921875 0.09609375 0.084375
0 0.5046875 0.95546875 0.053125 0.03828125
0 0.4734375 0.98203125 0.0671875 0.03125
0 0.5453125 0.86171875 0.0265625 0.03359375
0 0.59375 0.8640625 0.0484375 0.03828125
0 0.5890625 0.83671875 0.0484375 0.03359375
0 0.65 0.834375 0.04296875 0.03828125
0 0.678125 0.75625 0.053125 0.03359375
0 0.68515625 0.65390625 0.0484375 0.02890625
0 0.67421875 0.68046875 0.0484375 0.02890625
0 0.6828125 0.72109375 0.10546875 0.053125
0 0.75 0.709375 0.03828125 0.021875
0 0.7453125 0.6875 0.0484375 0.02890625
0 0.75234375 0.65859375 0.04296875 0.02890625
0 0.7609375 0.6421875 0.03828125 0.02421875
0 0.7203125 0.66953125 0.03359375 0.02890625
0 0.7171875 0.6453125 0.03828125 0.02421875
0 0.728125 0.61875 0.0265625 0.02421875
0 0.59375 0.6078125 0.0484375 0.040625
0 0.6828125 0.6 0.04296875 0.02890625
0 0.234375 0.87265625 0.06953125 0.05546875
0 0.228125 0.93125 0.10078125 0.05546875
0 0.225 0.9796875 0.11328125 0.0359375
0 0.30390625 0.9859375 0.05078125 0.02421875
0 0.421875 0.8265625 0.0484375 0.053125
0 0.45703125 0.790625 0.0765625 0.04296875
0 0.35 0.7953125 0.06484375 0.05546875
0 0.428125 0.72265625 0.0578125 0.0484375
0 0.46484375 0.7046875 0.06953125 0.06953125
0 0.328125 0.8578125 0.06484375 0.05546875
0 0.29296875 0.853125 0.0484375 0.0578125
0 0.459375 0.6453125 0.0578125 0.040625
0 0.41953125 0.62890625 0.06484375 0.03828125
0 0.4671875 0.70078125 0.053125 0.05546875
0 0.39921875 0.915625 0.15859375 0.16328125
0 0.4734375 0.7609375 0.11796875 0.29296875
0 0.55859375 0.81015625 0.04296875 0.01953125
0 0.5296875 0.790625 0.03828125 0.021875
0 0.55859375 0.76796875 0.04296875 0.021875
0 0.56484375 0.74609375 0.04296875 0.02890625
0 0.5671875 0.71875 0.03828125 0.02421875
0 0.60703125 0.71484375 0.04296875 0.02421875
0 0.6265625 0.70546875 0.0484375 0.02890625
0 0.61328125 0.58984375 0.09609375 0.2015625
0 0.59765625 0.53125 0.11796875 0.0765625
0 0.59375 0.625 0.125 0.103125
0 0.50234375 0.6625 0.22109375 0.1109375
0 0.15859375 0.85078125 0.09140625 0.0484375
0 0.0890625 0.8546875 0.06953125 0.0484375