0 0.540625 0.83203125 0.46171875 0.27890625
0 0.7390625 0.95703125 0.1421875 0.08203125
0 0.89921875 0.93359375 0.18984375 0.125
0 0.8578125 0.83515625 0.1078125 0.071875
0 0.76953125 0.8703125 0.03828125 0.03359375
0 0.4890625 0.9578125 0.053125 0.03828125
0 0.38828125 0.9796875 0.09140625 0.03359375
0 0.209375 0.9078125 0.34140625 0.18046875
0 0.09375 0.65390625 0.1828125 0.20703125
0 0.05859375 0.8453125 0.11328125 0.165625
0 0.125 0.56640625 0.053125 0.02890625
0 0.2828125 0.5453125 0.18515625 0.28828125
0 0.27421875 0.72578125 0.115625 0.071875
0 0.4828125 0.66484375 0.09609375 0.0578125
0 0.43984375 0.56640625 0.196875 0.125
0 0.3015625 0.56015625 0.08203125 0.06953125
0 0.57578125 0.6234375 0.053125 0.04296875
0 0.71171875 0.61328125 0.1421875 0.08203125
0 0.83203125 0.71015625 0.1421875 0.10546875
0 0.95078125 0.74609375 0.08671875 0.209375
0 0.875 0.52890625 0.240625 0.1828125
0 0.7328125 0.60234375 0.3796875 0.17578125
0 0.05390625 0.4671875 0.04296875 0.021875
0 0.05625 0.48671875 0.0484375 0.01953125
0 0.10078125 0.45703125 0.0484375 0.02890625
0 0.04296875 0.4328125 0.053125 0.03359375
0 0.015625 0.46640625 0.0265625 0.0484375
0 0.03515625 0.40390625 0.0484375 0.03359375
0 0.0796875 0.4125 0.06015625 0.021875
0 0.0625 0.38828125 0.0484375 0.02421875
0 0.02265625 0.37734375 0.040625 0.01953125
0 0.01171875 0.35546875 0.01953125 0.01953125
0 0.009375 0.40390625 0.0140625 0.03359375
0 0.00625 0.4328125 0.009375 0.01953125
0 0.334375 0.47578125 0.071875 0.03828125
0 0.7046875 0.4890625 0.09140625 0.053125
0 0.72265625 0.40859375 0.3796875 0.1609375
0 0.7953125 0.4015625 0.09140625 0.0359375
0 0.94375 0.4046875 0.103125 0.1109375
0 0.63828125 0.2921875 0.08203125 0.0578125
0 0.7671875 0.2703125 0.08671875 0.053125
0 0.91015625 0.2078125 0.16796875 0.2046875
0 0.93984375 0.32109375 0.0765625 0.02890625
0 0.49375 0.24609375 0.08671875 0.03359375
0 0.29296875 0.28828125 0.08671875 0.0578125
0 0.209375 0.3421875 0.15859375 0.08671875
0 0.19375 0.28125 0.2671875 0.196875
0 0.36640625 0.2328125 0.103125 0.071875
0 0.02734375 0.271875 0.053125 0.11328125
0 0.071875 0.421875 0.1390625 0.1609375
0 0.70078125 0.16953125 0.28359375 0.1875
0 0.8234375 0.0484375 0.34375 0.09609375
0 0.4671875 0.084375 0.259375 0.16796875
0 0.26328125 0.0421875 0.08203125 0.05546875
0 0.22578125 0.12265625 0.09140625 0.0625
0 0.165625 0.16953125 0.103125 0.03828125
0 0.07109375 0.15390625 0.0765625 0.0578125
0 0.11328125 0.04921875 0.22109375 0.0984375