0 0.8453125 0.4234375 0.21640625 0.28828125
0 0.63828125 0.37734375 0.21640625 0.20703125
0 0.41953125 0.49765625 0.28828125 0.4375
0 0.1890625 0.52265625 0.37265625 0.94921875
0 0.69375 0.66796875 0.6078125 0.384375
0 0.9390625 0.38203125 0.11796875 0.21171875
0 0.8328125 0.7078125 0.2328125 0.14921875
0 0.709375 0.80859375 0.16796875 0.20703125
0 0.5375 0.87890625 0.36328125 0.23828125
0 0.78359375 0.86328125 0.19921875 0.25
0 0.303125 0.8421875 0.22109375 0.31015625
0 0.21171875 0.94921875 0.25 0.09609375
0 0.8578125 0.853125 0.27890625 0.28828125
0 0.63203125 0.521875 0.15859375 0.15859375