0 0.859375 0.0296875 0.1078125 0.05546875
0 0.95546875 0.01328125 0.0765625 0.02421875
0 0.9703125 0.0359375 0.0484375 0.05078125
0 0.9015625 0.07578125 0.1109375 0.0796875
0 0.96171875 0.11875 0.0671875 0.0796875
0 0.9671875 0.203125 0.05546875 0.071875
0 0.9015625 0.17421875 0.1203125 0.0796875
0 0.82421875 0.1390625 0.13203125 0.10546875
0 0.8015625 0.09609375 0.0984375 0.09140625
0 0.7828125 0.23203125 0.115625 0.071875
0 0.85703125 0.22109375 0.0765625 0.05078125
0 0.93125 0.24609375 0.115625 0.071875
0 0.89765625 0.2953125 0.115625 0.08203125
0 0.959375 0.33671875 0.071875 0.0796875
0 0.9421875 0.39296875 0.071875 0.053125
0 0.91484375 0.428125 0.08203125 0.06484375
0 0.87109375 0.453125 0.071875 0.04296875
0 0.8015625 0.46484375 0.0765625 0.0484375
0 0.76953125 0.490625 0.05546875 0.053125
0 0.82421875 0.50390625 0.08671875 0.06484375
0 0.75625 0.42421875 0.09375 0.04296875
0 0.75859375 0.3859375 0.08671875 0.0484375
0 0.8328125 0.4171875 0.08203125 0.04296875
0 0.8296875 0.37734375 0.08671875 0.04296875
0 0.865625 0.3578125 0.08203125 0.0578125
0 0.79453125 0.30078125 0.09375 0.071875
0 0.74765625 0.33671875 0.08671875 0.05078125
0 0.67578125 0.3109375 0.0671875 0.0578125
0 0.7203125 0.303125 0.0671875 0.1109375
0 0.6984375 0.225 0.05546875 0.06484375
0 0.68125 0.36796875 0.08671875 0.0625
0 0.63203125 0.3578125 0.03359375 0.04296875
0 0.64296875 0.41484375 0.0984375 0.0625
0 0.70078125 0.46171875 0.115625 0.0671875
0 0.66484375 0.50390625 0.0765625 0.04296875
0 0.60234375 0.4796875 0.08203125 0.03828125
0 0.615625 0.44921875 0.0671875 0.0359375
0 0.72265625 0.51328125 0.03828125 0.02421875
0 0.76328125 0.525 0.03359375 0.0140625
0 0.79453125 0.5453125 0.0484375 0.03359375
0 0.634375 0.0421875 0.10546875 0.08203125
0 0.525 0.0453125 0.10546875 0.0671875
0 0.42578125 0.0265625 0.10546875 0.0484375
0 0.41015625 0.0796875 0.115625 0.10078125
0 0.51328125 0.11171875 0.115625 0.06484375
0 0.609375 0.1140625 0.0984375 0.0625
0 0.4234375 0.15 0.0984375 0.03828125
0 0.5 0.17578125 0.0984375 0.053125
0 0.5984375 0.171875 0.0984375 0.0484375
0 0.57109375 0.22265625 0.0984375 0.053125
0 0.4828125 0.22578125 0.08671875 0.0484375
0 0.4171875 0.19609375 0.0984375 0.04296875
0 0.40625 0.22578125 0.08671875 0.03828125
0 0.390625 0.2609375 0.0765625 0.04296875
0 0.39296875 0.30625 0.071875 0.0484375
0 0.390625 0.35 0.0765625 0.03828125
0 0.37109375 0.3890625 0.071875 0.0484375
0 0.36796875 0.4203125 0.0671875 0.0359375
0 0.35703125 0.4359375 0.0671875 0.03828125
0 0.359375 0.4671875 0.071875 0.02890625
0 0.35234375 0.50234375 0.05546875 0.03828125
0 0.4703125 0.2671875 0.08203125 0.0484375
0 0.4671875 0.3109375 0.0765625 0.05078125
0 0.4640625 0.353125 0.08203125 0.0484375
0 0.4421875 0.38828125 0.08203125 0.04296875
0 0.4171875 0.41484375 0.04296875 0.02421875
0 0.4421875 0.43125 0.08203125 0.05078125
0 0.42578125 0.4671875 0.06015625 0.04296875
0 0.41015625 0.49765625 0.06015625 0.03359375
0 0.40390625 0.52734375 0.0484375 0.03359375
0 0.5578125 0.2703125 0.09375 0.03828125
0 0.54453125 0.30390625 0.0765625 0.0359375
0 0.5328125 0.3390625 0.0671875 0.03359375
0 0.521875 0.37265625 0.0765625 0.0359375
0 0.5109375 0.40390625 0.05546875 0.03359375
0 0.5 0.4328125 0.05546875 0.02421875
0 0.4890625 0.4578125 0.05546875 0.03828125
0 0.475 0.49609375 0.06015625 0.0359375
0 0.45078125 0.52421875 0.04296875 0.02421875
0 0.6453125 0.5421875 0.03828125 0.03359375
0 0.67578125 0.53515625 0.03359375 0.01953125
0 0.69453125 0.5578125 0.10546875 0.0578125
0 0.7171875 0.57109375 0.10546875 0.0625
0 0.709375 0.59609375 0.08671875 0.0625
0 0.728125 0.6078125 0.071875 0.05078125
0 0.50625 0.6578125 0.0671875 0.053125
0 0.475 0.70078125 0.0484375 0.053125
0 0.51953125 0.70703125 0.0484375 0.04296875
0 0.4828125 0.74375 0.021875 0.01953125
0 0.43359375 0.76796875 0.0765625 0.05078125
0 0.45546875 0.7953125 0.04296875 0.02421875
0 0.37109375 0.803125 0.08203125 0.0671875
0 0.51953125 0.74296875 0.02890625 0.0359375
0 0.50625 0.771875 0.0671875 0.0578125
0 0.5578125 0.74609375 0.03828125 0.05078125
0 0.546875 0.62265625 0.0484375 0.0578125
0 0.5828125 0.69609375 0.08671875 0.08671875
0 0.615625 0.63203125 0.0765625 0.12734375
0 0.6671875 0.65390625 0.06015625 0.053125
0 0.5640625 0.55390625 0.06015625 0.0796875
0 0.615625 0.5453125 0.03359375 0.053125
0 0.61328125 0.6140625 0.06015625 0.08203125
0 0.33515625 0.72578125 0.16328125 0.0765625
0 0.11796875 0.67421875 0.13671875 0.06484375
0 0.12890625 0.728125 0.13671875 0.04296875
0 0.1625 0.79921875 0.08203125 0.0671875
0 0.08984375 0.62734375 0.08203125 0.04296875
0 0.10234375 0.59375 0.0484375 0.0359375
0 0.0515625 0.56484375 0.06015625 0.04296875
0 0.03828125 0.46875 0.0765625 0.053125
0 0.0296875 0.4109375 0.059375 0.053125
0 0.0171875 0.3546875 0.03359375 0.05078125
0 0.45546875 0.56015625 0.05546875 0.03828125
0 0.42890625 0.58203125 0.05546875 0.08203125
0 0.35234375 0.5578125 0.021875 0.02890625
0 0.2609375 0.490625 0.02890625 0.0671875
0 0.19453125 0.453125 0.03828125 0.1296875
0 0.2203125 0.45703125 0.04296875 0.1390625
0 0.16484375 0.4890625 0.0671875 0.02890625
0 0.14765625 0.43125 0.04296875 0.0359375
0 0.2328125 0.02421875 0.071875 0.0484375
0 0.225 0.07109375 0.0765625 0.0484375
0 0.228125 0.1109375 0.0484375 0.03359375
0 0.228125 0.15 0.06015625 0.03359375
0 0.2328125 0.18125 0.06015625 0.02890625
0 0.24375 0.21484375 0.0484375 0.03359375
0 0.24140625 0.25 0.05546875 0.0359375
0 0.1671875 0.02734375 0.06015625 0.0484375
0 0.1703125 0.08984375 0.05546875 0.0359375
0 0.17578125 0.125 0.04296875 0.03359375
0 0.16484375 0.171875 0.05546875 0.03359375
0 0.18359375 0.2046875 0.0484375 0.03359375
0 0.1859375 0.24765625 0.05546875 0.0484375
0 0.18984375 0.28515625 0.0484375 0.02421875
0 0.11328125 0.05078125 0.071875 0.05078125
0 0.11796875 0.1078125 0.0484375 0.0359375
0 0.109375 0.14296875 0.05546875 0.03359375
0 0.12890625 0.18984375 0.0484375 0.03359375
0 0.12890625 0.21875 0.0484375 0.02421875
0 0.115625 0.240625 0.021875 0.01953125
0 0.14296875 0.25703125 0.04296875 0.0359375
0 0.13203125 0.28984375 0.04296875 0.02890625
0 0.09375 0.25625 0.03359375 0.03828125
0 0.10703125 0.00625 0.071875 0.009375
0 0.046875 0.0265625 0.07421875 0.0484375
0 0.0203125 0.0375 0.040625 0.06953125
0 0.01953125 0.08515625 0.03828125 0.03359375
0 0.0171875 0.115625 0.03359375 0.021875
0 0.0796875 0.078125 0.06015625 0.0484375
0 0.06875 0.11796875 0.06015625 0.03828125
0 0.0296875 0.1421875 0.0484375 0.02890625
0 0.025 0.16796875 0.03828125 0.02421875
0 0.03828125 0.196875 0.04296875 0.02421875
0 0.07109375 0.171875 0.05546875 0.0625
0 0.07421875 0.21875 0.03828125 0.03828125
0 0.0765625 0.303125 0.0765625 0.0625
0 0.10703125 0.33515625 0.09375 0.0625
0 0.15625 0.34765625 0.0484375 0.04296875
0 0.14765625 0.36875 0.08671875 0.021875
0 0.14765625 0.396875 0.04296875 0.03828125
0 0.203125 0.31484375 0.05546875 0.0359375
0 0.209375 0.34375 0.04296875 0.02890625
0 0.2140625 0.36796875 0.04296875 0.01953125
0 0.24765625 0.30078125 0.05546875 0.0578125
0 0.25234375 0.33671875 0.05546875 0.021875
0 0.25625 0.35703125 0.03828125 0.01953125
0 0.25625 0.375 0.03828125 0.01953125