0 0.1 0.78359375 0.134375 0.3125
0 0.1734375 0.50859375 0.259375 0.446875
0 0.12890625 0.19375 0.040625 0.15859375
0 0.209375 0.17421875 0.0484375 0.209375
0 0.2796875 0.171875 0.05078125 0.2234375
0 0.3859375 0.21015625 0.09609375 0.13671875
0 0.3890625 0.4015625 0.1109375 0.125
0 0.53828125 0.48671875 0.0359375 0.04296875
0 0.5421875 0.54296875 0.04296875 0.03828125
0 0.54921875 0.58203125 0.021875 0.03828125
0 0.58515625 0.45703125 0.021875 0.0484375
0 0.60703125 0.5 0.02890625 0.0484375
0 0.58515625 0.521875 0.0359375 0.0484375
0 0.5875 0.57109375 0.03828125 0.03828125
0 0.57421875 0.6140625 0.04296875 0.06015625
0 0.37890625 0.63125 0.1109375 0.16796875
0 0.321875 0.7703125 0.11328125 0.15390625
0 0.4359375 0.76171875 0.103125 0.15859375
0 0.58515625 0.77890625 0.10078125 0.13671875
0 0.57109375 0.2515625 0.196875 0.26171875
0 0.70546875 0.7078125 0.1296875 0.4640625
0 0.88671875 0.8328125 0.02890625 0.321875
0 0.87109375 0.8859375 0.02421875 0.21875
0 0.8484375 0.86640625 0.02421875 0.25703125
0 0.8296875 0.88203125 0.0359375 0.2234375
0 0.80859375 0.8734375 0.03359375 0.240625
0 0.921875 0.86640625 0.03828125 0.25703125
0 0.834375 0.4015625 0.3265625 0.7984375