0 0.275 0.9515625 0.20703125 0.0890625
0 0.44921875 0.94453125 0.19921875 0.103125
0 0.15234375 0.8890625 0.29296875 0.2140625
0 0.053125 0.9640625 0.09609375 0.06484375
0 0.078125 0.8375 0.14453125 0.13203125
0 0.4 0.86328125 0.178125 0.103125
0 0.36875 0.7484375 0.1609375 0.09609375
0 0.41328125 0.609375 0.37265625 0.21640625
0 0.42578125 0.609375 0.1390625 0.103125
0 0.146875 0.67890625 0.28359375 0.2140625
0 0.49765625 0.8140625 0.20703125 0.134375
0 0.62734375 0.7453125 0.1875 0.125
0 0.7078125 0.8484375 0.19453125 0.11796875
0 0.68046875 0.92890625 0.1828125 0.071875
0 0.74375 0.975 0.12265625 0.04296875
0 0.796875 0.79296875 0.12734375 0.1078125
0 0.90234375 0.86640625 0.1828125 0.103125
0 0.90234375 0.96015625 0.1609375 0.071875
0 0.8109375 0.921875 0.05546875 0.0578125
0 0.7765625 0.6421875 0.4421875 0.2640625
0 0.9671875 0.775 0.06015625 0.165625
0 0.97109375 0.5765625 0.053125 0.134375
0 0.90859375 0.52265625 0.12734375 0.07421875
0 0.96484375 0.46484375 0.06484375 0.09375
0 0.68125 0.321875 0.63203125 0.4421875
0 0.1859375 0.31953125 0.3609375 0.28359375
0 0.08671875 0.52265625 0.1609375 0.1390625
0 0.225 0.515625 0.1828125 0.125
0 0.41328125 0.4640625 0.30546875 0.1734375
0 0.29453125 0.1625 0.134375 0.0890625
0 0.1609375 0.146875 0.12265625 0.09140625
0 0.1046875 0.05859375 0.2 0.1171875
0 0.1421875 0.11796875 0.271875 0.16328125
0 0.453125 0.19140625 0.25 0.146875
0 0.3640625 0.09609375 0.25 0.134375
0 0.353125 0.02421875 0.33203125 0.0484375
0 0.5640625 0.0609375 0.1609375 0.115625
0 0.71640625 0.0625 0.178125 0.0890625
0 0.74140625 0.01796875 0.20703125 0.0359375
0 0.8953125 0.09765625 0.2046875 0.19453125