0 0.4265625 0.115625 0.2046875 0.22109375
0 0.3484375 0.13125 0.21640625 0.1828125
0 0.63125 0.19921875 0.178125 0.1875
0 0.56484375 0.05546875 0.01953125 0.0140625
0 0.54453125 0.0109375 0.021875 0.0140625
0 0.53984375 0.0359375 0.0140625 0.01953125
0 0.521875 0.03125 0.0140625 0.0265625
0 0.61328125 0.0375 0.01953125 0.0140625
0 0.6421875 0.0265625 0.021875 0.0265625
0 0.92890625 0.01796875 0.01953125 0.01953125
0 0.91328125 0.03984375 0.021875 0.01953125
0 0.90625 0.0109375 0.009375 0.0140625
0 0.87109375 0.0265625 0.01953125 0.0265625
0 0.87109375 0.0625 0.01953125 0.009375
0 0.19140625 0.8734375 0.37734375 0.24765625
0 0.178125 0.7046875 0.27421875 0.2546875
0 0.1265625 0.5375 0.2453125 0.2046875
0 0.30078125 0.40859375 0.1296875 0.09609375
0 0.25703125 0.49765625 0.115625 0.08203125
0 0.1984375 0.4109375 0.0671875 0.0671875
0 0.1578125 0.415625 0.0765625 0.084375
0 0.1421875 0.3578125 0.08203125 0.03125
0 0.259375 0.3609375 0.1296875 0.0625
0 0.290625 0.29296875 0.10078125 0.053125
0 0.2953125 0.1984375 0.09375 0.084375
0 0.41328125 0.290625 0.071875 0.0765625
0 0.209375 0.2671875 0.115625 0.08203125
0 0.42421875 0.453125 0.0578125 0.08203125
0 0.4109375 0.290625 0.084375 0.084375
0 0.49296875 0.3375 0.071875 0.0359375
0 0.2828125 0.375 0.50234375 0.4234375
0 0.4625 0.26953125 0.1421875 0.09375
0 0.8140625 0.3453125 0.178125 0.1921875
0 0.78828125 0.23046875 0.10078125 0.08203125
0 0.85546875 0.2328125 0.0484375 0.021875
0 0.75703125 0.4265625 0.0765625 0.053125
0 0.90234375 0.2796875 0.0890625 0.1875
0 0.76953125 0.06875 0.16796875 0.03828125
0 0.82421875 0.09375 0.22578125 0.178125
0 0.81640625 0.1 0.19921875 0.1921875
0 0.8609375 0.1625 0.084375 0.0578125
0 0.81640625 0.16484375 0.0765625 0.071875
0 0.77265625 0.16015625 0.08203125 0.071875
0 0.759375 0.16953125 0.0625 0.071875
0 0.81640625 0.125 0.1734375 0.071875
0 0.8171875 0.50234375 0.29296875 0.15859375
0 0.7796875 0.625 0.209375 0.15390625
0 0.7875 0.75625 0.1515625 0.1515625
0 0.66484375 0.7828125 0.1296875 0.1515625
0 0.63125 0.66015625 0.1421875 0.1296875
0 0.62265625 0.5265625 0.134375 0.1203125
0 0.49765625 0.4375 0.134375 0.1203125
0 0.62265625 0.384375 0.196875 0.16328125
0 0.5046875 0.55546875 0.1390625 0.134375
0 0.53125 0.7796875 0.1296875 0.16328125
0 0.4578125 0.75703125 0.1421875 0.21640625
0 0.47578125 0.69921875 0.2046875 0.21640625
0 0.42421875 0.678125 0.1109375 0.16328125
0 0.384375 0.69375 0.1390625 0.21171875
0 0.3796875 0.64921875 0.1109375 0.178125
0 0.34609375 0.578125 0.21171875 0.15859375
0 0.2828125 0.5375 0.1921875 0.134375
0 0.375 0.6109375 0.1109375 0.146875
0 0.65625 0.94453125 0.08203125 0.10546875
0 0.7984375 0.9 0.084375 0.10078125
0 0.946875 0.81640625 0.09609375 0.0671875