0 0.89453125 0.69453125 0.20703125 0.5046875
0 0.86171875 0.9265625 0.26953125 0.134375
0 0.58046875 0.91484375 0.3078125 0.15859375
0 0.62734375 0.5765625 0.34140625 0.65859375
0 0.77265625 0.44453125 0.196875 0.2640625
0 0.48203125 0.50234375 0.1875 0.6390625
0 0.28984375 0.68515625 0.34375 0.61796875
0 0.2546875 0.90625 0.428125 0.178125
0 0.60078125 0.4671875 0.0765625 0.134375
0 0.3578125 0.48828125 0.10546875 0.26953125
0 0.178125 0.4390625 0.2984375 0.2765625
0 0.025 0.440625 0.05 0.10625
0 0.025 0.51328125 0.05 0.0859375
0 0.0921875 0.77578125 0.184375 0.4359375
0 0.12109375 0.6140625 0.09375 0.146875