0 0.4078125 0.196875 0.02890625 0.04296875
0 0.41796875 0.18046875 0.02890625 0.04296875
0 0.446875 0.1140625 0.02890625 0.04296875
0 0.49296875 0.13671875 0.02421875 0.04296875
0 0.46875 0.25390625 0.02890625 0.0484375
0 0.68046875 0.2078125 0.02890625 0.04296875
0 0.70546875 0.15 0.02890625 0.0484375
0 0.7328125 0.2078125 0.02421875 0.04296875
0 0.6984375 0.28125 0.02890625 0.0484375
0 0.75859375 0.14765625 0.02421875 0.04296875
0 0.74140625 0.51953125 0.0359375 0.08671875
0 0.55390625 0.51328125 0.03359375 0.053125
0 0.02734375 0.73203125 0.0484375 0.08671875
0 0.14765625 0.71015625 0.03359375 0.0671875
0 0.1 0.71875 0.053125 0.06015625
0 0.0984375 0.65234375 0.1875 0.09140625
0 0.2484375 0.64765625 0.1203125 0.103125
0 0.38671875 0.584375 0.14921875 0.1296875
0 0.021875 0.9671875 0.0359375 0.053125
0 0.01328125 0.90390625 0.01953125 0.06015625
0 0.02734375 0.87109375 0.0484375 0.071875
0 0.03828125 0.9125 0.03828125 0.04296875
0 0.05078125 0.9484375 0.02890625 0.03828125