0 0.4 0.64296875 0.2453125 0.165625
0 0.3953125 0.71640625 0.22578125 0.10546875
0 0.52734375 0.75859375 0.16328125 0.04296875
0 0.38203125 0.771875 0.1390625 0.0765625
0 0.56640625 0.72578125 0.15859375 0.0484375
0 0.5046875 0.64296875 0.303125 0.14453125
0 0.65859375 0.7234375 0.0578125 0.0671875
0 0.64296875 0.65234375 0.0578125 0.0765625
0 0.5921875 0.56953125 0.1296875 0.1109375
0 0.6078125 0.53125 0.0671875 0.0578125
0 0.6265625 0.515625 0.01953125 0.04296875
0 0.4390625 0.49765625 0.09609375 0.08671875
0 0.47734375 0.57578125 0.11328125 0.09140625
0 0.53828125 0.50390625 0.09140625 0.071875
0 0.49765625 0.4421875 0.071875 0.071875
0 0.5796875 0.4421875 0.10078125 0.09609375
0 0.5515625 0.3609375 0.1296875 0.08203125
0 0.54921875 0.271875 0.12265625 0.0890625
0 0.428125 0.35 0.08671875 0.10546875
0 0.459375 0.2390625 0.1078125 0.03828125
0 0.4046875 0.2078125 0.040625 0.0625
0 0.29453125 0.375 0.08671875 0.178125
0 0.3328125 0.4046875 0.08203125 0.1921875
0 0.3734375 0.4484375 0.08203125 0.178125
0 0.42578125 0.4109375 0.0625 0.09609375
0 0.3734375 0.33203125 0.0625 0.0765625
0 0.35703125 0.2859375 0.0765625 0.0625