1 0.06640625 0.86796875 0.11796875 0.15625
1 0.06640625 0.62890625 0.11796875 0.33671875
1 0.02734375 0.41796875 0.03828125 0.08671875
1 0.02421875 0.31953125 0.03125 0.125
1 0.05546875 0.14453125 0.09375 0.19453125
1 0.09375 0.359375 0.1109375 0.21875
1 0.12890625 0.640625 0.14921875 0.3125
1 0.15625 0.796875 0.0625 0.125
1 0.27421875 0.83984375 0.2984375 0.21171875
1 0.38671875 0.89921875 0.14921875 0.09375
1 0.43359375 0.83984375 0.16328125 0.21171875
1 0.30078125 0.74296875 0.22578125 0.1875
1 0.296875 0.49296875 0.1734375 0.3125
1 0.17578125 0.47265625 0.14921875 0.31953125
1 0.13203125 0.19921875 0.1421875 0.24296875
1 0.0609375 0.040625 0.11328125 0.0765625
1 0.1671875 0.040625 0.12265625 0.0765625
1 0.9265625 0.08515625 0.1421875 0.165625
1 0.86796875 0.02890625 0.1109375 0.053125
1 0.76953125 0.02421875 0.08671875 0.0484375
1 0.78828125 0.21171875 0.125 0.3921875
1 0.6625 0.18515625 0.12734375 0.365625
1 0.55078125 0.16328125 0.11796875 0.15625
1 0.57421875 0.06015625 0.1203125 0.115625
1 0.53125 0.0203125 0.08203125 0.0359375
1 0.53515625 0.859375 0.08671875 0.15625
1 0.53828125 0.76953125 0.09375 0.06953125
1 0.55546875 0.62890625 0.0765625 0.21171875
1 0.47265625 0.66328125 0.08671875 0.1390625
1 0.44921875 0.69453125 0.05546875 0.0484375
1 0.42578125 0.58671875 0.10078125 0.15625
1 0.49296875 0.41015625 0.21875 0.31953125
1 0.61796875 0.38203125 0.125 0.28125
1 0.3125 0.22578125 0.2359375 0.1734375
1 0.25 0.29296875 0.09375 0.10078125
1 0.359375 0.30546875 0.0765625 0.0765625
1 0.3546875 0.07578125 0.2765625 0.146875
1 0.46484375 0.19453125 0.05546875 0.1109375
1 0.65625 0.83671875 0.15625 0.2015625
1 0.81953125 0.90625 0.1734375 0.0625
1 0.63671875 0.74296875 0.11796875 0.1875
1 0.78515625 0.703125 0.28828125 0.46875
1 0.72578125 0.51953125 0.25 0.22578125
1 0.97109375 0.35703125 0.053125 0.353125
1 0.88671875 0.41328125 0.19453125 0.59375
1 0.94375 0.65 0.1078125 0.25234375
1 0.8890625 0.7859375 0.21640625 0.3078125
1 0.5015625 0.475 0.99296875 0.94453125