1 0.8609375 0.36875 0.27421875 0.540625
1 0.83046875 0.584375 0.33203125 0.64453125
1 0.84140625 0.74296875 0.3078125 0.50234375
1 0.74140625 0.84765625 0.1109375 0.2953125
1 0.7796875 0.96171875 0.053125 0.0671875
1 0.5359375 0.76796875 0.15625 0.4515625
1 0.39765625 0.828125 0.22109375 0.33203125
1 0.25234375 0.9125 0.22109375 0.16328125
1 0.1703125 0.81953125 0.26953125 0.35078125
1 0.15859375 0.57109375 0.27890625 0.26953125
1 0.26171875 0.43359375 0.1828125 0.35546875
1 0.421875 0.5921875 0.22578125 0.37734375
1 0.38984375 0.2015625 0.3171875 0.403125
1 0.4328125 0.2484375 0.2328125 0.33203125
1 0.43125 0.0578125 0.20703125 0.115625
1 0.2765625 0.06875 0.0578125 0.13671875
1 0.321875 0.12265625 0.09140625 0.2359375
1 0.290625 0.23828125 0.115625 0.28828125
1 0.23046875 0.390625 0.10546875 0.2453125
1 0.2203125 0.48046875 0.09140625 0.25
1 0.30390625 0.50859375 0.0984375 0.1875
1 0.53515625 0.14765625 0.28359375 0.2953125
1 0.584375 0.415625 0.21640625 0.25
1 0.734375 0.3171875 0.34140625 0.446875
1 0.734375 0.0515625 0.31953125 0.103125
1 0.13125 0.13828125 0.25703125 0.2765625
1 0.0671875 0.28515625 0.1296875 0.2328125
1 0.053125 0.81953125 0.03828125 0.3390625