1 0.61796875 0.5375 0.490625 0.9234375
1 0.32421875 0.43359375 0.3890625 0.84140625
0 0.578125 0.16953125 0.1421875 0.1515625
0 0.7125 0.2046875 0.15390625 0.16796875
0 0.67578125 0.3640625 0.1515625 0.15859375
0 0.5421875 0.31953125 0.134375 0.1515625
0 0.5203125 0.453125 0.125 0.1515625
0 0.6359375 0.51328125 0.1421875 0.146875
0 0.60234375 0.64921875 0.1390625 0.1421875
0 0.49140625 0.59375 0.1296875 0.146875
0 0.4578125 0.725 0.10546875 0.134375
0 0.57109375 0.7796875 0.1296875 0.1296875
0 0.43984375 0.83984375 0.125 0.134375
0 0.53359375 0.90859375 0.115625 0.1390625