1 0.73828125 0.27421875 0.11796875 0.15625
1 0.71484375 0.13203125 0.11796875 0.125
1 0.58984375 0.046875 0.13203125 0.0765625
1 0.48046875 0.05078125 0.10078125 0.08671875
1 0.36796875 0.05078125 0.1109375 0.08671875
1 0.59765625 0.140625 0.11796875 0.1109375
1 0.48046875 0.15234375 0.10078125 0.10078125
1 0.37109375 0.15234375 0.11796875 0.11796875
1 0.35078125 0.28828125 0.125 0.15625
1 0.484375 0.28515625 0.1390625 0.14921875
1 0.609375 0.27734375 0.125 0.14921875
1 0.734375 0.43046875 0.125 0.15625
1 0.609375 0.43359375 0.125 0.14921875
1 0.47578125 0.43359375 0.125 0.13203125
1 0.359375 0.4375 0.125 0.1390625
1 0.74296875 0.58203125 0.125 0.14921875
1 0.61328125 0.58671875 0.13203125 0.1390625
1 0.484375 0.58671875 0.125 0.15625
1 0.359375 0.58984375 0.125 0.16328125
1 0.74296875 0.72578125 0.125 0.1390625
1 0.61328125 0.73828125 0.11796875 0.16328125
1 0.49296875 0.74296875 0.125 0.15625
1 0.36328125 0.74296875 0.13203125 0.15625
1 0.734375 0.87109375 0.1390625 0.14921875
1 0.60546875 0.88203125 0.11796875 0.1390625
1 0.484375 0.890625 0.1109375 0.1390625
1 0.36796875 0.88671875 0.125 0.13203125