1 0.76171875 0.8265625 0.1921875 0.303125
1 0.58671875 0.80625 0.21171875 0.3171875
1 0.4484375 0.64921875 0.3296875 0.33671875
1 0.33046875 0.83515625 0.2546875 0.22109375
1 0.290625 0.60703125 0.2984375 0.2453125
1 0.4796875 0.35078125 0.25703125 0.28359375
1 0.290625 0.36171875 0.1828125 0.2453125
1 0.421875 0.18046875 0.3890625 0.09375
1 0.40390625 0.08203125 0.33671875 0.1203125
1 0.771875 0.13125 0.0578125 0.15390625
1 0.6859375 0.146875 0.1390625 0.1875
1 0.6421875 0.2953125 0.10078125 0.1203125