1 0.19921875 0.10078125 0.38203125 0.1875
1 0.36796875 0.109375 0.21875 0.125
1 0.46875 0.08203125 0.15625 0.14921875
1 0.61796875 0.10546875 0.09375 0.11796875
1 0.73046875 0.03125 0.14921875 0.0484375
1 0.59765625 0.03125 0.10078125 0.0484375
1 0.578125 0.171875 0.125 0.09375
1 0.78828125 0.93984375 0.28359375 0.115625
1 0.75390625 0.84375 0.21171875 0.1109375
1 0.73046875 0.75703125 0.18046875 0.0796875
1 0.703125 0.68359375 0.1875 0.06953125
1 0.6875 0.61328125 0.1390625 0.06953125
1 0.67578125 0.5625 0.13203125 0.0625
1 0.66015625 0.50703125 0.10078125 0.0484375
1 0.64453125 0.46875 0.10078125 0.03125
1 0.64453125 0.4375 0.10078125 0.03125
1 0.62109375 0.40625 0.06953125 0.03125
1 0.60546875 0.37109375 0.06953125 0.02421875
1 0.515625 0.328125 0.125 0.0765625
1 0.52734375 0.26953125 0.10078125 0.05546875
1 0.52890625 0.9171875 0.2453125 0.1609375
1 0.58203125 0.78828125 0.11796875 0.09375
1 0.578125 0.71171875 0.1109375 0.0765625
1 0.57421875 0.640625 0.08671875 0.09375
1 0.57421875 0.55859375 0.06953125 0.08671875
1 0.57421875 0.49296875 0.05546875 0.0484375
1 0.56953125 0.453125 0.0484375 0.03125
1 0.56640625 0.421875 0.03828125 0.0484375
1 0.5625 0.39453125 0.0140625 0.02421875
1 0.43046875 0.86796875 0.1875 0.2359375
1 0.453125 0.71171875 0.1390625 0.0765625
1 0.46875 0.63203125 0.125 0.0625
1 0.48828125 0.546875 0.10078125 0.09375
1 0.49609375 0.45703125 0.08671875 0.08671875
1 0.49609375 0.39453125 0.08671875 0.05546875
1 0.25859375 0.865625 0.209375 0.2640625
1 0.31953125 0.69453125 0.1390625 0.09375
1 0.35078125 0.62109375 0.125 0.06953125
1 0.38671875 0.53515625 0.10078125 0.08671875
1 0.41328125 0.453125 0.0765625 0.0765625
1 0.44140625 0.39453125 0.03828125 0.03828125