1 0.8859375 0.3125 0.2234375 0.26953125
1 0.76796875 0.20703125 0.459375 0.321875
1 0.625 0.171875 0.4546875 0.25
1 0.41015625 0.15625 0.33671875 0.2015625
1 0.21484375 0.12890625 0.41328125 0.16328125
1 0.19453125 0.28828125 0.375 0.375
1 0.24609375 0.41328125 0.47578125 0.2984375
1 0.03828125 0.62890625 0.0625 0.14921875
1 0.14921875 0.53828125 0.1734375 0.09375
1 0.11796875 0.625 0.09375 0.0625
1 0.26171875 0.49296875 0.08671875 0.15625
1 0.453125 0.50703125 0.2640625 0.125
1 0.42578125 0.44140625 0.25703125 0.14921875
1 0.25390625 0.63671875 0.33671875 0.24296875
1 0.44453125 0.64453125 0.6390625 0.31953125
1 0.58203125 0.578125 0.30546875 0.2640625
1 0.9046875 0.46640625 0.18515625 0.196875
1 0.76953125 0.51953125 0.11796875 0.16328125
1 0.928125 0.828125 0.1390625 0.2234375
1 0.8078125 0.7125 0.3796875 0.30078125
1 0.43046875 0.83984375 0.3890625 0.06953125
1 0.43359375 0.765625 0.35078125 0.1875
1 0.58671875 0.57421875 0.28125 0.18046875