1 0.5296875 0.14765625 0.4859375 0.259375
1 0.23203125 0.08984375 0.1109375 0.1734375
1 0.146875 0.16328125 0.26953125 0.26171875
1 0.28515625 0.23828125 0.08203125 0.1078125
1 0.61875 0.334375 0.47578125 0.4953125
1 0.8453125 0.2546875 0.13203125 0.29296875
1 0.63828125 0.359375 0.303125 0.35078125
1 0.2125 0.3296875 0.33671875 0.1828125
1 0.2296875 0.3765625 0.31484375 0.14921875
1 0.1 0.4125 0.04296875 0.03359375
1 0.22578125 0.515625 0.321875 0.16328125
1 0.16328125 0.725 0.259375 0.334375
1 0.1765625 0.88671875 0.23046875 0.14921875
1 0.37265625 0.7171875 0.23828125 0.4203125
1 0.30390625 0.74296875 0.22109375 0.4640625
1 0.60234375 0.865625 0.21171875 0.09140625
1 0.69375 0.7140625 0.60078125 0.26953125
1 0.6984375 0.58984375 0.5140625 0.13671875
1 0.86796875 0.4734375 0.22109375 0.1390625
1 0.83671875 0.88828125 0.26953125 0.209375
1 0.446875 0.4421875 0.1203125 0.35078125