1 0.2875 0.8703125 0.47578125 0.228125
1 0.196875 0.6234375 0.2984375 0.22578125
1 0.70078125 0.74609375 0.228125 0.1296875
1 0.66953125 0.93359375 0.2015625 0.09375
1 0.89765625 0.828125 0.178125 0.125
1 0.77734375 0.828125 0.14921875 0.1203125
1 0.66328125 0.83671875 0.1296875 0.103125
1 0.775 0.4953125 0.42578125 0.303125
1 0.77734375 0.15859375 0.4328125 0.2859375
1 0.3578125 0.37109375 0.28359375 0.2359375
1 0.17578125 0.37109375 0.2546875 0.2359375
1 0.29921875 0.11796875 0.41328125 0.22109375
1 0.21640625 0.13671875 0.3078125 0.196875