1 0.72578125 0.41796875 0.53125 0.72578125
1 0.16328125 0.36796875 0.2015625 0.53125
1 0.375 0.30859375 0.3609375 0.52421875
1 0.04296875 0.409375 0.0859375 0.5375
1 0.35546875 0.76171875 0.36796875 0.08671875
1 0.88203125 0.87109375 0.21875 0.16328125
1 0.32421875 0.86328125 0.16328125 0.05546875
1 0.10234375 0.50703125 0.2046875 0.72109375
1 0.3125 0.47265625 0.3265625 0.74296875
1 0.62890625 0.43359375 0.72578125 0.75703125
1 0.06484375 0.928125 0.1296875 0.1390625
1 0.14921875 0.91796875 0.125 0.10078125
1 0.29296875 0.90234375 0.16328125 0.11796875
1 0.66796875 0.86328125 0.16328125 0.08671875
1 0.58671875 0.87890625 0.3609375 0.11796875