1 0.8140625 0.3109375 0.1734375 0.15625
1 0.63671875 0.259375 0.2234375 0.23046875
1 0.47578125 0.2296875 0.21875 0.334375
1 0.4203125 0.28984375 0.21875 0.3171875
1 0.2234375 0.2703125 0.28359375 0.29296875
1 0.28359375 0.24140625 0.20703125 0.29296875
1 0.6671875 0.55625 0.0984375 0.16796875
1 0.5734375 0.553125 0.15390625 0.28359375
1 0.51328125 0.50703125 0.23046875 0.19921875
1 0.49375 0.5640625 0.09140625 0.240625
1 0.34765625 0.54921875 0.1921875 0.2984375
1 0.2484375 0.5921875 0.16796875 0.30546875
1 0.15 0.5921875 0.15859375 0.35546875
1 0.5109375 0.80390625 0.2234375 0.2328125
1 0.34375 0.81875 0.3609375 0.24765625
1 0.31953125 0.89765625 0.1921875 0.05078125