1 0.49765625 0.7140625 0.9953125 0.5625
1 0.7203125 0.32578125 0.27890625 0.51953125
1 0.58671875 0.296875 0.2546875 0.59375
1 0.49296875 0.39296875 0.08671875 0.46171875
1 0.4390625 0.35078125 0.13203125 0.52890625
1 0.4109375 0.39765625 0.12265625 0.4015625
1 0.3453125 0.353125 0.1734375 0.48046875
1 0.31640625 0.3015625 0.25 0.60078125
1 0.2546875 0.3421875 0.209375 0.50234375
1 0.18125 0.3578125 0.2546875 0.490625
1 0.10703125 0.3125 0.2140625 0.5890625
1 0.0734375 0.4015625 0.14453125 0.375