1 0.49609375 0.8625 0.9921875 0.25625
1 0.22265625 0.69453125 0.44453125 0.1109375
1 0.72265625 0.68046875 0.53828125 0.0625
1 0.8125 0.81640625 0.3609375 0.19453125
1 0.125 0.47578125 0.25 0.3125
1 0.640625 0.38671875 0.4234375 0.11796875
1 0.90234375 0.39921875 0.18046875 0.1734375
1 0.90234375 0.57421875 0.18046875 0.19453125
1 0.71875 0.53125 0.1734375 0.1109375
1 0.75 0.609375 0.21875 0.0765625
1 0.43359375 0.55546875 0.41328125 0.1875
1 0.41796875 0.40234375 0.35078125 0.08671875
1 0.14921875 0.27734375 0.2984375 0.11796875
1 0.31953125 0.34765625 0.1734375 0.11796875
1 0.55859375 0.27734375 0.50703125 0.08671875
1 0.859375 0.296875 0.125 0.03125
1 0.95703125 0.296875 0.06953125 0.0625
1 0.62890625 0.24296875 0.72578125 0.0625
1 0.14453125 0.19140625 0.22578125 0.06953125
1 0.59375 0.19140625 0.7984375 0.08671875
1 0.49609375 0.08125 0.9921875 0.11875
1 0.51953125 0.03125 0.94453125 0.0625
1 0.49609375 0.9171875 0.9921875 0.15
1 0.49609375 0.49609375 0.9921875 0.9921875