1 0.328125 0.24609375 0.375 0.21171875
1 0.703125 0.36328125 0.25 0.11796875
1 0.20703125 0.66328125 0.25703125 0.21875
1 0.36796875 0.77421875 0.3265625 0.2640625
1 0.16328125 0.83984375 0.1875 0.16328125
1 0.35546875 0.58671875 0.24296875 0.21875
1 0.12890625 0.609375 0.19453125 0.1875
1 0.65234375 0.55546875 0.43046875 0.3609375
1 0.8734375 0.68046875 0.24765625 0.22109375
1 0.921875 0.53515625 0.1390625 0.08671875
1 0.76953125 0.40625 0.35078125 0.1875
1 0.60546875 0.42578125 0.68046875 0.30546875