1 0.19375 0.54921875 0.21640625 0.28828125
1 0.375 0.6515625 0.1828125 0.1828125
1 0.3640625 0.40390625 0.2046875 0.303125
1 0.58046875 0.43125 0.21640625 0.3296875
1 0.56640625 0.67578125 0.19921875 0.16796875
1 0.55546875 0.81953125 0.16796875 0.1296875
1 0.56484375 0.2125 0.196875 0.115625
1 0.7671875 0.1265625 0.2453125 0.2359375
1 0.7953125 0.41328125 0.25703125 0.33671875
1 0.76171875 0.6890625 0.22578125 0.2046875
1 0.73046875 0.8453125 0.1828125 0.1609375
1 0.6890625 0.9265625 0.16796875 0.103125