2 0.73203125 0.26171875 0.47578125 0.43515625
2 0.6296875 0.76171875 0.68984375 0.41328125
2 0.41484375 0.0484375 0.3703125 0.08671875
2 0.41953125 0.4578125 0.18984375 0.05546875
2 0.446875 0.5328125 0.2640625 0.08671875
2 0.446875 0.61796875 0.2453125 0.09609375
2 0.446875 0.865625 0.2453125 0.1109375
2 0.11328125 0.3703125 0.16328125 0.09140625
2 0.1046875 0.2921875 0.1390625 0.07421875
2 0.134375 0.240625 0.10078125 0.06015625
2 0.1296875 0.04453125 0.08203125 0.08203125
2 0.10234375 0.490625 0.16328125 0.10078125
2 0.0921875 0.58984375 0.10546875 0.06953125
2 0.1671875 0.975 0.115625 0.040625
5 0.196875 0.75234375 0.2359375 0.375
5 0.4421875 0.24296875 0.2546875 0.384375