2 0.321875 0.8265625 0.32421875 0.2765625
2 0.80390625 0.83515625 0.3125 0.2765625
2 0.7984375 0.5 0.32421875 0.27890625
2 0.31953125 0.49140625 0.3125 0.27890625
2 0.3140625 0.1625 0.3078125 0.271875
2 0.7953125 0.16484375 0.3296875 0.27421875
3 0.59765625 0.8296875 0.1390625 0.2984375
3 0.1109375 0.82421875 0.134375 0.28828125
3 0.11328125 0.48671875 0.1390625 0.2984375
3 0.1046875 0.1546875 0.1296875 0.303125
3 0.5890625 0.1625 0.1296875 0.28828125
3 0.59609375 0.49296875 0.1421875 0.29296875