2 0.62890625 0.3296875 0.4328125 0.53359375
2 0.7484375 0.52890625 0.3703125 0.50703125
2 0.34609375 0.646875 0.40859375 0.625
2 0.20703125 0.44453125 0.3078125 0.44453125
0 0.22265625 0.3796875 0.0984375 0.0671875
0 0.2953125 0.4796875 0.084375 0.0625
0 0.30390625 0.415625 0.0765625 0.0578125
0 0.21484375 0.446875 0.0671875 0.05078125
0 0.30390625 0.3265625 0.0671875 0.09375
0 0.2796875 0.2953125 0.071875 0.0671875
0 0.2171875 0.27265625 0.10546875 0.0671875
0 0.1859375 0.3375 0.0984375 0.08203125
0 0.1671875 0.41953125 0.0765625 0.084375
0 0.10234375 0.40234375 0.08203125 0.1203125
0 0.09609375 0.4734375 0.0671875 0.03828125
0 0.1046875 0.30078125 0.0671875 0.09375
0 0.1546875 0.29296875 0.08203125 0.0890625
0 0.87109375 0.4640625 0.08203125 0.1109375
0 0.83046875 0.4421875 0.115625 0.1109375
0 0.884375 0.35546875 0.0625 0.053125
0 0.853125 0.3328125 0.0625 0.053125
0 0.771875 0.33984375 0.084375 0.0765625
0 0.66953125 0.3421875 0.09375 0.0625
0 0.77734375 0.52890625 0.10546875 0.053125
0 0.74609375 0.54921875 0.10546875 0.0578125