2 0.74609375 0.1703125 0.303125 0.2984375
2 0.3140625 0.1703125 0.2984375 0.2984375
2 0.31640625 0.4953125 0.29296875 0.2984375
2 0.3140625 0.81953125 0.2984375 0.2984375
2 0.74609375 0.821875 0.303125 0.29296875
2 0.7484375 0.49296875 0.3078125 0.303125
3 0.553125 0.1734375 0.1109375 0.28359375
3 0.55546875 0.50234375 0.10546875 0.28359375
3 0.11796875 0.1734375 0.10078125 0.29296875
3 0.11796875 0.49765625 0.10078125 0.29296875
3 0.11328125 0.8296875 0.10078125 0.2984375
3 0.54921875 0.8265625 0.10078125 0.29296875