2 0.46875 0.7765625 0.46875 0.146875
2 0.453125 0.62265625 0.40625 0.134375
2 0.41015625 0.490625 0.31953125 0.1109375
2 0.41328125 0.37734375 0.3125 0.10546875
2 0.39453125 0.26953125 0.28828125 0.10078125
2 0.375 0.171875 0.2359375 0.0890625
3 0.73046875 0.7765625 0.05546875 0.1203125
3 0.67578125 0.62265625 0.06953125 0.115625
3 0.60546875 0.49140625 0.05546875 0.0890625
3 0.58984375 0.37734375 0.05546875 0.071875
3 0.56953125 0.271875 0.0484375 0.0765625
3 0.51953125 0.171875 0.05546875 0.071875