2 0.66484375 0.12734375 0.25703125 0.24765625
2 0.234375 0.1625 0.2640625 0.23046875
2 0.65234375 0.50234375 0.25234375 0.240625
2 0.21875 0.49375 0.24296875 0.21640625
2 0.225 0.83203125 0.25234375 0.228125
2 0.64765625 0.87265625 0.25703125 0.25
2 0.6890625 0.17890625 0.40859375 0.30546875
2 0.28828125 0.21015625 0.34140625 0.28359375
2 0.28359375 0.51171875 0.3296875 0.2671875
2 0.67578125 0.5171875 0.3921875 0.29296875
2 0.6703125 0.84609375 0.3796875 0.2859375
2 0.28828125 0.8109375 0.3296875 0.26171875