2 0.2140625 0.7171875 0.303125 0.115625
2 0.2140625 0.58984375 0.29296875 0.115625
2 0.21640625 0.46484375 0.28828125 0.1109375
2 0.2140625 0.334375 0.29296875 0.1203125
2 0.2390625 0.3859375 0.2640625 0.03125
2 0.21171875 0.1875 0.28828125 0.1203125
2 0.2453125 0.25234375 0.23046875 0.04296875
2 0.5359375 0.7765625 0.14453125 0.06953125
2 0.53828125 0.703125 0.15859375 0.06953125
2 0.54296875 0.61796875 0.1703125 0.0765625
2 0.54921875 0.53828125 0.1703125 0.0890625
2 0.54921875 0.49375 0.14921875 0.0140625
2 0.53828125 0.44921875 0.1390625 0.08203125
2 0.5515625 0.3703125 0.15390625 0.06953125
2 0.54921875 0.29296875 0.14921875 0.06953125
2 0.5515625 0.2125 0.15390625 0.08671875
2 0.540625 0.12734375 0.14453125 0.08671875
2 0.7859375 0.7671875 0.1203125 0.08203125
2 0.78359375 0.6984375 0.11328125 0.05546875
2 0.80390625 0.62734375 0.15390625 0.08203125
2 0.8328125 0.546875 0.18046875 0.0890625
2 0.8375 0.44921875 0.18046875 0.0890625
2 0.83515625 0.35546875 0.196875 0.09140625
2 0.8421875 0.25703125 0.2015625 0.09609375
2 0.853125 0.15859375 0.21171875 0.1078125
3 0.37890625 0.58984375 0.0484375 0.0765625
3 0.38671875 0.72265625 0.040625 0.09140625
3 0.62890625 0.771875 0.040625 0.0765625
3 0.384375 0.4671875 0.0359375 0.08671875
3 0.3765625 0.328125 0.03125 0.0765625
3 0.38671875 0.35 0.03125 0.071875
3 0.3890625 0.2296875 0.0359375 0.071875
3 0.37890625 0.19375 0.02421875 0.08671875
3 0.6421875 0.2125 0.0140625 0.08671875
3 0.634375 0.2921875 0.03125 0.0671875
3 0.6390625 0.3703125 0.01953125 0.0625
3 0.6234375 0.44375 0.01953125 0.06953125
3 0.6421875 0.53515625 0.0140625 0.0671875
3 0.64453125 0.615625 0.01953125 0.071875
3 0.63671875 0.696875 0.02421875 0.0671875
3 0.6265625 0.12734375 0.02421875 0.0765625
3 0.96875 0.1625 0.03125 0.09140625
3 0.95703125 0.25859375 0.02421875 0.09140625
3 0.9484375 0.35703125 0.01953125 0.0890625
3 0.9390625 0.44921875 0.03125 0.071875
3 0.94609375 0.546875 0.0359375 0.08203125
3 0.85546875 0.6984375 0.01953125 0.0625
3 0.86328125 0.7640625 0.0140625 0.06953125
0 0.1234375 0.33046875 0.103125 0.10546875
0 0.25 0.3375 0.14921875 0.071875
0 0.209375 0.46875 0.27421875 0.0890625
0 0.1421875 0.71640625 0.1078125 0.0890625
0 0.19375 0.18125 0.22109375 0.115625
0 0.178125 0.25859375 0.0765625 0.02421875
0 0.5 0.12734375 0.0625 0.0765625
0 0.50703125 0.2125 0.0578125 0.06953125
0 0.53359375 0.296875 0.1078125 0.0625
0 0.53828125 0.375 0.1203125 0.0625
0 0.52890625 0.44921875 0.1078125 0.071875
0 0.52890625 0.5375 0.1078125 0.06953125
0 0.5109375 0.61796875 0.08203125 0.0625
0 0.49296875 0.6984375 0.0578125 0.0625
0 0.5203125 0.77421875 0.11328125 0.0671875
0 0.77265625 0.7703125 0.071875 0.07421875
0 0.75 0.6984375 0.0359375 0.0484375
0 0.7859375 0.546875 0.09609375 0.071875
0 0.8171875 0.453125 0.15859375 0.0890625
0 0.81484375 0.35546875 0.15390625 0.08671875
0 0.8265625 0.25859375 0.15859375 0.08671875
0 0.853125 0.16015625 0.2015625 0.09609375