2 0.80859375 0.625 0.375 0.271875
2 0.31953125 0.80390625 0.35546875 0.25703125
2 0.3265625 0.37109375 0.35078125 0.26171875
2 0.81640625 0.16953125 0.33203125 0.2671875
3 0.57578125 0.625 0.1734375 0.271875
3 0.08671875 0.8140625 0.16796875 0.2765625
3 0.09609375 0.3734375 0.16328125 0.2671875
3 0.578125 0.1671875 0.178125 0.26171875
0 0.2015625 0.275 0.0484375 0.04296875
0 0.22734375 0.3171875 0.0265625 0.0484375
0 0.240625 0.36640625 0.053125 0.03828125
0 0.2015625 0.375 0.03828125 0.0484375
0 0.240625 0.41796875 0.0359375 0.0625
0 0.22734375 0.4640625 0.0359375 0.03828125
0 0.18046875 0.446875 0.03125 0.0671875
0 0.18359375 0.31953125 0.03828125 0.04296875
0 0.25390625 0.2875 0.0265625 0.0484375
0 0.25703125 0.32421875 0.0359375 0.04296875
0 0.2796875 0.3578125 0.0265625 0.03828125
0 0.275 0.39765625 0.0265625 0.0484375
0 0.2953125 0.41953125 0.03125 0.0484375
0 0.271875 0.45078125 0.0359375 0.0578125
0 0.30625 0.4578125 0.0359375 0.0359375
0 0.3578125 0.46015625 0.0578125 0.0484375
0 0.33046875 0.43359375 0.021875 0.0484375
0 0.3171875 0.390625 0.021875 0.0359375
0 0.28515625 0.3578125 0.0359375 0.0671875
0 0.321875 0.32421875 0.0671875 0.053125
0 0.36171875 0.3578125 0.0671875 0.0484375
0 0.28828125 0.28828125 0.0359375 0.0359375
0 0.3328125 0.30078125 0.04296875 0.0484375
0 0.3640625 0.321875 0.053125 0.0578125
0 0.3640625 0.2875 0.0265625 0.03125
0 0.39765625 0.30390625 0.03125 0.0578125
0 0.41953125 0.3265625 0.03125 0.0484375
0 0.42421875 0.3796875 0.03828125 0.084375
0 0.39296875 0.375 0.021875 0.0578125
0 0.3953125 0.43984375 0.04296875 0.04296875
0 0.43125 0.453125 0.053125 0.0625
0 0.4484375 0.40234375 0.0359375 0.0578125
0 0.4640625 0.453125 0.03828125 0.0625
0 0.46015625 0.33984375 0.03125 0.0671875
0 0.42421875 0.3375 0.03125 0.0625
0 0.43359375 0.28828125 0.03828125 0.053125
0 0.4625 0.2875 0.0359375 0.03828125
0 0.72265625 0.11328125 0.0671875 0.1203125
0 0.69609375 0.21484375 0.0671875 0.1296875
0 0.790625 0.19375 0.125 0.1203125
0 0.84609375 0.20703125 0.0671875 0.1203125
0 0.8109375 0.11328125 0.1203125 0.1109375
0 0.90390625 0.1 0.09375 0.10078125
0 0.90625 0.19375 0.10546875 0.1390625
5 0.68046875 0.56640625 0.0625 0.0765625
5 0.7171875 0.6390625 0.1203125 0.0890625
5 0.70703125 0.69609375 0.071875 0.09375
5 0.74609375 0.7203125 0.0625 0.053125
5 0.74375 0.56484375 0.0765625 0.071875
5 0.80078125 0.5515625 0.0625 0.0625
5 0.7953125 0.6515625 0.0890625 0.15625
5 0.83984375 0.68046875 0.0625 0.0890625
5 0.83984375 0.59765625 0.053125 0.084375
5 0.8796875 0.57109375 0.0890625 0.10078125
5 0.86875 0.678125 0.084375 0.09375
5 0.92890625 0.64453125 0.053125 0.0984375