2 0.7203125 0.19140625 0.28359375 0.25703125
2 0.6359375 0.421875 0.31953125 0.22109375
2 0.51328125 0.3453125 0.2359375 0.209375
2 0.240625 0.5203125 0.21171875 0.21171875
2 0.24609375 0.7796875 0.209375 0.2359375
2 0.625 0.61328125 0.26171875 0.25
3 0.53984375 0.209375 0.084375 0.1875
3 0.4484375 0.63359375 0.08203125 0.1734375
3 0.1046875 0.5578125 0.0671875 0.15390625
3 0.1 0.80859375 0.0578125 0.1421875
1 0.3296875 0.6859375 0.09609375 0.509375
1 0.521875 0.8375 0.28828125 0.209375
1 0.4 0.58671875 0.0359375 0.29296875
1 0.45078125 0.5 0.0578125 0.09375