2 0.49375 0.6890625 0.25 0.31484375
2 0.18984375 0.79921875 0.24296875 0.31953125
2 0.49375 0.365625 0.25703125 0.3078125
2 0.790625 0.515625 0.25703125 0.2359375
2 0.19609375 0.525 0.2546875 0.22578125
2 0.19453125 0.2546875 0.25703125 0.303125
3 0.63671875 0.64453125 0.05078125 0.20703125
3 0.93984375 0.50703125 0.04296875 0.22109375
3 0.640625 0.3921875 0.03359375 0.20703125
3 0.35234375 0.51796875 0.05078125 0.2015625
3 0.3484375 0.75703125 0.05078125 0.20703125
3 0.3421875 0.2859375 0.0453125 0.2015625