2 0.74609375 0.53359375 0.375 0.35546875
2 0.5515625 0.725 0.47109375 0.41796875
2 0.48203125 0.2875 0.50234375 0.45703125
3 0.5265625 0.5265625 0.16328125 0.34140625
3 0.2796875 0.7203125 0.1515625 0.40859375
3 0.19140625 0.31640625 0.1875 0.49765625
0 0.38671875 0.1890625 0.09609375 0.1203125
0 0.42421875 0.31640625 0.09375 0.15859375
0 0.3890625 0.4578125 0.0765625 0.1515625
0 0.3484375 0.384375 0.0671875 0.1203125
0 0.33046875 0.4640625 0.03828125 0.0765625
0 0.353125 0.2796875 0.0578125 0.09609375
0 0.3453125 0.14921875 0.0765625 0.10078125
0 0.453125 0.1203125 0.09609375 0.053125
0 0.4796875 0.209375 0.0890625 0.1421875
0 0.478125 0.33046875 0.0671875 0.084375
0 0.546875 0.259375 0.08203125 0.1390625
0 0.58046875 0.19921875 0.0765625 0.0890625
0 0.6109375 0.2953125 0.084375 0.1203125
0 0.54453125 0.34609375 0.0578125 0.0265625
0 0.6703125 0.3171875 0.071875 0.0765625
0 0.6625 0.240625 0.08203125 0.08203125
0 0.62890625 0.1390625 0.1203125 0.10078125
0 0.5265625 0.1421875 0.0765625 0.0890625
0 0.7640625 0.53125 0.28359375 0.32421875