2 0.62265625 0.6703125 0.4515625 0.2859375
2 0.52265625 0.8296875 0.509375 0.1828125
2 0.23671875 0.71484375 0.3390625 0.1875
2 0.44453125 0.5109375 0.4515625 0.16796875
2 0.78984375 0.4578125 0.26953125 0.1875
2 0.7078125 0.3015625 0.28828125 0.25703125
2 0.828125 0.228125 0.2359375 0.2359375
2 0.5828125 0.2328125 0.2640625 0.26171875
2 0.36640625 0.37734375 0.428125 0.23046875
2 0.80546875 0.69921875 0.28125 0.21875
0 0.3078125 0.7328125 0.20703125 0.1875
0 0.5671875 0.64453125 0.10546875 0.134375
0 0.52421875 0.73828125 0.1390625 0.125
0 0.61796875 0.75625 0.09375 0.09609375
0 0.66484375 0.68046875 0.0890625 0.16796875
0 0.58046875 0.5734375 0.178125 0.071875
0 0.69453125 0.56875 0.1203125 0.071875
0 0.78359375 0.584375 0.0671875 0.0578125
0 0.7609375 0.6421875 0.03828125 0.021875
0 0.7765625 0.66015625 0.0265625 0.03828125
0 0.71015625 0.709375 0.0359375 0.0765625
0 0.7765625 0.73828125 0.0265625 0.0890625
0 0.859375 0.70703125 0.1296875 0.1515625
0 0.87265625 0.30859375 0.0484375 0.03828125
0 0.83515625 0.275 0.009375 0.0265625
0 0.79453125 0.27734375 0.0265625 0.0578125
0 0.828125 0.3109375 0.03828125 0.053125
0 0.80390625 0.24296875 0.0265625 0.0671875
0 0.84140625 0.2359375 0.0484375 0.0625
0 0.875 0.2515625 0.053125 0.0578125
0 0.8953125 0.2171875 0.03828125 0.0625
0 0.87265625 0.19375 0.02421875 0.0484375
0 0.84375 0.1671875 0.0265625 0.03125
0 0.8171875 0.1890625 0.0359375 0.03828125
0 0.80390625 0.1734375 0.0265625 0.04296875
0 0.8328125 0.1390625 0.03125 0.03125
0 0.890625 0.1578125 0.03828125 0.0578125
0 0.71640625 0.27265625 0.1203125 0.1734375
0 0.54453125 0.1890625 0.0359375 0.0765625
0 0.53828125 0.26171875 0.0484375 0.09609375
0 0.62265625 0.15390625 0.0484375 0.03125
0 0.6140625 0.19140625 0.0578125 0.04296875
0 0.68046875 0.16015625 0.03828125 0.0265625
0 0.484375 0.50234375 0.3265625 0.0890625
0 0.49140625 0.54921875 0.3484375 0.10078125
0 0.44453125 0.46640625 0.27421875 0.053125