2 0.85546875 0.6875 0.27890625 0.26171875
2 0.86640625 0.9234375 0.25703125 0.146875
2 0.60703125 0.921875 0.7765625 0.14921875
2 0.64453125 0.70703125 0.28359375 0.21640625
2 0.678125 0.5140625 0.634375 0.2359375
2 0.7984375 0.2546875 0.39453125 0.21171875
2 0.66328125 0.12109375 0.6609375 0.19921875
2 0.61796875 0.31875 0.73046875 0.16328125
2 0.33046875 0.46015625 0.47578125 0.1203125
2 0.24609375 0.1203125 0.196875 0.15859375
2 0.35 0.61796875 0.35078125 0.1390625
2 0.396875 0.759375 0.21171875 0.15859375