2 0.78515625 0.85546875 0.146875 0.21875
2 0.5265625 0.85078125 0.1828125 0.21640625
2 0.52890625 0.615625 0.1875 0.21640625
2 0.80390625 0.61796875 0.1875 0.22109375
2 0.80078125 0.375 0.1875 0.209375
2 0.80625 0.13828125 0.1828125 0.21171875
2 0.53125 0.37109375 0.1828125 0.21640625
2 0.53125 0.1359375 0.1828125 0.209375
2 0.25390625 0.13828125 0.178125 0.21171875
2 0.25625 0.375 0.1828125 0.209375
2 0.25625 0.61796875 0.1828125 0.2234375
2 0.25625 0.85078125 0.1921875 0.21640625
3 0.4109375 0.8484375 0.0765625 0.1875
3 0.68046875 0.84609375 0.071875 0.1828125
3 0.1359375 0.8484375 0.0765625 0.1875
3 0.1359375 0.6109375 0.0765625 0.1921875
3 0.40859375 0.6109375 0.071875 0.1828125
3 0.68359375 0.6046875 0.071875 0.1875
3 0.6859375 0.36875 0.0765625 0.1875
3 0.4109375 0.37109375 0.0671875 0.1921875
3 0.1390625 0.375 0.0765625 0.1828125
3 0.1390625 0.1359375 0.0765625 0.1828125
3 0.41328125 0.1359375 0.071875 0.1921875
3 0.6828125 0.13359375 0.0671875 0.1875