2 0.1609375 0.2953125 0.165625 0.28125
2 0.225 0.790625 0.1390625 0.21640625
2 0.41328125 0.790625 0.134375 0.2046875
2 0.603125 0.75 0.1296875 0.134375
2 0.7875 0.75234375 0.1296875 0.1390625
2 0.390625 0.2953125 0.1703125 0.27890625
2 0.6203125 0.2765625 0.14921875 0.240625
2 0.85078125 0.2828125 0.14453125 0.24296875
3 0.396875 0.4703125 0.1734375 0.06953125
3 0.165625 0.4625 0.16328125 0.08671875
3 0.225 0.91328125 0.134375 0.08671875
3 0.41484375 0.92421875 0.13671875 0.0765625
3 0.60078125 0.8546875 0.13203125 0.06484375
3 0.6234375 0.428125 0.14921875 0.09140625
3 0.85234375 0.428125 0.14921875 0.06953125
3 0.78984375 0.85234375 0.134375 0.06953125