2 0.24038461562500002 0.3125 0.271634615625 0.3365384609375 0.415865384375 0.3293269234375 0.43509615312500005 0.283653846875 0.4206730765625 0.1610576921875 0.384615384375 0.1394230765625 0.2860576921875 0.134615384375 0.252403846875 0.1394230765625 0.23798076875000002 0.1634615390625 0.24038461562500002 0.3125
3 0.1322115390625 0.21875 0.1418269234375 0.302884615625 0.1706730765625 0.334134615625 0.20913461562500002 0.334134615625 0.2427884609375 0.3052884609375 0.2427884609375 0.177884615625 0.23557692343749997 0.1634615390625 0.197115384375 0.146634615625 0.1730769234375 0.1490384609375 0.1514423078125 0.165865384375 0.1322115390625 0.21875
2 0.603365384375 0.283653846875 0.622596153125 0.3269230765625 0.740384615625 0.334134615625 0.778846153125 0.32451923125 0.8028846156249999 0.2668269234375 0.7860576921875 0.1514423078125 0.747596153125 0.1322115390625 0.6322115390625 0.1298076921875 0.615384615625 0.134615384375 0.60576923125 0.153846153125 0.603365384375 0.283653846875
3 0.5 0.271634615625 0.51923076875 0.3197115390625 0.572115384375 0.3269230765625 0.61298076875 0.3052884609375 0.6105769234375 0.165865384375 0.572115384375 0.14423076875000002 0.540865384375 0.14423076875000002 0.5144230765625 0.158653846875 0.5 0.189903846875 0.5 0.271634615625
2 0.25 0.552884615625 0.2860576921875 0.5697115390625 0.3894230765625 0.5769230765625 0.415865384375 0.5697115390625 0.43509615312500005 0.5168269234375 0.43269230781249995 0.4302884609375 0.4206730765625 0.39423076875 0.3894230765625 0.377403846875 0.2668269234375 0.375 0.252403846875 0.3798076921875 0.2427884609375 0.41826923125000004 0.25 0.552884615625
3 0.1418269234375 0.5144230765625 0.165865384375 0.564903846875 0.20673076875000002 0.5697115390625 0.2427884609375 0.54326923125 0.2451923078125 0.4134615390625 0.216346153125 0.3894230765625 0.1875 0.38701923125 0.1634615390625 0.39423076875 0.14423076875000002 0.4206730765625 0.1418269234375 0.5144230765625
2 0.24038461562500002 0.7884615390625 0.25 0.810096153125 0.278846153125 0.8197115390624999 0.3269230765625 0.810096153125 0.3822115390625 0.8173076921875 0.41826923125000004 0.810096153125 0.43509615312500005 0.7860576921875 0.44230769218750005 0.752403846875 0.43990384687499995 0.6826923078125 0.427884615625 0.634615384375 0.38701923125 0.61298076875 0.2740384609375 0.61298076875 0.247596153125 0.6298076921875 0.24038461562500002 0.6634615390625 0.24038461562500002 0.7884615390625
3 0.1394230765625 0.7043269234375 0.14423076875000002 0.75 0.17548076875000002 0.8076923078125 0.21875 0.8076923078125 0.2451923078125 0.783653846875 0.247596153125 0.658653846875 0.2427884609375 0.64423076875 0.221153846875 0.6298076921875 0.177884615625 0.627403846875 0.1610576921875 0.63701923125 0.146634615625 0.66826923125 0.1394230765625 0.7043269234375
2 0.61298076875 0.5456730765625 0.6514423078125 0.564903846875 0.66826923125 0.5576923078125 0.7139423078125 0.5576923078125 0.740384615625 0.5673076921875 0.7860576921875 0.560096153125 0.8076923078125 0.5072115390625 0.8028846156249999 0.4302884609375 0.790865384375 0.3918269234375 0.7548076921875 0.3701923078125 0.6322115390625 0.365384615625 0.615384615625 0.375 0.60576923125 0.4134615390625 0.61298076875 0.5456730765625
3 0.502403846875 0.43990384687499995 0.502403846875 0.5 0.5264423078125 0.5576923078125 0.57451923125 0.5625 0.6105769234375 0.533653846875 0.6105769234375 0.40384615312500005 0.58173076875 0.384615384375 0.5480769234375 0.3822115390625 0.5240384609375 0.3894230765625 0.51201923125 0.40625 0.502403846875 0.43990384687499995
2 0.6177884609375 0.810096153125 0.76201923125 0.8125 0.7860576921875 0.8028846156249999 0.8076923078125 0.740384615625 0.7956730765625 0.6322115390625 0.783653846875 0.6177884609375 0.752403846875 0.6081730765625 0.6610576921875 0.60576923125 0.627403846875 0.6081730765625 0.6105769234375 0.627403846875 0.6177884609375 0.810096153125
3 0.53125 0.7980769234375 0.5865384609375 0.80048076875 0.61298076875 0.7740384609375 0.615384615625 0.64423076875 0.5793269234375 0.6201923078125 0.54326923125 0.6201923078125 0.51201923125 0.653846153125 0.5048076921875 0.728365384375 0.53125 0.7980769234375