2 0.86328125 0.45078125 0.165625 0.375
2 0.678125 0.6234375 0.196875 0.25703125
2 0.73203125 0.37109375 0.1203125 0.28828125
2 0.62734375 0.28828125 0.1203125 0.2984375
2 0.53515625 0.47109375 0.1828125 0.553125
2 0.459375 0.25234375 0.146875 0.26953125
2 0.30859375 0.41015625 0.178125 0.41796875
2 0.4046875 0.64453125 0.2015625 0.5484375
2 0.12734375 0.34765625 0.1390625 0.365625
2 0.17578125 0.5046875 0.2046875 0.4640625
3 0.30625 0.1578125 0.14921875 0.09609375
3 0.6296875 0.47109375 0.1296875 0.09609375
3 0.728125 0.5515625 0.134375 0.09140625
3 0.865625 0.6734375 0.16328125 0.0765625
3 0.66015625 0.7859375 0.16328125 0.0765625
3 0.17421875 0.775 0.2015625 0.09609375
3 0.30625 0.64921875 0.1734375 0.09140625
3 0.115625 0.5671875 0.146875 0.09140625
5 0.5328125 0.77890625 0.09140625 0.0625