2 0.4703125 0.21484375 0.56015625 0.3796875
2 0.43984375 0.725 0.6390625 0.490625
3 0.78515625 0.21484375 0.10078125 0.3609375
3 0.78984375 0.7296875 0.1203125 0.40859375
0 0.5765625 0.8265625 0.21640625 0.18515625
0 0.60234375 0.5953125 0.16328125 0.18984375
0 0.48828125 0.66015625 0.08671875 0.19921875
0 0.3796875 0.5953125 0.15859375 0.16796875
0 0.29453125 0.553125 0.18046875 0.125
0 0.26171875 0.7125 0.20703125 0.20703125
0 0.2875 0.865625 0.22578125 0.15859375
0 0.4375 0.89765625 0.134375 0.10546875
0 0.4328125 0.7640625 0.09609375 0.15859375
0 0.61328125 0.9234375 0.17578125 0.06484375