2 0.036057692187500004 0.16826923124999998 0.0456730765625 0.3990384609375 0.033653846875 0.622596153125 0.07211538437500001 0.6826923078125 0.11778846093749999 0.716346153125 0.1947115390625 0.7043269234375 0.23798076875000002 0.716346153125 0.447115384375 0.7235576921875 0.48076923125000004 0.6947115390625 0.51923076875 0.677884615625 0.533653846875 0.6490384609375 0.521634615625 0.44951923125000004 0.5264423078125 0.26923076875 0.5480769234375 0.216346153125 0.5384615390625 0.14423076875000002 0.53125 0.134615384375 0.36298076875 0.0793269234375 0.314903846875 0.0769230765625 0.2668269234375 0.091346153125 0.0625 0.12019230781250001 0.036057692187500004 0.16826923124999998
3 0.0769230765625 0.8221153843750001 0.11298076875 0.8485576921875 0.24038461562500002 0.86298076875 0.40384615312500005 0.86298076875 0.4855769234375 0.8509615390624999 0.509615384375 0.8365384609375001 0.51923076875 0.8197115390624999 0.51923076875 0.76923076875 0.5048076921875 0.7427884609375 0.447115384375 0.7235576921875 0.346153846875 0.7139423078125 0.11538461562499999 0.7259615390625 0.0793269234375 0.759615384375 0.0769230765625 0.8221153843750001
3 0.533653846875 0.8822115390624999 0.5456730765625 0.8990384609375001 0.66826923125 0.9230769234375 0.8197115390624999 0.92548076875 0.9326923078125 0.903846153125 0.9591346156249999 0.8822115390624999 0.9591346156249999 0.83173076875 0.94951923125 0.8052884609375001 0.903846153125 0.78125 0.8293269234375 0.76923076875 0.6009615390625 0.76923076875 0.560096153125 0.783653846875 0.540865384375 0.8052884609375001 0.533653846875 0.8822115390624999
0 0.771634615625 0.26201923125 0.73076923125 0.2572115390625 0.73076923125 0.271634615625 0.778846153125 0.346153846875 0.8341346156249999 0.4615384609375 0.8894230765625 0.540865384375 0.9014423078125 0.627403846875 0.8966346156249999 0.6394230765625 0.872596153125 0.6514423078125 0.8701923078125 0.6706730765625 0.9278846156249999 0.67548076875 0.939903846875 0.6706730765625 0.9447115390624999 0.622596153125 0.9278846156249999 0.3197115390625 0.9326923078125 0.259615384375 0.9134615390624999 0.23798076875000002 0.8581730765625 0.2259615390625 0.7980769234375 0.2451923078125 0.7956730765625 0.2980769234375 0.771634615625 0.26201923125
0 0.57451923125 0.252403846875 0.58173076875 0.2980769234375 0.6514423078125 0.4447115390625 0.6610576921875 0.4831730765625 0.7572115390625 0.646634615625 0.8125 0.646634615625 0.8173076921875 0.6610576921875 0.85576923125 0.6730769234375 0.8918269234375 0.66826923125 0.91826923125 0.63701923125 0.903846153125 0.5552884609375 0.877403846875 0.5048076921875 0.846153846875 0.47355769218750005 0.778846153125 0.34375 0.78125 0.334134615625 0.7884615390625 0.3365384609375 0.8173076921875 0.3918269234375 0.84375 0.40625 0.8605769234375 0.44230769218750005 0.88701923125 0.447115384375 0.89423076875 0.43990384687499995 0.8966346156249999 0.384615384375 0.875 0.2427884609375 0.846153846875 0.23798076875000002 0.8076923078125 0.25 0.76923076875 0.24038461562500002 0.7331730765625 0.2644230765625 0.685096153125 0.2139423078125 0.6730769234375 0.2139423078125 0.6322115390625 0.23557692343749997 0.5865384609375 0.23798076875000002 0.57451923125 0.252403846875
0 0.6201923078125 0.6081730765625 0.6490384609375 0.6105769234375 0.658653846875 0.60576923125 0.6610576921875 0.572115384375 0.6490384609375 0.45673076874999996 0.622596153125 0.377403846875 0.6009615390625 0.353365384375 0.59375 0.40144230781249995 0.6081730765625 0.584134615625 0.6201923078125 0.6081730765625
0 0.653846153125 0.6706730765625 0.646634615625 0.69951923125 0.653846153125 0.709134615625 0.6826923078125 0.7019230765625 0.6947115390625 0.721153846875 0.71875 0.73076923125 0.747596153125 0.728365384375 0.7668269234375 0.7043269234375 0.7644230765625 0.653846153125 0.7235576921875 0.5865384609375 0.709134615625 0.58173076875 0.697115384375 0.646634615625 0.6706730765625 0.653846153125 0.653846153125 0.6706730765625
0 0.82451923125 0.43509615312500005 0.8269230765625 0.3677884609375 0.8028846156249999 0.2427884609375 0.7644230765625 0.23557692343749997 0.7139423078125 0.24038461562500002 0.71875 0.26923076875 0.82451923125 0.43509615312500005
0 0.5673076921875 0.627403846875 0.584134615625 0.65625 0.6081730765625 0.658653846875 0.622596153125 0.634615384375 0.615384615625 0.5168269234375 0.603365384375 0.49519230781249995 0.591346153125 0.4927884609375 0.5793269234375 0.502403846875 0.5673076921875 0.560096153125 0.5673076921875 0.627403846875
0 0.646634615625 0.71875 0.6947115390625 0.7235576921875 0.7115384609375 0.7139423078125 0.7019230765625 0.697115384375 0.709134615625 0.5697115390625 0.6610576921875 0.46875 0.6418269234375 0.4615384609375 0.65625 0.5865384609375 0.6418269234375 0.6418269234375 0.646634615625 0.71875
0 0.5697115390625 0.7331730765625 0.73798076875 0.716346153125 0.7331730765625 0.6947115390625 0.6947115390625 0.697115384375 0.658653846875 0.685096153125 0.625 0.63701923125 0.591346153125 0.6201923078125 0.5673076921875 0.6394230765625 0.5625 0.7115384609375 0.5697115390625 0.7331730765625
0 0.778846153125 0.7451923078125 0.82451923125 0.7451923078125 0.86298076875 0.73076923125 0.8677884609375001 0.685096153125 0.8605769234375 0.6610576921875 0.8365384609375001 0.63701923125 0.8173076921875 0.634615384375 0.76923076875 0.65625 0.7668269234375 0.7331730765625 0.778846153125 0.7451923078125
0 0.5168269234375 0.6941105765625 0.5573918265625 0.7647235578125 0.53485576875 0.8037860578125 0.584435096875 0.787259615625 0.75420673125 0.7782451921875 0.9044471156249999 0.782752403125 0.9510216343750001 0.8037860578125 0.9224759609375001 0.76923076875 0.9615384609375001 0.7376802890625 0.9525240390624999 0.22536057656250003 0.9375 0.1787860578125 0.87139423125 0.16376201875000002 0.860877403125 0.1712740390625 0.7902644234375 0.1712740390625 0.63251201875 0.177283653125 0.6084735578125 0.1712740390625 0.548377403125 0.17578125 0.53485576875 0.1923076921875 0.5378605765625 0.631009615625 0.5168269234375 0.6941105765625