2 0.759375 0.16796875 0.2546875 0.2953125
2 0.8578125 0.41484375 0.2453125 0.209375
2 0.83671875 0.27265625 0.1921875 0.1921875
2 0.8921875 0.53984375 0.20703125 0.2046875
2 0.5453125 0.38203125 0.26953125 0.25
2 0.55625 0.24609375 0.24765625 0.2015625
2 0.32578125 0.20078125 0.26953125 0.3171875
2 0.2359375 0.46015625 0.240625 0.2140625
2 0.2234375 0.334375 0.240625 0.15625
2 0.12265625 0.57421875 0.22109375 0.178125
2 0.11171875 0.4515625 0.1921875 0.1875
2 0.52734375 0.63125 0.56015625 0.6109375