2 0.5796875 0.1828125 0.303125 0.2640625
2 0.209375 0.2515625 0.41796875 0.3890625
2 0.50234375 0.76328125 0.3484375 0.2984375
2 0.1859375 0.69375 0.2640625 0.1828125
3 0.5671875 0.3421875 0.26953125 0.03828125
3 0.196875 0.4703125 0.321875 0.0484375
3 0.18359375 0.80078125 0.240625 0.0484375
3 0.49765625 0.92421875 0.28828125 0.071875
0 0.58203125 0.13359375 0.28828125 0.1390625
0 0.50234375 0.68125 0.3171875 0.1109375
0 0.1859375 0.66328125 0.2359375 0.0765625
0 0.2046875 0.18125 0.39921875 0.22578125