3 0.72109375 0.80390625 0.2671875 0.3796875
3 0.93359375 0.7328125 0.125 0.521875
3 0.75703125 0.72265625 0.2359375 0.446875
3 0.5328125 0.77734375 0.21875 0.43515625
3 0.359375 0.8125 0.259375 0.365625
3 0.1078125 0.78203125 0.215625 0.4234375
3 0.33046875 0.75 0.23046875 0.490625
3 0.5953125 0.5109375 0.22578125 0.20703125
3 0.80546875 0.45703125 0.22109375 0.15390625
3 0.95703125 0.41328125 0.08203125 0.1296875
3 0.8703125 0.3296875 0.1921875 0.134375
3 0.97109375 0.2796875 0.053125 0.146875
3 0.93359375 0.1703125 0.125 0.115625
3 0.92890625 0.0796875 0.134375 0.103125
3 0.82109375 0.0328125 0.1609375 0.06484375
3 0.478125 0.24765625 0.17578125 0.178125
3 0.64921875 0.1984375 0.14453125 0.16796875
3 0.80546875 0.24140625 0.1734375 0.146875
3 0.303125 0.2390625 0.1828125 0.16328125
3 0.13125 0.2828125 0.196875 0.1421875
3 0.29921875 0.33671875 0.1828125 0.1296875
3 0.4796875 0.44375 0.1875 0.2546875
3 0.6765625 0.37734375 0.2015625 0.2015625
3 0.0734375 0.53828125 0.14453125 0.18515625
3 0.1046875 0.4703125 0.20703125 0.2984375