3 0.81953125 0.65 0.353125 0.68984375
3 0.9 0.27734375 0.18984375 0.08671875
3 0.5578125 0.57421875 0.34609375 0.72109375
3 0.271875 0.6546875 0.41796875 0.68046875
3 0.0578125 0.48203125 0.115625 0.43515625
3 0.228125 0.1578125 0.34609375 0.31484375
3 0.51171875 0.1921875 0.196875 0.08671875
3 0.91796875 0.196875 0.1296875 0.07421875
3 0.74765625 0.13828125 0.34609375 0.2765625
0 0.365625 0.9328125 0.29296875 0.125
0 0.06953125 0.9078125 0.1390625 0.17578125
0 0.0359375 0.74296875 0.071875 0.17578125