3 0.48828125 0.81875 0.31015625 0.103125
3 0.77421875 0.8109375 0.321875 0.125
3 0.73203125 0.68984375 0.40390625 0.1203125
3 0.4109375 0.696875 0.2984375 0.10078125
3 0.4109375 0.76328125 0.51171875 0.10078125
3 0.24765625 0.6390625 0.0890625 0.1203125
3 0.43515625 0.615625 0.2859375 0.0625
3 0.49765625 0.5765625 0.303125 0.10546875
3 0.79453125 0.56953125 0.29296875 0.11328125
3 0.47578125 0.453125 0.34609375 0.1203125
3 0.7921875 0.45703125 0.31015625 0.11328125
3 0.69609375 0.33984375 0.33203125 0.1203125
3 0.8890625 0.33671875 0.0890625 0.125
3 0.73828125 0.20703125 0.40390625 0.134375
3 0.3890625 0.20703125 0.31484375 0.125
3 0.1734375 0.28359375 0.2859375 0.09375
3 0.41328125 0.27265625 0.196875 0.0265625
3 0.4171875 0.3375 0.2984375 0.103125
3 0.2203125 0.41328125 0.178125 0.10546875
3 0.18515625 0.52265625 0.2859375 0.10546875