3 0.1890625 0.27890625 0.24765625 0.5578125
3 0.43984375 0.296875 0.26953125 0.59140625
3 0.7171875 0.3328125 0.32421875 0.66328125
3 0.93515625 0.0609375 0.1234375 0.121875
3 0.0953125 0.7390625 0.14921875 0.38671875
3 0.20078125 0.8421875 0.2546875 0.303125
3 0.4046875 0.94375 0.2546875 0.103125
3 0.3796875 0.71171875 0.22109375 0.3609375
3 0.5734375 0.821875 0.24296875 0.34609375
3 0.80625 0.9203125 0.29296875 0.14921875
3 0.89296875 0.81640625 0.2140625 0.36328125
3 0.9484375 0.56484375 0.0984375 0.1921875
3 0.86328125 0.51328125 0.10546875 0.29296875