3 0.834375 0.48046875 0.12734375 0.21875
3 0.85546875 0.22734375 0.16328125 0.2015625
3 0.765625 0.321875 0.15625 0.209375
3 0.68515625 0.19921875 0.14921875 0.21171875
3 0.60703125 0.36640625 0.1390625 0.28359375
3 0.66953125 0.48671875 0.1296875 0.1875
3 0.415625 0.7515625 0.1703125 0.33203125
3 0.5 0.51328125 0.14921875 0.3078125
3 0.475 0.24296875 0.14921875 0.3125
3 0.22734375 0.59609375 0.15625 0.35078125
3 0.3375 0.35 0.13203125 0.3390625
3 0.35078125 0.56640625 0.10546875 0.14921875
3 0.2015625 0.24296875 0.15625 0.36796875
3 0.13125 0.3578125 0.1109375 0.33203125
3 0.4390625 0.2078125 0.0625 0.0765625
3 0.1734375 0.3796875 0.0765625 0.0484375
3 0.1421875 0.5 0.04296875 0.0484375