3 0.6081730765625 0.10576923125 0.603365384375 0.1610576921875 0.615384615625 0.20432692343749997 0.6418269234375 0.23076923124999998 0.6730769234375 0.2451923078125 0.76201923125 0.2644230765625 0.7764423078125 0.2548076921875 0.778846153125 0.216346153125 0.752403846875 0.127403846875 0.7259615390625 0.091346153125 0.740384615625 0.07451923125 0.721153846875 0.060096153124999996 0.6826923078125 0.060096153124999996 0.6634615390625 0.08173076875 0.6201923078125 0.08653846093749999 0.6081730765625 0.10576923125
3 0.83173076875 0.310096153125 0.86298076875 0.346153846875 0.8798076921875 0.3485576921875 0.8822115390624999 0.2884615390625 0.8581730765625 0.189903846875 0.8966346156249999 0.1826923078125 0.9014423078125 0.1634615390625 0.8822115390624999 0.1490384609375 0.8389423078125 0.146634615625 0.7884615390625 0.1634615390625 0.79326923125 0.23317307656250003 0.83173076875 0.310096153125
3 0.6802884609375 0.415865384375 0.697115384375 0.478365384375 0.70673076875 0.625 0.6923076921875 0.6875 0.6826923078125 0.877403846875 0.6947115390625 0.8966346156249999 0.73076923125 0.9134615390624999 0.84375 0.91826923125 0.8846153843750001 0.9014423078125 0.8990384609375001 0.872596153125 0.9014423078125 0.377403846875 0.8485576921875 0.3125 0.7427884609375 0.3076923078125 0.697115384375 0.3173076921875 0.6826923078125 0.34375 0.6802884609375 0.415865384375
3 0.5697115390625 0.3990384609375 0.596153846875 0.47115384687499995 0.61298076875 0.4927884609375 0.6394230765625 0.5769230765625 0.658653846875 0.6706730765625 0.653846153125 0.716346153125 0.6634615390625 0.73076923125 0.6634615390625 0.7860576921875 0.685096153125 0.8076923078125 0.6923076921875 0.83173076875 0.6875 0.86298076875 0.697115384375 0.875 0.697115384375 0.8293269234375 0.7115384609375 0.7860576921875 0.7115384609375 0.5456730765625 0.6875 0.341346153125 0.7043269234375 0.3173076921875 0.76201923125 0.30048076875 0.76923076875 0.278846153125 0.7572115390625 0.2668269234375 0.7139423078125 0.259615384375 0.6730769234375 0.23798076875000002 0.61298076875 0.23557692343749997 0.5793269234375 0.247596153125 0.564903846875 0.2668269234375 0.5697115390625 0.3990384609375
3 0.49759615312500005 0.5625 0.5144230765625 0.596153846875 0.540865384375 0.6177884609375 0.646634615625 0.6610576921875 0.653846153125 0.634615384375 0.646634615625 0.44951923125000004 0.591346153125 0.44230769218750005 0.5576923078125 0.46394230781249995 0.502403846875 0.478365384375 0.49759615312500005 0.5625
3 0.49519230781249995 0.415865384375 0.5168269234375 0.46875 0.5360576921875 0.47115384687499995 0.54326923125 0.40865384687499995 0.5384615390625 0.2668269234375 0.521634615625 0.252403846875 0.459134615625 0.2451923078125 0.415865384375 0.2668269234375 0.415865384375 0.39423076875 0.49519230781249995 0.415865384375
3 0.2860576921875 0.365384615625 0.2980769234375 0.478365384375 0.3485576921875 0.4831730765625 0.3894230765625 0.40625 0.38701923125 0.278846153125 0.36298076875 0.26201923125 0.30048076875 0.2572115390625 0.26201923125 0.2764423078125 0.26201923125 0.3173076921875 0.2860576921875 0.365384615625
3 0.11778846093749999 0.40384615312500005 0.134615384375 0.5480769234375 0.1298076921875 0.6394230765625 0.11298076875 0.6923076921875 0.13701923124999998 0.685096153125 0.16826923124999998 0.689903846875 0.1730769234375 0.64423076875 0.19951923124999998 0.5793269234375 0.2451923078125 0.5264423078125 0.278846153125 0.509615384375 0.2764423078125 0.490384615625 0.30048076875 0.46394230781249995 0.2980769234375 0.3822115390625 0.2740384609375 0.33173076875 0.2548076921875 0.3125 0.1875 0.2860576921875 0.1490384609375 0.310096153125 0.12019230781250001 0.3509615390625 0.11778846093749999 0.40384615312500005
3 0.0985576921875 0.7956730765625 0.1081730765625 0.8197115390624999 0.2235576921875 0.9158653843750001 0.334134615625 0.9302884609375001 0.40144230781249995 0.9134615390624999 0.4206730765625 0.88701923125 0.41826923125000004 0.8076923078125 0.3990384609375 0.771634615625 0.39423076875 0.7235576921875 0.36298076875 0.697115384375 0.35576923125 0.6706730765625 0.28125 0.7139423078125 0.2259615390625 0.716346153125 0.17548076875000002 0.677884615625 0.1730769234375 0.653846153125 0.1610576921875 0.646634615625 0.10096153906250001 0.6802884609375 0.091346153125 0.7019230765625 0.0985576921875 0.7956730765625
3 0.4543269234375 0.7019230765625 0.4543269234375 0.8846153843750001 0.478365384375 0.903846153125 0.51201923125 0.9134615390624999 0.596153846875 0.9134615390624999 0.634615384375 0.903846153125 0.6610576921875 0.875 0.653846153125 0.665865384375 0.5889423078125 0.6298076921875 0.4855769234375 0.625 0.459134615625 0.634615384375 0.447115384375 0.6706730765625 0.4543269234375 0.7019230765625
3 0.185096153125 0.685096153125 0.2115384609375 0.7980769234375 0.24038461562500002 0.8269230765625 0.365384615625 0.8293269234375 0.40865384687499995 0.8125 0.415865384375 0.7980769234375 0.427884615625 0.7019230765625 0.3894230765625 0.533653846875 0.365384615625 0.490384615625 0.322115384375 0.48076923125000004 0.23076923124999998 0.490384615625 0.189903846875 0.596153846875 0.185096153125 0.685096153125
3 0.3509615390625 0.4831730765625 0.375 0.5048076921875 0.39423076875 0.55048076875 0.490384615625 0.5480769234375 0.5264423078125 0.46875 0.5264423078125 0.4447115390625 0.509615384375 0.415865384375 0.447115384375 0.40144230781249995 0.377403846875 0.4134615390625 0.353365384375 0.4543269234375 0.3509615390625 0.4831730765625
3 0.43509615312500005 0.6322115390625 0.44230769218750005 0.646634615625 0.45673076874999996 0.646634615625 0.4759615390625 0.63701923125 0.552884615625 0.6322115390625 0.55048076875 0.6201923078125 0.5144230765625 0.591346153125 0.4927884609375 0.54326923125 0.40384615312500005 0.54326923125 0.396634615625 0.5769230765625 0.415865384375 0.6322115390625 0.43509615312500005 0.6322115390625