3 0.13359375 0.4234375 0.15859375 0.16328125
3 0.0828125 0.29921875 0.14921875 0.16328125
3 0.06015625 0.1671875 0.1109375 0.1921875
3 0.57578125 0.11328125 0.09140625 0.18515625
3 0.44921875 0.0671875 0.08203125 0.125
3 0.43046875 0.1421875 0.10546875 0.2015625
3 0.796875 0.13671875 0.10546875 0.0765625
3 0.796875 0.26796875 0.09609375 0.09140625
3 0.796875 0.41015625 0.08203125 0.0671875
3 0.79296875 0.0609375 0.1109375 0.040625
3 0.64921875 0.71875 0.16796875 0.303125
3 0.75859375 0.80859375 0.14921875 0.25703125
3 0.5609375 0.8109375 0.071875 0.27421875
3 0.25234375 0.78828125 0.1203125 0.2359375
3 0.39453125 0.6625 0.16796875 0.2015625
3 0.3921875 0.76796875 0.10546875 0.11328125
3 0.33046875 0.9359375 0.09375 0.12265625