3 0.06953125 0.2921875 0.12734375 0.3703125
3 0.19140625 0.2171875 0.125 0.3578125
3 0.1296875 0.16015625 0.06484375 0.2328125
3 0.2359375 0.4375 0.19921875 0.521875
3 0.33203125 0.34609375 0.12734375 0.3890625
3 0.43125 0.42421875 0.16796875 0.5484375
3 0.484375 0.54453125 0.240625 0.7984375
3 0.49375 0.2078125 0.08203125 0.2015625
3 0.44453125 0.17890625 0.06015625 0.14453125
3 0.5984375 0.2515625 0.10078125 0.2640625
3 0.63828125 0.4625 0.11796875 0.521875
3 0.728125 0.28984375 0.115625 0.3265625
3 0.875 0.32109375 0.14921875 0.40390625
3 0.80078125 0.51953125 0.21640625 0.5984375