3 0.28984375 0.12734375 0.1296875 0.09609375
3 0.27890625 0.23828125 0.1203125 0.09140625
3 0.4265625 0.2015625 0.15390625 0.0765625
3 0.64765625 0.34375 0.2015625 0.28828125
3 0.59609375 0.8109375 0.40390625 0.18984375
3 0.38828125 0.82578125 0.1203125 0.09609375
3 0.5171875 0.84375 0.103125 0.06484375
3 0.41015625 0.68359375 0.1296875 0.09609375
3 0.328125 0.6765625 0.1296875 0.04296875
3 0.3140625 0.59140625 0.14921875 0.09140625
3 0.66953125 0.8078125 0.16796875 0.240625
3 0.24609375 0.33671875 0.0765625 0.084375
3 0.36640625 0.34140625 0.1296875 0.09609375
3 0.396875 0.2765625 0.115625 0.08671875
3 0.33046875 0.45078125 0.103125 0.071875
3 0.3109375 0.4046875 0.0984375 0.0671875
3 0.6859375 0.5640625 0.18046875 0.1109375
3 0.6203125 0.55078125 0.1921875 0.134375
3 0.50234375 0.44375 0.0984375 0.06484375
3 0.4234375 0.4015625 0.1921875 0.27421875
3 0.5359375 0.36875 0.1203125 0.0671875
3 0.5296875 0.296875 0.08671875 0.0671875
3 0.5359375 0.5171875 0.27421875 0.1828125
3 0.56640625 0.578125 0.09140625 0.071875
3 0.540625 0.72265625 0.1421875 0.0984375
3 0.72109375 0.71875 0.15390625 0.14921875
3 0.6390625 0.6734375 0.08671875 0.0578125
3 0.60703125 0.61640625 0.0984375 0.0625