3 0.63203125 0.55390625 0.228125 0.61796875
3 0.8109375 0.3609375 0.1296875 0.2953125
3 0.9203125 0.30546875 0.15390625 0.60546875
3 0.86875 0.65 0.2546875 0.2953125
3 0.87265625 0.87734375 0.1875 0.2359375
3 0.76796875 0.93984375 0.15390625 0.1109375
3 0.421875 0.7921875 0.5046875 0.40390625
3 0.13125 0.759375 0.21171875 0.28359375
3 0.07578125 0.8390625 0.146875 0.3125
3 0.09765625 0.45703125 0.18984375 0.33671875
3 0.353125 0.4640625 0.22109375 0.27421875
3 0.521875 0.49765625 0.12265625 0.25
3 0.3421875 0.546875 0.48046875 0.3390625
3 0.35078125 0.2234375 0.196875 0.39453125
3 0.21015625 0.415625 0.10078125 0.27421875
3 0.15 0.14921875 0.2953125 0.29296875
3 0.54921875 0.140625 0.44453125 0.2765625