3 0.52734375 0.1921875 0.553125 0.24765625
3 0.25703125 0.14453125 0.25 0.15625
3 0.4640625 0.1890625 0.66796875 0.24765625
3 0.60703125 0.40859375 0.60078125 0.2453125
3 0.40390625 0.39453125 0.20703125 0.20703125
3 0.4671875 0.60703125 0.540625 0.21171875
3 0.2046875 0.6671875 0.25703125 0.134375
3 0.415625 0.62109375 0.66796875 0.240625
3 0.34140625 0.8546875 0.26953125 0.16796875
3 0.58203125 0.8234375 0.571875 0.23828125
3 0.5296875 0.82578125 0.66796875 0.2328125
3 0.3796875 0.3765625 0.15859375 0.0671875