3 0.678125 0.7234375 0.16796875 0.52890625
3 0.4625 0.7171875 0.16328125 0.5140625
3 0.240625 0.7140625 0.16796875 0.53359375
0 0.740625 0.38671875 0.115625 0.22109375
0 0.821875 0.33046875 0.115625 0.22109375
0 0.70546875 0.2234375 0.134375 0.22109375
0 0.790625 0.446875 0.09140625 0.10078125
0 0.6078125 0.17890625 0.09140625 0.13203125
0 0.55546875 0.2453125 0.134375 0.1875
0 0.47578125 0.36796875 0.115625 0.15859375
0 0.3921875 0.2640625 0.12265625 0.178125
0 0.421875 0.30546875 0.14453125 0.1203125
0 0.48828125 0.27421875 0.03828125 0.04296875
0 0.25859375 0.33671875 0.125 0.1828125
0 0.328125 0.38359375 0.1109375 0.125
0 0.2078125 0.1671875 0.14453125 0.19453125
0 0.11640625 0.3171875 0.178125 0.2453125
0 0.1625 0.41484375 0.08671875 0.1390625