3 0.6703125 0.90625 0.134375 0.08203125
3 0.6734375 0.8140625 0.1296875 0.115625
3 0.68046875 0.6546875 0.1421875 0.19921875
3 0.6734375 0.43984375 0.16328125 0.22109375
3 0.6734375 0.17578125 0.1734375 0.3171875
3 0.5421875 0.709375 0.1421875 0.1921875
3 0.5421875 0.83984375 0.134375 0.08203125
3 0.3640625 0.77734375 0.22109375 0.15859375
3 0.31953125 0.51796875 0.25 0.1921875
3 0.52421875 0.5203125 0.1421875 0.2046875
3 0.43515625 0.31953125 0.3125 0.196875
3 0.521875 0.1390625 0.1390625 0.1734375
3 0.321875 0.1546875 0.271875 0.178125
3 0.19921875 0.3296875 0.16796875 0.1875
3 0.11328125 0.47578125 0.15390625 0.16796875
3 0.26953125 0.63359375 0.1828125 0.1296875
3 0.41328125 0.64921875 0.115625 0.10546875