3 0.2046875 0.0625 0.10546875 0.115625
3 0.2640625 0.07578125 0.09375 0.115625
3 0.2203125 0.1703125 0.084375 0.1109375
3 0.1578125 0.1625 0.1109375 0.1296875
3 0.1515625 0.26171875 0.09609375 0.115625
3 0.2359375 0.3734375 0.09609375 0.09609375
3 0.2984375 0.41953125 0.10546875 0.09375
3 0.2984375 0.51796875 0.09609375 0.084375
3 0.23828125 0.58203125 0.1109375 0.09609375
3 0.1734375 0.52890625 0.10546875 0.10546875
3 0.16015625 0.42421875 0.10546875 0.09375
3 0.18359375 0.78828125 0.146875 0.1390625
3 0.2828125 0.7359375 0.1203125 0.1390625
3 0.3609375 0.80625 0.0890625 0.1109375
3 0.275 0.86171875 0.09609375 0.134375
3 0.16015625 0.91796875 0.1515625 0.1296875
3 0.24140625 0.9625 0.12734375 0.06953125
3 0.3484375 0.92890625 0.0765625 0.115625
3 0.63359375 0.3015625 0.4328125 0.115625
3 0.54921875 0.1828125 0.2359375 0.3296875
3 0.43125 0.15390625 0.28359375 0.27890625
3 0.50859375 0.41796875 0.3078125 0.15859375
3 0.68046875 0.50859375 0.428125 0.1296875
3 0.7125 0.50703125 0.10078125 0.125
3 0.73828125 0.4578125 0.3890625 0.0890625
3 0.70703125 0.615625 0.41796875 0.1109375
3 0.4109375 0.59765625 0.09375 0.1203125
3 0.37734375 0.6515625 0.09609375 0.1296875
3 0.4 0.73046875 0.0890625 0.1203125
3 0.69609375 0.728125 0.41328125 0.115625
3 0.6703125 0.8328125 0.41796875 0.146875
3 0.6046875 0.89296875 0.428125 0.1609375