3 0.66796875 0.6984375 0.1078125 0.3171875
3 0.78984375 0.6921875 0.10078125 0.3296875
3 0.915625 0.68046875 0.1109375 0.34140625
3 0.33203125 0.8921875 0.06484375 0.16796875
3 0.24140625 0.83515625 0.0671875 0.11796875
3 0.178125 0.7921875 0.053125 0.09375
3 0.12109375 0.89765625 0.0890625 0.1921875
3 0.18984375 0.9328125 0.04296875 0.1296875
3 0.26171875 0.94609375 0.09609375 0.103125
3 0.21875 0.1609375 0.09375 0.31015625
3 0.13203125 0.2234375 0.08671875 0.1875
3 0.72265625 0.2140625 0.10078125 0.3296875
3 0.8390625 0.2390625 0.14453125 0.3296875
3 0.953125 0.2296875 0.08671875 0.31015625
2 0.625 0.1859375 0.0359375 0.25
2 0.59375 0.1859375 0.03828125 0.2234375
2 0.56953125 0.19609375 0.02890625 0.23046875
2 0.59375 0.2171875 0.01953125 0.21171875
2 0.54921875 0.22734375 0.03359375 0.1921875
2 0.47109375 0.3546875 0.04296875 0.08671875
2 0.4984375 0.27265625 0.04296875 0.08671875
2 0.475 0.18984375 0.04296875 0.09375
2 0.4984375 0.10234375 0.04296875 0.09375
2 0.4015625 0.09375 0.0484375 0.10078125