4 0.0640625 0.15625 0.1203125 0.30078125
4 0.19140625 0.1203125 0.27421875 0.23046875
4 0.10234375 0.5734375 0.196875 0.62265625
4 0.0953125 0.86875 0.1828125 0.25
4 0.2078125 0.92421875 0.25703125 0.146875
4 0.29453125 0.78359375 0.08671875 0.34375
4 0.259375 0.73828125 0.14921875 0.1421875
4 0.28515625 0.36640625 0.14921875 0.3390625
4 0.396875 0.27890625 0.1390625 0.2953125
4 0.21875 0.45078125 0.24765625 0.4328125
4 0.634375 0.0765625 0.2640625 0.1421875
4 0.47109375 0.06015625 0.0984375 0.1109375
4 0.4578125 0.259375 0.115625 0.18046875
4 0.4421875 0.11171875 0.12734375 0.15859375
4 0.76171875 0.26796875 0.178125 0.1875
4 0.8375 0.2015625 0.15625 0.26171875
4 0.9 0.04921875 0.09140625 0.08671875
4 0.80546875 0.0921875 0.0984375 0.1734375
4 0.7203125 0.4640625 0.10078125 0.1296875
4 0.7796875 0.3734375 0.0984375 0.13671875
4 0.87890625 0.21875 0.12734375 0.25
4 0.9421875 0.11171875 0.0578125 0.08203125
4 0.96171875 0.2078125 0.071875 0.103125
4 0.96484375 0.28359375 0.053125 0.0984375
4 0.9796875 0.3390625 0.03828125 0.16328125
4 0.91796875 0.45078125 0.1203125 0.30078125
4 0.9546875 0.60703125 0.084375 0.1421875
4 0.94609375 0.5359375 0.103125 0.22109375
4 0.81640625 0.65 0.22109375 0.16328125
4 0.85546875 0.80625 0.1921875 0.13671875
4 0.93984375 0.75234375 0.115625 0.20703125
4 0.93984375 0.91484375 0.115625 0.1703125
4 0.8375 0.91953125 0.18046875 0.15625
4 0.71484375 0.9484375 0.0484375 0.09140625
4 0.66015625 0.94140625 0.1421875 0.11328125
4 0.72578125 0.828125 0.0765625 0.14921875
4 0.6703125 0.7015625 0.084375 0.2359375
4 0.584375 0.56015625 0.1421875 0.2015625
4 0.58046875 0.74296875 0.134375 0.196875
4 0.51328125 0.88125 0.103125 0.2328125
4 0.41484375 0.85234375 0.15390625 0.25
4 0.44921875 0.740625 0.10546875 0.14921875
4 0.4265625 0.58203125 0.16328125 0.2015625
4 0.4796875 0.4421875 0.1109375 0.16328125
4 0.56015625 0.2875 0.15859375 0.321875
4 0.65859375 0.34140625 0.071875 0.15859375
4 0.603125 0.28359375 0.125 0.1421875
4 0.4984375 0.50234375 0.996875 0.9953125