4 0.90390625 0.43046875 0.18515625 0.46875
4 0.68359375 0.46640625 0.26953125 0.48046875
4 0.42890625 0.484375 0.2859375 0.5046875
4 0.15234375 0.5203125 0.30078125 0.540625
4 0.328125 0.203125 0.271875 0.21171875
4 0.5765625 0.20703125 0.25234375 0.22578125
4 0.80546875 0.178125 0.2359375 0.21171875
4 0.953125 0.12890625 0.08671875 0.15390625
4 0.1046875 0.19375 0.20703125 0.18046875
4 0.26328125 0.053125 0.23828125 0.10078125
4 0.4828125 0.053125 0.23046875 0.10078125
4 0.69375 0.053125 0.21875 0.10078125
4 0.89765625 0.0453125 0.19921875 0.08671875
4 0.0734375 0.0609375 0.1421875 0.11796875