4 0.046875 0.87265625 0.0890625 0.25
4 0.11171875 0.87265625 0.13671875 0.24765625
4 0.19140625 0.86875 0.08671875 0.1828125
4 0.1390625 0.9640625 0.071875 0.06484375
4 0.2046875 0.97578125 0.02890625 0.03828125
4 0.26171875 0.975 0.0671875 0.04296875
4 0.328125 0.975 0.053125 0.04296875
4 0.38203125 0.97265625 0.04296875 0.0484375
4 0.43359375 0.98671875 0.0484375 0.01953125
4 0.49765625 0.9796875 0.0765625 0.03359375
4 0.58203125 0.97109375 0.09140625 0.05078125
4 0.64453125 0.978125 0.03359375 0.0359375
4 0.28984375 0.84765625 0.0765625 0.21875
4 0.36875 0.8375 0.09140625 0.2359375
4 0.46171875 0.85546875 0.08203125 0.2359375
4 0.546875 0.8578125 0.0984375 0.21171875
4 0.6421875 0.8546875 0.13671875 0.1875
4 0.73203125 0.8578125 0.1296875 0.2015625
4 0.4109375 0.0484375 0.14453125 0.09609375
4 0.546875 0.04453125 0.13203125 0.0890625
4 0.6671875 0.040625 0.14375 0.08125
4 0.77265625 0.040625 0.1609375 0.08125
4 0.0453125 0.0953125 0.08671875 0.18984375
4 0.103125 0.09140625 0.1109375 0.1828125
4 0.171875 0.09609375 0.09140625 0.1921875
4 0.240625 0.0953125 0.08671875 0.1875
4 0.30625 0.0890625 0.0765625 0.178125
4 0.36875 0.0984375 0.071875 0.196875
4 0.43984375 0.14453125 0.08203125 0.11328125
4 0.52734375 0.13125 0.09140625 0.08671875
4 0.83046875 0.53515625 0.23046875 0.915625
4 0.67421875 0.390625 0.33203125 0.7015625
4 0.47265625 0.48203125 0.3125 0.5578125