5 0.7921875 0.890625 0.40390625 0.21171875
5 0.77265625 0.95703125 0.4421875 0.08203125
5 0.3015625 0.8859375 0.5984375 0.19453125
5 0.29921875 0.9578125 0.59375 0.0796875
5 0.3171875 0.78359375 0.60078125 0.1703125
5 0.2609375 0.0171875 0.5171875 0.03359375
5 0.7453125 0.025 0.496875 0.05
5 0.88828125 0.1390625 0.21171875 0.178125
5 0.49765625 0.22734375 0.65625 0.18515625
5 0.3859375 0.4015625 0.06015625 0.053125
5 0.3390625 0.59609375 0.0671875 0.06484375
5 0.9234375 0.7015625 0.1203125 0.0578125
5 0.02265625 0.015625 0.040625 0.03125
5 0.196875 0.16328125 0.0671875 0.0578125
5 0.3109375 0.25234375 0.08671875 0.03828125
5 0.4078125 0.1734375 0.03828125 0.053125
5 0.07109375 0.3234375 0.0765625 0.0578125
5 0.109375 0.4578125 0.0765625 0.05078125
5 0.053125 0.60546875 0.10078125 0.04296875
5 0.02265625 0.71640625 0.040625 0.053125
5 0.51328125 0.83046875 0.0671875 0.0625
5 0.803125 0.8125 0.38203125 0.18515625
5 0.734375 0.63828125 0.51953125 0.2234375
5 0.7875 0.8375 0.38203125 0.3171875
5 0.22734375 0.525 0.25703125 0.35078125
5 0.65625 0.5203125 0.678125 0.2328125
5 0.66953125 0.5921875 0.64921875 0.196875
5 0.0578125 0.62734375 0.115625 0.14921875
5 0.06640625 0.478125 0.1296875 0.303125
5 0.26328125 0.12734375 0.521875 0.1828125
5 0.14296875 0.03984375 0.28125 0.0796875
5 0.3234375 0.09765625 0.6421875 0.19453125
5 0.75703125 0.0984375 0.2453125 0.1828125
5 0.84765625 0.1390625 0.04296875 0.0625
5 0.9015625 0.28125 0.1875 0.0984375
5 0.678125 0.4046875 0.634375 0.14921875
5 0.12109375 0.30859375 0.23828125 0.13203125
5 0.49921875 0.4984375 0.9953125 0.996875