5 0.94375 0.09765625 0.1078125 0.19453125
5 0.85703125 0.4984375 0.2796875 0.996875
5 0.65859375 0.18046875 0.16796875 0.16328125
5 0.4390625 0.234375 0.134375 0.1296875
5 0.28984375 0.27265625 0.11328125 0.1109375
5 0.17421875 0.30078125 0.10078125 0.0984375
5 0.084375 0.3171875 0.071875 0.0765625
5 0.6234375 0.54296875 0.36796875 0.9015625
5 0.39765625 0.58203125 0.27421875 0.8265625
5 0.2484375 0.609375 0.20703125 0.76953125
5 0.1515625 0.6203125 0.15625 0.75
5 0.07109375 0.63671875 0.10546875 0.71640625