5 0.5421875 0.1203125 0.5359375 0.11328125
5 0.44765625 0.27265625 0.6296875 0.1203125
5 0.52421875 0.921875 0.6296875 0.125
5 0.24765625 0.921875 0.0765625 0.05078125
5 0.60078125 0.92578125 0.40390625 0.125
5 0.4734375 0.76328125 0.6734375 0.1203125
5 0.3890625 0.76484375 0.1609375 0.1203125
5 0.4703125 0.6078125 0.75 0.115625
5 0.51171875 0.6078125 0.2984375 0.1109375
5 0.13671875 0.625 0.0765625 0.053125
5 0.61328125 0.446875 0.27421875 0.1203125
5 0.50234375 0.44921875 0.61328125 0.1203125
5 0.1828125 0.2859375 0.0765625 0.053125
5 0.3046875 0.1203125 0.05 0.06015625
5 0.5296875 0.12109375 0.1296875 0.103125
5 0.50859375 0.271875 0.5046875 0.1109375