5 0.64453125 0.8859375 0.5578125 0.11328125
5 0.540625 0.80546875 0.71171875 0.1203125
5 0.61171875 0.73046875 0.6109375 0.09609375
5 0.58984375 0.6203125 0.71171875 0.1421875
5 0.36640625 0.52734375 0.3171875 0.1296875
5 0.63359375 0.51796875 0.5796875 0.11328125
5 0.62265625 0.4328125 0.6109375 0.1109375
5 0.71640625 0.35234375 0.5578125 0.1390625
5 0.61171875 0.2875 0.60078125 0.115625
5 0.61171875 0.1984375 0.59140625 0.084375
5 0.61796875 0.1109375 0.59140625 0.10546875
5 0.35234375 0.11328125 0.08203125 0.0578125
5 0.35 0.1984375 0.0765625 0.0484375
5 0.3390625 0.28984375 0.0765625 0.053125
5 0.4703125 0.33984375 0.0765625 0.0625
5 0.35234375 0.42890625 0.071875 0.0578125
5 0.3796875 0.5 0.06015625 0.053125
5 0.240625 0.525 0.053125 0.053125
5 0.3109375 0.62734375 0.1296875 0.0625
5 0.34140625 0.72265625 0.071875 0.053125
5 0.21015625 0.8015625 0.06015625 0.05546875
5 0.4015625 0.88671875 0.06015625 0.0578125