5 0.07578125 0.68984375 0.10546875 0.53828125
5 0.071875 0.453125 0.05078125 0.0765625
5 0.1765625 0.28984375 0.05078125 0.0578125
5 0.178125 0.60703125 0.115625 0.6921875
5 0.2828125 0.33203125 0.05546875 0.0578125
5 0.28359375 0.6359375 0.10546875 0.68046875
5 0.4125 0.09140625 0.06015625 0.0890625
5 0.4125 0.51171875 0.14921875 0.91796875
5 0.571875 0.07109375 0.0578125 0.071875
5 0.56484375 0.50234375 0.1515625 0.93515625
5 0.41484375 0.678125 0.1515625 0.384375
5 0.5671875 0.6921875 0.1390625 0.2359375
5 0.17890625 0.7953125 0.10546875 0.1734375
5 0.7015625 0.2609375 0.053125 0.1296875
5 0.6984375 0.5796875 0.1203125 0.76953125
5 0.69609375 0.725 0.11796875 0.28828125
5 0.8171875 0.3484375 0.0578125 0.071875
5 0.8125 0.6453125 0.115625 0.66328125
5 0.8125 0.5625 0.10546875 0.15390625
5 0.9234375 0.4703125 0.053125 0.06484375
5 0.9203125 0.7046875 0.1109375 0.53359375
5 0.91796875 0.75703125 0.1109375 0.21171875