5 0.9125 0.93359375 0.1109375 0.1203125
5 0.98203125 0.9015625 0.02890625 0.1875
5 0.9265625 0.80078125 0.125 0.16796875
5 0.93515625 0.66953125 0.125 0.125
5 0.9234375 0.63359375 0.0578125 0.0765625
5 0.96015625 0.5515625 0.071875 0.1296875
5 0.81875 0.86640625 0.16796875 0.25703125
5 0.86796875 0.959375 0.053125 0.071875
5 0.83671875 0.6859375 0.071875 0.115625
5 0.9 0.6140625 0.09140625 0.15859375
5 0.81953125 0.4421875 0.2453125 0.21875
5 0.7125 0.35546875 0.021875 0.03359375
5 0.96484375 0.42890625 0.0625 0.115625
5 0.91484375 0.28984375 0.09140625 0.15390625
5 0.975 0.2875 0.04296875 0.15859375
5 0.96015625 0.11171875 0.071875 0.2015625
5 0.796875 0.1046875 0.3578125 0.209375
5 0.7203125 0.14765625 0.40859375 0.2953125
5 0.52890625 0.046875 0.03828125 0.071875
5 0.71875 0.4234375 0.0625 0.08203125
5 0.7015625 0.45078125 0.08671875 0.14921875
5 0.6703125 0.5984375 0.0625 0.08203125
5 0.634375 0.584375 0.12734375 0.16328125
5 0.665625 0.7125 0.290625 0.18046875
5 0.5765625 0.7984375 0.18515625 0.1875
5 0.67421875 0.89921875 0.12734375 0.1921875
5 0.61796875 0.9421875 0.05078125 0.071875
5 0.64765625 0.97265625 0.08671875 0.04296875
5 0.50234375 0.83671875 0.196875 0.3171875
5 0.52421875 0.959375 0.1109375 0.071875
5 0.41953125 0.9265625 0.1203125 0.13671875
5 0.31484375 0.959375 0.10546875 0.071875
5 0.3328125 0.83671875 0.0984375 0.26171875
5 0.40859375 0.8140625 0.0484375 0.08671875
5 0.40390625 0.6828125 0.334375 0.1875
5 0.234375 0.86640625 0.10546875 0.2453125
5 0.13203125 0.9640625 0.0625 0.06015625
5 0.63203125 0.4671875 0.04296875 0.09140625
5 0.475 0.56640625 0.35078125 0.28828125
5 0.4265625 0.4671875 0.03828125 0.09140625
5 0.36796875 0.43984375 0.15390625 0.14921875
5 0.5109375 0.40390625 0.1921875 0.1296875
5 0.57421875 0.259375 0.24765625 0.16796875
5 0.625 0.1859375 0.21171875 0.196875
5 0.053125 0.9375 0.10546875 0.115625
5 0.16328125 0.86875 0.115625 0.1875
5 0.0765625 0.7234375 0.153125 0.34375
5 0.040625 0.71796875 0.08125 0.1921875
5 0.1078125 0.56171875 0.215625 0.2296875
5 0.0765625 0.37890625 0.153125 0.2890625
5 0.17421875 0.24609375 0.05078125 0.08671875
5 0.27734375 0.2015625 0.053125 0.0671875
5 0.23828125 0.1203125 0.12734375 0.240625
5 0.16015625 0.14765625 0.125 0.2953125
5 0.04921875 0.0875 0.0984375 0.1734375
5 0.003125 0.0296875 0.00625 0.059375
5 0.05546875 0.25390625 0.1109375 0.2046875
5 0.37109375 0.0359375 0.05078125 0.071875
5 0.334375 0.07109375 0.115625 0.1421875
5 0.39765625 0.16953125 0.25 0.3171875
5 0.39765625 0.32578125 0.0765625 0.103125
5 0.48203125 0.00625 0.0625 0.009375
5 0.49296875 0.02734375 0.178125 0.053125
5 0.3375 0.321875 0.071875 0.0984375
5 0.26328125 0.43984375 0.14921875 0.2359375
5 0.22578125 0.2921875 0.1109375 0.16796875
5 0.22578125 0.65625 0.14453125 0.20703125
5 0.4984375 0.49765625 0.996875 0.9953125