5 0.51796875 0.8015625 0.81484375 0.17578125
5 0.884375 0.7984375 0.08203125 0.08671875
5 0.88671875 0.59140625 0.07421875 0.09609375
5 0.51171875 0.5953125 0.82421875 0.1828125
5 0.51171875 0.384375 0.82421875 0.18984375
5 0.53984375 0.384375 0.18046875 0.1734375
5 0.55078125 0.5953125 0.16796875 0.1734375
5 0.88671875 0.384375 0.07421875 0.08671875
5 0.3171875 0.8015625 0.17578125 0.16796875
5 0.509375 0.17421875 0.81953125 0.1828125
5 0.3375 0.1734375 0.20703125 0.178125
5 0.88203125 0.1734375 0.07421875 0.09140625