5 0.20546875 0.8765625 0.40390625 0.2359375
5 0.040625 0.6265625 0.07421875 0.28828125
5 0.16328125 0.55078125 0.2671875 0.8890625
5 0.103125 0.1828125 0.0984375 0.1390625
5 0.34140625 0.68515625 0.08671875 0.15859375
5 0.31640625 0.25859375 0.084375 0.11796875
5 0.5578125 0.109375 0.08203125 0.10078125
5 0.8171875 0.50234375 0.08671875 0.1109375
5 0.73671875 0.02421875 0.08203125 0.0484375
5 0.7171875 0.49765625 0.1921875 0.9953125
5 0.57421875 0.52421875 0.21640625 0.9421875
5 0.38359375 0.80078125 0.1734375 0.3890625
5 0.34140625 0.45703125 0.2453125 0.91328125
5 0.1828125 0.31875 0.26953125 0.63671875
5 0.03671875 0.15234375 0.0671875 0.3046875
5 0.0359375 0.3328125 0.0625 0.38203125
5 0.55703125 0.05859375 0.2421875 0.1171875
5 0.80546875 0.7234375 0.22109375 0.540625
5 0.87890625 0.4515625 0.2359375 0.903125
5 0.9171875 0.8375 0.13203125 0.3125
5 0.9421875 0.21015625 0.1109375 0.4203125
5 0.5015625 0.49765625 0.9953125 0.9953125