5 0.70703125 0.1 0.1515625 0.16328125
5 0.6625 0.12265625 0.0625 0.0765625
5 0.609375 0.11796875 0.0359375 0.0578125
5 0.65390625 0.13828125 0.125 0.134375
5 0.6546875 0.24375 0.0484375 0.053125
5 0.66015625 0.3328125 0.0484375 0.053125
5 0.609375 0.36875 0.04296875 0.053125
5 0.7046875 0.2484375 0.15390625 0.09609375
5 0.71171875 0.36875 0.134375 0.134375
5 0.6625 0.390625 0.1421875 0.10546875
5 0.48203125 0.6203125 0.5484375 0.1109375
5 0.4484375 0.709375 0.53359375 0.10078125
5 0.59140625 0.759375 0.40859375 0.134375
5 0.49140625 0.915625 0.58203125 0.1609375
5 0.33046875 0.8375 0.2984375 0.103125
5 0.225 0.625 0.03828125 0.0578125
5 0.19921875 0.6984375 0.04296875 0.0625
5 0.415625 0.7640625 0.0671875 0.0625
5 0.2046875 0.85546875 0.04296875 0.05078125
5 0.21484375 0.91953125 0.03125 0.053125