5 0.42265625 0.071875 0.8359375 0.14375
5 0.271875 0.18125 0.3125 0.1921875
5 0.14296875 0.44609375 0.27421875 0.39453125
5 0.50859375 0.18515625 0.2015625 0.1390625
5 0.17890625 0.81875 0.34609375 0.35546875
5 0.040625 0.8703125 0.071875 0.25
5 0.6109375 0.37109375 0.77421875 0.6515625
5 0.82578125 0.359375 0.34375 0.2765625
5 0.86640625 0.96015625 0.26171875 0.07421875
5 0.67421875 0.8453125 0.646875 0.30546875
5 0.453125 0.2984375 0.6109375 0.58203125
5 0.984375 0.01796875 0.0265625 0.0359375
5 0.91328125 0.03359375 0.16796875 0.0671875
5 0.50078125 0.4984375 0.9921875 0.996875