5 0.4953125 0.15390625 0.53828125 0.30078125
5 0.19140625 0.43515625 0.21640625 0.15625
5 0.6359375 0.28359375 0.58203125 0.5578125
5 0.2046875 0.25859375 0.240625 0.509375
5 0.19921875 0.571875 0.22109375 0.428125
5 0.13828125 0.80390625 0.10078125 0.146875
5 0.32421875 0.8265625 0.47578125 0.34140625
5 0.38671875 0.58515625 0.3125 0.27421875
5 0.63828125 0.875 0.43046875 0.2453125
5 0.728125 0.8234375 0.3265625 0.3484375
5 0.8734375 0.2796875 0.125 0.134375
5 0.96171875 0.3125 0.071875 0.10546875
5 0.8171875 0.55390625 0.3609375 0.44453125
5 0.9640625 0.13203125 0.0671875 0.2546875
5 0.8953125 0.8703125 0.209375 0.2546875
5 0.5359375 0.4984375 0.928125 0.996875