5 0.1203125 0.3734375 0.1875 0.47109375
5 0.23046875 0.30859375 0.0890625 0.32421875
5 0.321875 0.3109375 0.10078125 0.33671875
5 0.31953125 0.4578125 0.0625 0.0359375
5 0.2359375 0.46015625 0.04296875 0.03125
5 0.1265625 0.58671875 0.084375 0.04296875
5 0.46875 0.69375 0.09375 0.053125
5 0.3640625 0.9421875 0.10546875 0.0625
5 0.7015625 0.86171875 0.125 0.071875
5 0.853125 0.69609375 0.09609375 0.0671875
5 0.66015625 0.66953125 0.0671875 0.0484375
5 0.36171875 0.58671875 0.35078125 0.7640625
5 0.44453125 0.4375 0.28359375 0.571875
5 0.6578125 0.421875 0.15859375 0.54296875
5 0.8453125 0.43125 0.25 0.58671875
5 0.678125 0.71171875 0.271875 0.35546875