5 0.2796875 0.0921875 0.08671875 0.08671875
5 0.33984375 0.09609375 0.053125 0.071875
5 0.009375 0.1 0.01875 0.090625
5 0.19296875 0.284375 0.02890625 0.03828125
5 0.37265625 0.1265625 0.0484375 0.0765625
5 0.4125 0.1390625 0.0484375 0.09140625
5 0.39453125 0.07109375 0.0484375 0.04296875
5 0.4421875 0.084375 0.0484375 0.071875
5 0.453125 0.0328125 0.02421875 0.03359375
5 0.4640625 0.15234375 0.0625 0.053125
5 0.49375 0.0984375 0.0578125 0.0671875
5 0.61640625 0.16328125 0.18515625 0.1421875
5 0.66953125 0.1140625 0.10078125 0.16328125
5 0.61796875 0.040625 0.09609375 0.071875
5 0.578125 0.06640625 0.0578125 0.0765625
5 0.53125 0.06640625 0.05078125 0.04296875
5 0.69453125 0.02734375 0.04296875 0.04296875
5 0.76328125 0.06875 0.115625 0.12734375
5 0.8546875 0.08984375 0.10078125 0.08203125
5 0.8859375 0.02734375 0.084375 0.04296875
5 0.946875 0.06875 0.0765625 0.08203125
5 0.9796875 0.1265625 0.03359375 0.0765625
5 0.91796875 0.1828125 0.0984375 0.13671875
5 0.96171875 0.21875 0.0671875 0.1109375
5 0.9265625 0.2765625 0.0578125 0.06015625
5 0.88359375 0.2875 0.04296875 0.06015625
5 0.75859375 0.22109375 0.10546875 0.2359375
5 0.821875 0.14765625 0.0359375 0.04296875
5 0.5203125 0.5984375 0.10078125 0.21171875
5 0.5640625 0.734375 0.06484375 0.09140625
5 0.63828125 0.73203125 0.084375 0.0984375
5 0.69609375 0.740625 0.0625 0.103125
5 0.71015625 0.7234375 0.03828125 0.0484375
5 0.75234375 0.71640625 0.0578125 0.03359375
5 0.76171875 0.6421875 0.0765625 0.115625
5 0.8109375 0.71640625 0.02890625 0.053125
5 0.83984375 0.7515625 0.05078125 0.125
5 0.8859375 0.71875 0.0625 0.06015625
5 0.76328125 0.80625 0.1390625 0.14921875
5 0.6921875 0.821875 0.02421875 0.08203125
5 0.6421875 0.81953125 0.0765625 0.0984375