5 0.81953125 0.39921875 0.10546875 0.56484375
5 0.7359375 0.2765625 0.07421875 0.39453125
5 0.6625 0.1875 0.071875 0.28828125
5 0.53359375 0.15625 0.1390625 0.21640625
5 0.39296875 0.2015625 0.06484375 0.08671875
5 0.3921875 0.13828125 0.125 0.2015625
5 0.3140625 0.290625 0.09375 0.446875
5 0.2046875 0.48828125 0.15625 0.77890625
5 0.2765625 0.5890625 0.1296875 0.75
5 0.37109375 0.48203125 0.134375 0.790625
5 0.4640625 0.521875 0.03828125 0.071875
5 0.4671875 0.3375 0.084375 0.4421875
5 0.43984375 0.5984375 0.134375 0.71640625
5 0.5265625 0.53125 0.125 0.70703125
5 0.60546875 0.5578125 0.125 0.7984375
5 0.6078125 0.3125 0.08203125 0.478125
5 0.68359375 0.4390625 0.10546875 0.63203125
5 0.7640625 0.53359375 0.1390625 0.84609375