5 0.13359375 0.92578125 0.1875 0.13671875
5 0.0296875 0.88671875 0.053125 0.2140625
5 0.06484375 0.86640625 0.09140625 0.11328125
5 0.1671875 0.7296875 0.1921875 0.1734375
5 0.08046875 0.7765625 0.01953125 0.04296875
5 0.15859375 0.66328125 0.03828125 0.06484375
5 0.1359375 0.64296875 0.04296875 0.071875
5 0.0671875 0.68984375 0.10546875 0.08203125
5 0.0265625 0.71171875 0.01953125 0.02890625
5 0.15234375 0.42890625 0.0625 0.16796875
5 0.2125 0.4515625 0.0625 0.1296875
5 0.2484375 0.56875 0.05078125 0.125
5 0.25703125 0.44609375 0.0671875 0.09609375
5 0.25703125 0.3609375 0.10546875 0.10078125
5 0.2875 0.4078125 0.0484375 0.0890625
5 0.34765625 0.37265625 0.08203125 0.23046875
5 0.34765625 0.49765625 0.12734375 0.14921875
5 0.290625 0.5484375 0.03359375 0.0359375
5 0.3375 0.74140625 0.0265625 0.053125
5 0.2640625 0.94375 0.0265625 0.053125
5 0.27890625 0.98203125 0.02421875 0.02421875
5 0.303125 0.9734375 0.0625 0.04296875
5 0.38125 0.80625 0.259375 0.31484375
5 0.7046875 0.77421875 0.2640625 0.178125
5 0.6921875 0.62734375 0.20703125 0.14921875
5 0.59375 0.68515625 0.03828125 0.0484375
5 0.58984375 0.66328125 0.16328125 0.29296875
5 0.81640625 0.9046875 0.0265625 0.0484375
5 0.74296875 0.9375 0.18046875 0.11328125
5 0.81484375 0.85703125 0.02421875 0.0484375
5 0.75625 0.875 0.134375 0.09609375
5 0.69921875 0.8484375 0.1390625 0.196875
5 0.6109375 0.94609375 0.0765625 0.09609375
5 0.9328125 0.82109375 0.1296875 0.165625
5 0.90859375 0.69609375 0.178125 0.15625
5 0.86171875 0.625 0.1296875 0.16796875
5 0.765625 0.5203125 0.1390625 0.196875
5 0.6609375 0.4796875 0.06953125 0.125
5 0.615625 0.3546875 0.0265625 0.02890625
5 0.60546875 0.38671875 0.0484375 0.08203125
5 0.52265625 0.43125 0.1828125 0.1734375
5 0.4234375 0.37734375 0.06953125 0.0890625
5 0.44140625 0.4734375 0.0484375 0.0890625
5 0.453125 0.5 0.0171875 0.0359375
5 0.55078125 0.5328125 0.1109375 0.0765625
5 0.70078125 0.39296875 0.09609375 0.1203125
5 0.71484375 0.2140625 0.1875 0.22578125
5 0.63828125 0.30078125 0.03828125 0.06484375
5 0.665625 0.17578125 0.1734375 0.1734375
5 0.5921875 0.21171875 0.01953125 0.06484375
5 0.6546875 0.11328125 0.2359375 0.1203125
5 0.54296875 0.22578125 0.125 0.10546875
5 0.44140625 0.1515625 0.16796875 0.11328125
5 0.46875 0.2984375 0.1734375 0.1296875
5 0.5921875 0.3609375 0.2140625 0.10078125
5 0.88359375 0.5265625 0.10546875 0.10078125
5 0.859375 0.43984375 0.09375 0.08203125
5 0.77265625 0.38125 0.06015625 0.1203125
5 0.85546875 0.2921875 0.0671875 0.25
5 0.82421875 0.10078125 0.13671875 0.178125
5 0.8609375 0.01171875 0.06875 0.0234375
5 0.746875 0.0296875 0.096875 0.059375
5 0.9078125 0.06484375 0.04296875 0.071875
5 0.8921875 0.17890625 0.0625 0.10546875
5 0.9734375 0.19609375 0.0484375 0.1078125
5 0.9625 0.10703125 0.071875 0.2140625
5 0.9359375 0.18984375 0.01953125 0.0359375
5 0.9515625 0.07109375 0.02890625 0.08203125
5 0.94140625 0.04453125 0.04296875 0.0890625
5 0.9328125 0.2640625 0.09375 0.10078125
5 0.9390625 0.36328125 0.09140625 0.16796875
5 0.9859375 0.396875 0.02421875 0.115625
5 0.9515625 0.4375 0.0765625 0.10078125
5 0.98203125 0.54453125 0.03125 0.17578125
5 0.978125 0.60078125 0.02421875 0.0484375