5 0.88671875 0.35234375 0.115625 0.5625
5 0.890625 0.603125 0.06484375 0.06015625
5 0.80546875 0.46171875 0.1203125 0.71640625
5 0.7984375 0.78984375 0.053125 0.0484375
5 0.72265625 0.6609375 0.053125 0.0671875
5 0.62890625 0.69140625 0.0578125 0.13671875
5 0.52421875 0.77265625 0.05078125 0.0484375
5 0.50234375 0.62890625 0.05078125 0.053125
5 0.42890625 0.65234375 0.0578125 0.06015625
5 0.33984375 0.5359375 0.053125 0.0671875
5 0.2875 0.6609375 0.0578125 0.04296875
5 0.1984375 0.65 0.0484375 0.053125
5 0.1109375 0.65 0.053125 0.053125
5 0.61796875 0.4125 0.1390625 0.6921875
5 0.72578125 0.38203125 0.0984375 0.62265625
5 0.52890625 0.65234375 0.1203125 0.27890625
5 0.51328125 0.3796875 0.08203125 0.553125
5 0.42890625 0.3796875 0.1109375 0.60546875
5 0.3484375 0.31953125 0.13203125 0.49765625
5 0.28515625 0.390625 0.1203125 0.59609375
5 0.19609375 0.38828125 0.0890625 0.5796875
5 0.1140625 0.38203125 0.10546875 0.5890625