5 0.640625 0.8859375 0.6109375 0.1203125
5 0.36328125 0.8859375 0.0671875 0.05546875
5 0.3953125 0.73203125 0.1203125 0.0578125
5 0.63671875 0.7296875 0.60546875 0.1203125
5 0.634375 0.58203125 0.6203125 0.1109375
5 0.365625 0.5796875 0.08203125 0.05078125
5 0.3765625 0.43125 0.09375 0.0578125
5 0.640625 0.42890625 0.6109375 0.1109375
5 0.37109375 0.25703125 0.071875 0.05078125
5 0.634375 0.2609375 0.5984375 0.115625
5 0.37109375 0.10078125 0.09375 0.05078125
5 0.63203125 0.103125 0.615625 0.1109375