5 0.546875 0.1546875 0.69453125 0.1203125
5 0.8734375 0.15859375 0.053125 0.06015625
5 0.55859375 0.3015625 0.71640625 0.11796875
5 0.89453125 0.30546875 0.0578125 0.0578125
5 0.5765625 0.4484375 0.75234375 0.12734375
5 0.9203125 0.44921875 0.06484375 0.0625
5 0.9234375 0.59140625 0.0578125 0.0578125
5 0.88203125 0.7234375 0.1296875 0.06015625
5 0.71484375 0.8640625 0.053125 0.06484375
5 0.5765625 0.59140625 0.75234375 0.11796875
5 0.5796875 0.7234375 0.7359375 0.115625
5 0.4734375 0.8640625 0.52421875 0.125