5 0.9171875 0.93515625 0.15390625 0.084375
5 0.82109375 0.96171875 0.34609375 0.06953125
5 0.66953125 0.94921875 0.053125 0.03828125
5 0.6671875 0.953125 0.15390625 0.08671875
5 0.63125 0.85546875 0.071875 0.0484375
5 0.5765625 0.97109375 0.10546875 0.05078125
5 0.47578125 0.96484375 0.10546875 0.06484375
5 0.3609375 0.97109375 0.10078125 0.03828125
5 0.24140625 0.9578125 0.18515625 0.0765625
5 0.10703125 0.96015625 0.178125 0.07421875
5 0.11875 0.89296875 0.2015625 0.07421875
5 0.27421875 0.9046875 0.09609375 0.0625
5 0.35703125 0.91328125 0.15390625 0.0671875
5 0.43515625 0.8765625 0.1203125 0.08203125
5 0.55078125 0.9 0.125 0.09375
5 0.6671875 0.8640625 0.10546875 0.09609375
5 0.8125 0.86640625 0.22109375 0.1078125
5 0.76171875 0.91484375 0.08203125 0.04296875
5 0.9375 0.85 0.11328125 0.08671875
5 0.9734375 0.80625 0.04296875 0.06015625
5 0.86328125 0.76953125 0.26171875 0.1609375
5 0.55625 0.74296875 0.1609375 0.15390625
5 0.70546875 0.64453125 0.196875 0.23828125
5 0.68125 0.78515625 0.11328125 0.0625
5 0.4734375 0.7828125 0.26953125 0.1734375
5 0.3609375 0.7828125 0.26953125 0.240625
5 0.15234375 0.6890625 0.3046875 0.353125
5 0.11328125 0.78125 0.22578125 0.25703125
5 0.021875 0.82421875 0.04296875 0.10078125
5 0.0484375 0.52265625 0.071875 0.02890625
5 0.43515625 0.68515625 0.08203125 0.0484375
5 0.4703125 0.615625 0.08203125 0.03359375
5 0.5953125 0.6453125 0.071875 0.0484375
5 0.5765625 0.6140625 0.15390625 0.103125
5 0.56015625 0.478125 0.27421875 0.3078125
5 0.45546875 0.665625 0.14921875 0.08203125
5 0.4109375 0.74609375 0.15390625 0.146875
5 0.3953125 0.584375 0.0765625 0.04296875
5 0.4046875 0.509375 0.14453125 0.196875
5 0.44609375 0.38828125 0.178125 0.1390625
5 0.4578125 0.44375 0.08203125 0.04296875
5 0.2765625 0.5609375 0.18515625 0.20703125
5 0.18984375 0.61171875 0.2015625 0.18046875
5 0.9109375 0.08671875 0.16796875 0.16796875
5 0.9640625 0.21875 0.06015625 0.09609375
5 0.86640625 0.2765625 0.2546875 0.09140625
5 0.9671875 0.3375 0.053125 0.071875
5 0.8328125 0.3578125 0.27421875 0.08671875
5 0.9234375 0.4328125 0.14453125 0.103125
5 0.95546875 0.51796875 0.0765625 0.08671875
5 0.9515625 0.60234375 0.08203125 0.03828125
5 0.9734375 0.6234375 0.04296875 0.0578125
5 0.80390625 0.56875 0.18984375 0.1390625
5 0.8953125 0.65859375 0.196875 0.071875
5 0.8421875 0.7125 0.10078125 0.09375
5 0.8453125 0.5 0.2984375 0.16328125
5 0.67578125 0.421875 0.20703125 0.28828125
5 0.75234375 0.140625 0.4109375 0.134375
5 0.71171875 0.0734375 0.196875 0.1390625
5 0.52421875 0.13125 0.1203125 0.053125
5 0.4859375 0.05390625 0.0765625 0.053125
5 0.24375 0.2296875 0.08203125 0.04296875
5 0.08046875 0.04296875 0.0890625 0.0265625
5 0.0328125 0.0640625 0.06484375 0.03828125
5 0.1046875 0.12890625 0.10078125 0.06953125
5 0.2015625 0.31484375 0.071875 0.0484375
5 0.03828125 0.39453125 0.0765625 0.0484375
5 0.57109375 0.13125 0.18984375 0.259375
5 0.43984375 0.29921875 0.22578125 0.125
5 0.31484375 0.359375 0.1296875 0.0765625
5 0.30390625 0.421875 0.1296875 0.053125
5 0.01171875 0.48359375 0.0234375 0.0390625
5 0.17578125 0.428125 0.3265625 0.1734375
5 0.10078125 0.3296875 0.178125 0.1296875
5 0.12265625 0.27421875 0.2453125 0.12734375
5 0.14296875 0.209375 0.2859375 0.1109375
5 0.38359375 0.11875 0.303125 0.1828125
5 0.2765625 0.08671875 0.2453125 0.16796875
5 0.17578125 0.0421875 0.125 0.0765625
5 0.06640625 0.1140625 0.13203125 0.19453125
5 0.33046875 0.2828125 0.196875 0.1828125
5 0.44375 0.18359375 0.125 0.09375
5 0.49765625 0.4984375 0.9953125 0.9953125