5 0.8703125 0.63203125 0.084375 0.4421875
5 0.7828125 0.5375 0.10546875 0.66328125
5 0.6890625 0.5375 0.125 0.696875
5 0.5828125 0.62109375 0.10078125 0.47578125
5 0.47109375 0.5046875 0.209375 0.66328125
5 0.35234375 0.6453125 0.08203125 0.415625
5 0.26328125 0.50234375 0.10078125 0.6390625
5 0.1609375 0.515625 0.11796875 0.66328125
5 0.09375 0.640625 0.09140625 0.446875
5 0.87109375 0.43515625 0.04296875 0.0484375
5 0.771875 0.23828125 0.0484375 0.06484375
5 0.6984375 0.21015625 0.05546875 0.053125
5 0.58671875 0.43515625 0.04296875 0.10078125
5 0.49609375 0.21015625 0.134375 0.08671875
5 0.35546875 0.459375 0.04296875 0.053125
5 0.259375 0.21015625 0.04296875 0.06484375
5 0.16796875 0.21015625 0.053125 0.053125
5 0.08984375 0.43515625 0.0484375 0.0484375