5 0.8171875 0.88828125 0.0765625 0.115625
5 0.7484375 0.9796875 0.07421875 0.0359375
5 0.71875 0.94921875 0.0578125 0.08671875
5 0.76796875 0.91484375 0.040625 0.053125
5 0.73203125 0.88203125 0.071875 0.0578125
5 0.76328125 0.8375 0.071875 0.05546875
5 0.76796875 0.8015625 0.040625 0.0359375
5 0.8109375 0.771875 0.0484375 0.0625
5 0.83984375 0.7703125 0.01953125 0.01953125
5 0.85078125 0.74140625 0.040625 0.053125
5 0.8375 0.7171875 0.0359375 0.0484375
5 0.853125 0.69375 0.0578125 0.0265625
5 0.85078125 0.66796875 0.103125 0.0484375
5 0.91484375 0.65 0.0484375 0.0265625
5 0.9328125 0.62109375 0.08203125 0.06953125
5 0.94609375 0.5828125 0.0359375 0.053125
5 0.9390625 0.546875 0.053125 0.05078125
5 0.953125 0.49296875 0.053125 0.05078125
5 0.9328125 0.44921875 0.071875 0.08203125
5 0.9484375 0.4078125 0.09140625 0.0671875
5 0.990625 0.36875 0.0140625 0.0265625
5 0.94140625 0.353125 0.0765625 0.04296875
5 0.92578125 0.31875 0.0671875 0.0578125
5 0.8921875 0.27734375 0.08203125 0.09140625
5 0.87109375 0.2875 0.053125 0.05078125
5 0.9234375 0.2140625 0.040625 0.04296875
5 0.92578125 0.26171875 0.0578125 0.0625
5 0.95703125 0.2921875 0.0484375 0.05078125
5 0.97265625 0.31015625 0.05078125 0.0765625
5 0.98046875 0.24765625 0.03359375 0.071875
5 0.9703125 0.1671875 0.05546875 0.0890625
5 0.9703125 0.11171875 0.05546875 0.05546875
5 0.96171875 0.0421875 0.0578125 0.0765625
5 0.9046875 0.03515625 0.09609375 0.0625
5 0.884375 0.07109375 0.1203125 0.134375
5 0.88671875 0.1234375 0.09140625 0.0765625
5 0.91484375 0.17421875 0.0484375 0.053125
5 0.8109375 0.0953125 0.0765625 0.071875
5 0.7859375 0.0375 0.0671875 0.0671875
5 0.7390625 0.03125 0.0671875 0.053125
5 0.709375 0.021875 0.0359375 0.03359375
5 0.62109375 0.2125 0.1203125 0.2015625
5 0.60546875 0.115625 0.09609375 0.10078125
5 0.5609375 0.02890625 0.125 0.05078125
5 0.525 0.025 0.01953125 0.0265625
5 0.4953125 0.0328125 0.040625 0.0265625
5 0.52890625 0.08046875 0.08671875 0.125
5 0.49296875 0.009375 0.0484375 0.01171875
5 0.60078125 0.0484375 0.0765625 0.0890625
5 0.66484375 0.025 0.040625 0.04296875
5 0.71875 0.10234375 0.0765625 0.1109375
5 0.678125 0.10546875 0.0578125 0.071875
5 0.68515625 0.18515625 0.08203125 0.09140625
5 0.4390625 0.0515625 0.134375 0.09609375
5 0.37109375 0.10078125 0.16328125 0.1921875
5 0.19375 0.0671875 0.1703125 0.12734375
5 0.134375 0.1078125 0.053125 0.03828125
5 0.13671875 0.25859375 0.22109375 0.1296875
5 0.03359375 0.125 0.0578125 0.165625
5 0.0796875 0.03515625 0.14921875 0.0625
5 0.071875 0.171875 0.11328125 0.14921875
5 0.23203125 0.09609375 0.21640625 0.18515625
5 0.275 0.22265625 0.09609375 0.134375
5 0.39921875 0.20703125 0.14921875 0.071875
5 0.3609375 0.2640625 0.14453125 0.12734375
5 0.396875 0.2453125 0.0625 0.05078125
5 0.48203125 0.32109375 0.09609375 0.08671875
5 0.47109375 0.26796875 0.0765625 0.04296875
5 0.4890625 0.23828125 0.03125 0.01953125
5 0.48671875 0.20703125 0.0671875 0.04296875
5 0.46875 0.140625 0.0625 0.08203125
5 0.52265625 0.16484375 0.0765625 0.08203125
5 0.58984375 0.33515625 0.1078125 0.08671875
5 0.5953125 0.2875 0.08671875 0.05078125
5 0.53359375 0.36875 0.0484375 0.071875
5 0.52265625 0.4078125 0.1296875 0.10546875
5 0.38671875 0.34765625 0.20703125 0.06953125
5 0.23203125 0.31640625 0.08203125 0.0625
5 0.31484375 0.28984375 0.08203125 0.0625
5 0.10078125 0.328125 0.1921875 0.1078125
5 0.12109375 0.39921875 0.1203125 0.10546875
5 0.23671875 0.3953125 0.125 0.09609375
5 0.38125 0.4203125 0.18515625 0.1390625
5 0.29921875 0.45546875 0.11328125 0.053125
5 0.0921875 0.51953125 0.17578125 0.134375
5 0.1671875 0.475 0.0359375 0.03125
5 0.05625 0.4625 0.103125 0.06953125
5 0.03359375 0.44609375 0.0578125 0.03359375
5 0.02890625 0.67421875 0.0484375 0.03359375
5 0.12109375 0.56640625 0.23046875 0.25
5 0.115625 0.6203125 0.22109375 0.22109375
5 0.06953125 0.7390625 0.1296875 0.14453125
5 0.025 0.89453125 0.040625 0.03359375
5 0.08515625 0.821875 0.15859375 0.178125
5 0.03359375 0.9625 0.0578125 0.04296875
5 0.07421875 0.91015625 0.1390625 0.134375
5 0.1734375 0.93984375 0.22109375 0.09609375
5 0.1828125 0.87890625 0.08671875 0.07421875
5 0.24296875 0.8609375 0.08203125 0.06953125
5 0.35078125 0.796875 0.15390625 0.09609375
5 0.4171875 0.7546875 0.03125 0.0265625
5 0.3328125 0.84375 0.0359375 0.0359375
5 0.38671875 0.8796875 0.071875 0.1390625
5 0.31953125 0.9109375 0.071875 0.16328125
5 0.21640625 0.95546875 0.1390625 0.084375
5 0.19609375 0.7546875 0.071875 0.05078125
5 0.30390625 0.7828125 0.01953125 0.0265625
5 0.2453125 0.80546875 0.15859375 0.07421875
5 0.28828125 0.6984375 0.09140625 0.10078125
5 0.2453125 0.64453125 0.21171875 0.1703125
5 0.32421875 0.540625 0.17578125 0.1078125
5 0.5 0.49609375 0.125 0.1734375
5 0.4328125 0.515625 0.040625 0.03359375
5 0.42578125 0.5375 0.0671875 0.06953125
5 0.38125 0.5828125 0.040625 0.02421875
5 0.3734375 0.65625 0.1078125 0.115625
5 0.33984375 0.69140625 0.17578125 0.15390625
5 0.44375 0.6390625 0.09140625 0.14453125
5 0.4796875 0.5984375 0.040625 0.0484375
5 0.58984375 0.634375 0.2015625 0.14453125
5 0.6234375 0.515625 0.08203125 0.12734375
5 0.5765625 0.45546875 0.09140625 0.115625
5 0.6390625 0.384375 0.08203125 0.09609375
5 0.70078125 0.3375 0.09140625 0.0890625
5 0.703125 0.2640625 0.0765625 0.0671875
5 0.4484375 0.7640625 0.0625 0.1078125
5 0.49296875 0.7859375 0.0765625 0.1109375
5 0.46171875 0.9109375 0.15390625 0.1734375
5 0.3734375 0.9859375 0.0796875 0.02421875
5 0.56484375 0.82578125 0.14921875 0.09140625
5 0.634375 0.7953125 0.01953125 0.02421875
5 0.515625 0.8796875 0.09140625 0.06953125
5 0.603125 0.9078125 0.071875 0.146875
5 0.5671875 0.9859375 0.04296875 0.02421875
5 0.54453125 0.9484375 0.06953125 0.0984375
5 0.6359375 0.9671875 0.07421875 0.06015625
5 0.66484375 0.884375 0.053125 0.115625
5 0.6828125 0.78984375 0.0671875 0.15859375
5 0.5828125 0.7484375 0.134375 0.125
5 0.69140625 0.953125 0.053125 0.09140625
5 0.93125 0.73203125 0.13203125 0.13671875
5 0.6828125 0.7875 0.0671875 0.15390625
5 0.75 0.74140625 0.08671875 0.1296875
5 0.709375 0.74140625 0.0359375 0.02421875
5 0.725 0.69375 0.0578125 0.1109375
5 0.75234375 0.6078125 0.09140625 0.0671875
5 0.775 0.65390625 0.0484375 0.04296875
5 0.8328125 0.58515625 0.08671875 0.12734375
5 0.8765625 0.62109375 0.03125 0.03125
5 0.88125 0.58671875 0.03125 0.03125
5 0.8921875 0.5671875 0.053125 0.02421875
5 0.8921875 0.5375 0.03125 0.03125
5 0.91015625 0.4671875 0.1078125 0.1078125
5 0.853125 0.4578125 0.0671875 0.05078125
5 0.8421875 0.41484375 0.09609375 0.0578125
5 0.8609375 0.36875 0.071875 0.05078125
5 0.8328125 0.30546875 0.0671875 0.08671875
5 0.79921875 0.24140625 0.053125 0.0578125
5 0.8453125 0.18359375 0.09140625 0.08203125
5 0.77265625 0.1890625 0.09140625 0.053125
5 0.78359375 0.14921875 0.03125 0.0265625
5 0.77265625 0.2859375 0.053125 0.08671875
5 0.78359375 0.36640625 0.134375 0.1078125
5 0.7390625 0.3921875 0.0765625 0.0578125
5 0.709375 0.49296875 0.09609375 0.0890625
5 0.74765625 0.44609375 0.0625 0.05078125
5 0.70078125 0.4234375 0.071875 0.071875
5 0.75 0.490625 0.0578125 0.06953125
5 0.79921875 0.47734375 0.040625 0.0671875
5 0.8171875 0.53828125 0.0578125 0.12734375
5 0.75234375 0.55390625 0.071875 0.05078125
5 0.6890625 0.5609375 0.0671875 0.0671875
5 0.43515625 0.5 0.865625 0.9953125
5 0.90859375 0.33515625 0.178125 0.665625