5 0.18046875 0.7078125 0.27421875 0.55546875
5 0.41796875 0.74296875 0.15859375 0.45703125
5 0.415625 0.546875 0.08671875 0.06484375
5 0.1828125 0.44453125 0.05546875 0.02890625
5 0.5921875 0.765625 0.15390625 0.40390625
5 0.5875 0.5921875 0.08671875 0.05546875
5 0.73203125 0.7796875 0.115625 0.384375
5 0.734375 0.609375 0.0765625 0.04296875
5 0.884375 0.79453125 0.15390625 0.34609375
5 0.884375 0.65234375 0.08671875 0.06484375
5 0.10703125 0.18046875 0.0765625 0.30546875
5 0.109375 0.04453125 0.03828125 0.03359375
5 0.19375 0.17578125 0.0765625 0.30546875
5 0.19453125 0.04453125 0.03828125 0.03359375
5 0.28359375 0.04453125 0.04296875 0.03359375
5 0.28125 0.178125 0.071875 0.30078125
5 0.36875 0.18046875 0.0765625 0.30546875
5 0.36875 0.046875 0.03359375 0.03828125
5 0.5171875 0.259375 0.0984375 0.3890625
5 0.5171875 0.08046875 0.02890625 0.03359375
5 0.6390625 0.26171875 0.103125 0.39453125
5 0.6421875 0.08046875 0.03828125 0.04296875
5 0.765625 0.26171875 0.0984375 0.39453125
5 0.76796875 0.08046875 0.03359375 0.03359375
5 0.896875 0.24296875 0.103125 0.43046875
5 0.896875 0.0421875 0.03359375 0.02890625