5 0.3734375 0.87890625 0.5625 0.14921875
5 0.2875 0.7546875 0.4421875 0.1390625
5 0.26953125 0.615625 0.46171875 0.14921875
5 0.25 0.4890625 0.4421875 0.14453125
5 0.2296875 0.36796875 0.45703125 0.1390625
5 0.87109375 0.66328125 0.14453125 0.103125
5 0.8125 0.90859375 0.20703125 0.17578125
5 0.16796875 0.88671875 0.1390625 0.08203125
5 0.13828125 0.74296875 0.14453125 0.071875
5 0.109375 0.6109375 0.134375 0.08203125
5 0.09375 0.4890625 0.1296875 0.0765625
5 0.06484375 0.36171875 0.1203125 0.0671875
5 0.58671875 0.7453125 0.53828125 0.1703125
5 0.703125 0.52265625 0.396875 0.2546875
5 0.84140625 0.45546875 0.1296875 0.1203125
5 0.796875 0.30859375 0.134375 0.10546875
5 0.740625 0.1828125 0.125 0.1203125
5 0.6984375 0.0640625 0.115625 0.1203125
5 0.66796875 0.41484375 0.384375 0.31953125
5 0.6359375 0.3015625 0.33671875 0.3484375
5 0.5890625 0.16015625 0.33671875 0.31953125