0 0.4796875 0.96171875 0.1734375 0.0671875
0 0.453125 0.90390625 0.22109375 0.18046875
0 0.47265625 0.86875 0.2015625 0.08671875
0 0.3640625 0.8609375 0.13203125 0.2234375
0 0.27734375 0.9265625 0.11328125 0.13671875
0 0.18125 0.92890625 0.08203125 0.1296875
0 0.084375 0.9015625 0.125 0.1875
0 0.10703125 0.86875 0.06953125 0.08671875
0 0.1625 0.83671875 0.11328125 0.16328125
0 0.1390625 0.75390625 0.14921875 0.1109375
0 0.0578125 0.759375 0.08203125 0.1109375
0 0.053125 0.6859375 0.084375 0.146875
0 0.0359375 0.56015625 0.06484375 0.125
0 0.1734375 0.5515625 0.20703125 0.3078125
0 0.259375 0.73203125 0.09140625 0.1109375
0 0.37890625 0.65625 0.18984375 0.4375
0 0.46484375 0.7875 0.15390625 0.15390625
0 0.49375 0.6828125 0.0359375 0.0671875
0 0.46171875 0.64453125 0.14453125 0.23046875
0 0.5609375 0.66328125 0.053125 0.103125
0 0.58046875 0.56015625 0.03828125 0.06015625
0 0.49609375 0.52421875 0.03359375 0.0671875
0 0.3859375 0.3328125 0.15390625 0.27421875
0 0.3234375 0.45703125 0.16796875 0.2453125
0 0.29453125 0.6140625 0.071875 0.13671875
0 0.0671875 0.3171875 0.12734375 0.3609375
0 0.11640625 0.0828125 0.09375 0.1609375
0 0.1875 0.0265625 0.08671875 0.0484375
0 0.34765625 0.05625 0.2671875 0.1078125
0 0.4265625 0.0875 0.0625 0.08671875
0 0.47578125 0.0921875 0.0578125 0.1421875
0 0.58203125 0.2015625 0.06484375 0.0765625
0 0.6109375 0.37109375 0.06484375 0.1109375
0 0.5453125 0.4375 0.08671875 0.1203125
0 0.49296875 0.33671875 0.15625 0.09140625
0 0.43984375 0.19140625 0.21875 0.20703125
0 0.31640625 0.16328125 0.0359375 0.0671875
0 0.28125 0.13359375 0.03359375 0.0484375
0 0.265625 0.10703125 0.021875 0.02890625
0 0.16015625 0.13125 0.04296875 0.0671875
0 0.12890625 0.1671875 0.040625 0.071875
0 0.11328125 0.2234375 0.0359375 0.053125
0 0.125 0.2921875 0.040625 0.0484375
0 0.1140625 0.34375 0.03828125 0.053125
0 0.1515625 0.328125 0.03359375 0.0671875
0 0.14453125 0.24296875 0.03828125 0.06015625
0 0.16328125 0.2046875 0.04296875 0.06015625
0 0.2015625 0.1390625 0.03359375 0.071875
0 0.2296875 0.15234375 0.04296875 0.0671875
0 0.20703125 0.2078125 0.04296875 0.0671875
0 0.27265625 0.2125 0.0359375 0.053125
0 0.30078125 0.2484375 0.01953125 0.06015625
0 0.24375 0.2515625 0.04296875 0.0671875
0 0.22265625 0.2765625 0.04296875 0.06015625
0 0.178125 0.2875 0.04296875 0.06015625
0 0.178125 0.34375 0.02890625 0.04296875
0 0.2125 0.328125 0.03828125 0.05546875
