0 0.2765625 0.31953125 0.37265625 0.3890625
0 0.49296875 0.12265625 0.11328125 0.125
0 0.0921875 0.546875 0.11328125 0.1515625
0 0.1734375 0.8390625 0.02421875 0.03828125
0 0.1359375 0.84140625 0.03359375 0.03359375
0 0.11328125 0.8140625 0.021875 0.03359375
0 0.1453125 0.80078125 0.04296875 0.03828125
0 0.15859375 0.76171875 0.053125 0.03828125
0 0.11640625 0.7484375 0.02890625 0.053125
0 0.165625 0.71640625 0.0484375 0.04296875
0 0.12734375 0.69375 0.0359375 0.0671875
0 0.1625 0.66953125 0.0484375 0.0484375
0 0.21875 0.67421875 0.0140625 0.03828125
0 0.19609375 0.66328125 0.02890625 0.02890625
0 0.23046875 0.64453125 0.01953125 0.04296875
0 0.203125 0.5984375 0.0140625 0.0484375
0 0.178125 0.5984375 0.021875 0.0484375
0 0.234375 0.5921875 0.02421875 0.0484375
0 0.2484375 0.5515625 0.03359375 0.04296875
0 0.21015625 0.55390625 0.02890625 0.03828125
0 0.18515625 0.56015625 0.02890625 0.06015625
0 0.19453125 0.50859375 0.02421875 0.053125
0 0.21875 0.50234375 0.02890625 0.0671875
0 0.25234375 0.49375 0.03828125 0.0484375
0 0.28359375 0.49140625 0.0359375 0.053125
0 0.3078125 0.6421875 0.1203125 0.18046875
0 0.24375 0.7296875 0.02890625 0.06015625
0 0.2296875 0.7875 0.0359375 0.08671875
0 0.26953125 0.78125 0.0359375 0.0671875
0 0.28359375 0.85 0.0578125 0.09140625
0 0.33984375 0.8140625 0.0625 0.0765625
0 0.36171875 0.740625 0.053125 0.071875
0 0.3109375 0.76796875 0.0484375 0.06015625
0 0.38359375 0.678125 0.0765625 0.1109375
0 0.36796875 0.4890625 0.125 0.15859375
0 0.51796875 0.2921875 0.11328125 0.1921875
0 0.54921875 0.16328125 0.09609375 0.08671875
0 0.61796875 0.13359375 0.07421875 0.103125
0 0.63125 0.2921875 0.12734375 0.21171875
0 0.74375 0.2296875 0.10546875 0.15390625
0 0.8375 0.1390625 0.0984375 0.15859375
0 0.82578125 0.31953125 0.09609375 0.13671875
0 0.740625 0.38203125 0.084375 0.15390625
0 0.78125 0.46171875 0.071875 0.103125
0 0.865625 0.415625 0.08203125 0.1203125
0 0.9015625 0.49140625 0.08203125 0.0984375
0 0.8109375 0.521875 0.0578125 0.08203125
0 0.5734375 0.671875 0.0984375 0.15390625
0 0.5328125 0.74296875 0.0765625 0.08671875
0 0.60546875 0.84140625 0.1203125 0.16328125
0 0.478125 0.8390625 0.14921875 0.2015625
0 0.81875 0.7765625 0.1109375 0.196875
0 0.734375 0.78359375 0.125 0.14921875
0 0.87265625 0.65625 0.08671875 0.1109375
0 0.85546875 0.584375 0.09140625 0.0890625
0 0.5921875 0.7515625 0.0359375 0.0484375
0 0.6234375 0.734375 0.02421875 0.0484375
0 0.64453125 0.740625 0.0359375 0.0484375
0 0.6734375 0.7296875 0.0359375 0.0484375
0 0.70546875 0.7515625 0.04296875 0.06015625
0 0.70703125 0.7046875 0.03828125 0.053125
0 0.7328125 0.678125 0.03828125 0.0671875
0 0.69921875 0.65859375 0.03359375 0.0484375
0 0.65859375 0.6421875 0.04296875 0.0484375
0 0.6234375 0.6671875 0.03359375 0.0671875
0 0.63125 0.62890625 0.009375 0.021875
0 0.6765625 0.59609375 0.02890625 0.0671875
0 0.63203125 0.5921875 0.05078125 0.03828125
0 0.69921875 0.58203125 0.03828125 0.06015625
0 0.71640625 0.6265625 0.02890625 0.03828125
0 0.79296875 0.671875 0.02890625 0.053125
0 0.77265625 0.6828125 0.01953125 0.053125
0 0.7796875 0.6140625 0.02421875 0.071875
0 0.8109375 0.56640625 0.05078125 0.06015625
0 0.7703125 0.56015625 0.02890625 0.05078125
0 0.81484375 0.63671875 0.0359375 0.071875
0 0.45703125 0.53828125 0.02421875 0.365625
0 0.4546875 0.5359375 0.04296875 0.39453125
0 0.4328125 0.584375 0.08671875 0.0984375
0 0.5734375 0.54296875 0.23046875 0.125
0 0.51796875 0.5625 0.0671875 0.23046875
0 0.47109375 0.74296875 0.09140625 0.1203125
0 0.609375 0.5734375 0.14921875 0.0765625
0 0.69609375 0.4640625 0.084375 0.1296875
0 0.603125 0.47578125 0.14453125 0.08671875
