0 0.446875 0.78515625 0.2546875 0.134375
0 0.23203125 0.76171875 0.28828125 0.15390625
0 0.1359375 0.85703125 0.0984375 0.11796875
0 0.1265625 0.7140625 0.10546875 0.0578125
0 0.13203125 0.6625 0.10546875 0.04296875
0 0.21640625 0.571875 0.2359375 0.1609375
0 0.3640625 0.46484375 0.2453125 0.13203125
0 0.66953125 0.353125 0.228125 0.16796875
0 0.19453125 0.41796875 0.240625 0.21875
0 0.09609375 0.2859375 0.08203125 0.14921875
0 0.20703125 0.26171875 0.178125 0.08671875
0 0.1359375 0.19453125 0.08671875 0.0671875
0 0.1734375 0.13203125 0.1609375 0.115625
0 0.14765625 0.05390625 0.0625 0.053125
0 0.3734375 0.6515625 0.1921875 0.10078125
0 0.3390625 0.59140625 0.08671875 0.04296875
0 0.45703125 0.5515625 0.22109375 0.11328125
0 0.52734375 0.46015625 0.08203125 0.04296875
0 0.56484375 0.5140625 0.08203125 0.053125
0 0.5765625 0.59140625 0.11796875 0.0765625
0 0.50390625 0.6515625 0.08203125 0.0484375
0 0.67578125 0.1203125 0.27890625 0.16328125
0 0.6828125 0.178125 0.1421875 0.053125
0 0.76171875 0.1609375 0.09140625 0.09140625
0 0.703125 0.025 0.1109375 0.03359375
0 0.82421875 0.31015625 0.09140625 0.0625
0 0.76796875 0.42890625 0.10546875 0.07421875
0 0.9015625 0.4671875 0.08671875 0.0671875
0 0.8703125 0.55625 0.07421875 0.0578125
0 0.75 0.6 0.11796875 0.08203125
0 0.76171875 0.46171875 0.365625 0.35546875
0 0.515625 0.66796875 0.10546875 0.071875
0 0.71640625 0.7234375 0.39453125 0.25703125
