0 0.625 0.72265625 0.66328125 0.54296875
0 0.27890625 0.7796875 0.2140625 0.1390625
0 0.275 0.9234375 0.14921875 0.14453125
0 0.1390625 0.975 0.16328125 0.040625
0 0.1359375 0.875 0.1875 0.16796875
0 0.078125 0.7359375 0.14453125 0.1296875
0 0.02890625 0.8546875 0.04296875 0.1109375
0 0.1609375 0.70546875 0.10546875 0.18984375
0 0.0578125 0.63203125 0.10078125 0.125
0 0.08515625 0.50703125 0.15859375 0.134375
0 0.03984375 0.37265625 0.0625 0.134375
0 0.24609375 0.54453125 0.365625 0.35078125
0 0.1921875 0.178125 0.3703125 0.35546875
0 0.45703125 0.3375 0.41328125 0.33671875
0 0.8140625 0.240625 0.3703125 0.48046875
0 0.63203125 0.1203125 0.40859375 0.240625
0 0.375 0.0625 0.25 0.125
0 0.94609375 0.83046875 0.10546875 0.28125
0 0.9265625 0.7453125 0.1421875 0.509375
