0 0.87890625 0.34423828125 0.1484375 0.1337890625
0 0.4794921875 0.39453125 0.646484375 0.4375
0 0.7109375 0.74853515625 0.1328125 0.0517578125
0 0.89453125 0.05908203125 0.2109375 0.1181640625
0 0.9326171875 0.2685546875 0.134765625 0.166015625
0 0.8603515625 0.49951171875 0.279296875 0.1865234375
0 0.69140625 0.64599609375 0.2734375 0.1943359375
0 0.978515625 0.61865234375 0.04296875 0.1318359375
0 0.76171875 0.85693359375 0.4765625 0.2841796875
0 0.162109375 0.52197265625 0.13671875 0.1337890625
0 0.81640625 0.21923828125 0.125 0.1767578125
0 0.2841796875 0.72119140625 0.205078125 0.1689453125
0 0.2001953125 0.61376953125 0.201171875 0.0673828125
0 0.6259765625 0.81640625 0.162109375 0.064453125
0 0.447265625 0.82373046875 0.140625 0.1083984375
0 0.5166015625 0.68212890625 0.177734375 0.1376953125
