0 0.7939453125 0.9248046875 0.146484375 0.130859375
0 0.9423828125 0.40869140625 0.115234375 0.1103515625
0 0.0849609375 0.10888671875 0.162109375 0.1162109375
0 0.240234375 0.05810546875 0.2109375 0.1162109375
0 0.4052734375 0.013671875 0.138671875 0.025390625
0 0.58447265625 0.02392578125 0.1689453125 0.0478515625
0 0.779296875 0.03662109375 0.15234375 0.0732421875
0 0.9638671875 0.03076171875 0.072265625 0.0615234375
0 0.654296875 0.11083984375 0.140625 0.1123046875
0 0.529296875 0.05322265625 0.13671875 0.0791015625
0 0.3955078125 0.07763671875 0.154296875 0.0927734375
0 0.943359375 0.09326171875 0.11328125 0.0810546875
0 0.828125 0.07177734375 0.171875 0.0810546875
0 0.7783203125 0.14111328125 0.173828125 0.0947265625
0 0.9365234375 0.19775390625 0.126953125 0.1220703125
0 0.8193359375 0.23046875 0.193359375 0.10546875
0 0.6181640625 0.26416015625 0.169921875 0.1259765625
0 0.576171875 0.18994140625 0.17578125 0.1142578125
0 0.498046875 0.12841796875 0.15625 0.1083984375
0 0.3916015625 0.181640625 0.185546875 0.10546875
0 0.2236328125 0.17333984375 0.146484375 0.1123046875
0 0.93798828125 0.27880859375 0.1220703125 0.0458984375
0 0.7744140625 0.29833984375 0.154296875 0.0966796875
0 0.5185546875 0.30810546875 0.173828125 0.1162109375
0 0.39111328125 0.26904296875 0.0849609375 0.0849609375
0 0.2919921875 0.275390625 0.138671875 0.109375
0 0.154296875 0.25341796875 0.14453125 0.0888671875
0 0.0751953125 0.21533203125 0.142578125 0.1103515625
0 0.0458984375 0.32177734375 0.083984375 0.1123046875
0 0.2197265625 0.35400390625 0.146484375 0.1181640625
0 0.376953125 0.35888671875 0.1484375 0.0966796875
0 0.6865234375 0.36669921875 0.142578125 0.1162109375
0 0.9140625 0.32861328125 0.1328125 0.0595703125
0 0.822265625 0.39697265625 0.1171875 0.1025390625
0 0.2802734375 0.43896484375 0.166015625 0.1123046875
0 0.435546875 0.4150390625 0.11328125 0.087890625
0 0.560546875 0.40380859375 0.140625 0.1162109375
0 0.12890625 0.47998046875 0.16796875 0.1123046875
0 0.0302734375 0.42626953125 0.056640625 0.0986328125
0 0.0498046875 0.52978515625 0.091796875 0.0986328125
0 0.08544921875 0.59912109375 0.1611328125 0.1083984375
0 0.0673828125 0.68701171875 0.126953125 0.0810546875
0 0.0849609375 0.78564453125 0.146484375 0.1142578125
0 0.0390625 0.86962890625 0.07421875 0.1259765625
0 0.1357421875 0.9501953125 0.162109375 0.099609375
0 0.2890625 0.97216796875 0.171875 0.0537109375
0 0.4833984375 0.9716796875 0.138671875 0.056640625
0 0.64453125 0.91748046875 0.2265625 0.1552734375
0 0.9130859375 0.88623046875 0.173828125 0.1357421875
0 0.97265625 0.9853515625 0.0546875 0.029296875
0 0.8662109375 0.98193359375 0.150390625 0.0341796875
0 0.91015625 0.76416015625 0.140625 0.1064453125
0 0.46484375 0.85009765625 0.15625 0.1259765625
0 0.3720703125 0.92822265625 0.166015625 0.0947265625
0 0.2109375 0.88232421875 0.17578125 0.1240234375
0 0.2802734375 0.81298828125 0.158203125 0.1220703125
0 0.18359375 0.75146484375 0.12109375 0.0849609375
0 0.61572265625 0.78759765625 0.1572265625 0.0986328125
0 0.2197265625 0.66259765625 0.154296875 0.1181640625
0 0.2158203125 0.54638671875 0.158203125 0.1005859375
0 0.3486328125 0.60888671875 0.173828125 0.1279296875
0 0.3642578125 0.48291015625 0.154296875 0.1103515625
0 0.373046875 0.728515625 0.171875 0.1015625
0 0.50537109375 0.75927734375 0.1201171875 0.0537109375
0 0.5361328125 0.67431640625 0.173828125 0.1416015625
0 0.482421875 0.53662109375 0.1640625 0.1005859375
0 0.630859375 0.48193359375 0.16015625 0.0966796875
0 0.5888671875 0.58984375 0.099609375 0.06640625
0 0.6904296875 0.68408203125 0.162109375 0.1337890625
0 0.6865234375 0.54150390625 0.134765625 0.1064453125
0 0.7412109375 0.45068359375 0.115234375 0.0458984375
0 0.75 0.59912109375 0.16796875 0.1123046875
0 0.81640625 0.48193359375 0.1328125 0.0771484375
0 0.8935546875 0.52490234375 0.154296875 0.1005859375
0 0.97412109375 0.47900390625 0.0498046875 0.0791015625
0 0.974609375 0.58154296875 0.05078125 0.1240234375
0 0.880859375 0.62744140625 0.1171875 0.0986328125
0 0.818359375 0.70263671875 0.1171875 0.0771484375
0 0.77490234375 0.80126953125 0.1337890625 0.1142578125
0 0.9541015625 0.6875 0.091796875 0.1015625
0 0.1259765625 0.35986328125 0.091796875 0.1181640625
