0 0.30859375 0.80625 0.46640625 0.1921875
0 0.69921875 0.6546875 0.43984375 0.146875
0 0.5953125 0.8890625 0.51171875 0.21640625
0 0.5875 0.98828125 0.0984375 0.01953125
0 0.88203125 0.8484375 0.22578125 0.196875
0 0.9109375 0.6703125 0.16796875 0.10546875
0 0.05546875 0.50859375 0.1109375 0.084375
0 0.0578125 0.446875 0.115625 0.0578125
0 0.25625 0.2875 0.45703125 0.19921875
0 0.6390625 0.16484375 0.52421875 0.16796875
0 0.6 0.04453125 0.1421875 0.0625
0 0.5890625 0.3640625 0.4234375 0.10546875
0 0.48203125 0.47578125 0.47578125 0.125
0 0.56640625 0.5375 0.46640625 0.21171875
