0 0.375 0.7546875 0.47578125 0.48046875
0 0.6578125 0.64453125 0.14453125 0.1875
0 0.7703125 0.42421875 0.2234375 0.31484375
0 0.8859375 0.56640625 0.08671875 0.29296875
0 0.93515625 0.58046875 0.1203125 0.32421875
0 0.91953125 0.828125 0.14453125 0.1609375
0 0.92890625 0.91953125 0.10078125 0.1515625
0 0.7984375 0.9015625 0.13671875 0.1875
0 0.69609375 0.853125 0.19921875 0.28359375
0 0.6234375 0.96484375 0.0765625 0.05078125
0 0.7796875 0.7171875 0.18046875 0.1734375
0 0.48828125 0.39453125 0.428125 0.58671875
0 0.66484375 0.22265625 0.15390625 0.1203125
0 0.55625 0.15390625 0.165625 0.15625
0 0.921875 0.0453125 0.0765625 0.06015625
0 0.55546875 0.02890625 0.1828125 0.053125
0 0.3390625 0.23046875 0.25 0.45703125
0 0.1515625 0.64453125 0.1921875 0.47109375
0 0.10078125 0.225 0.196875 0.23828125
0 0.0484375 0.3609375 0.09140625 0.240625
0 0.1359375 0.3890625 0.07421875 0.071875
