0 0.85078125 0.11640625 0.25 0.22578125
0 0.959375 0.140625 0.071875 0.2140625
0 0.65625 0.12734375 0.27890625 0.2453125
0 0.3859375 0.1546875 0.2984375 0.259375
0 0.25859375 0.18359375 0.146875 0.17578125
0 0.165625 0.36796875 0.29296875 0.29296875
0 0.44140625 0.39765625 0.303125 0.3171875
0 0.6921875 0.36796875 0.2453125 0.303125
0 0.8765625 0.4125 0.2359375 0.28828125
0 0.94140625 0.646875 0.1109375 0.27890625
0 0.7515625 0.60078125 0.27890625 0.2453125
0 0.7828125 0.84375 0.32421875 0.3078125
0 0.95078125 0.9359375 0.09375 0.12265625
0 0.959375 0.81640625 0.071875 0.115625
0 0.6984375 0.96875 0.146875 0.0578125
0 0.4953125 0.9125 0.2984375 0.1703125
0 0.4640625 0.68359375 0.321875 0.2453125
0 0.27734375 0.58203125 0.15625 0.15859375
0 0.10234375 0.6046875 0.2046875 0.2640625
0 0.26796875 0.81640625 0.3078125 0.31015625
0 0.109375 0.77734375 0.09609375 0.18515625
0 0.17890625 0.95078125 0.3296875 0.09375
