0 0.4640625 0.4109375 0.09140625 0.2046875
0 0.39453125 0.4203125 0.08671875 0.2046875
0 0.3765625 0.48203125 0.071875 0.21875
0 0.32109375 0.4515625 0.0484375 0.14921875
0 0.27265625 0.40859375 0.14453125 0.12734375
0 0.44609375 0.540625 0.053125 0.09140625
0 0.5796875 0.525 0.19921875 0.14921875
0 0.521875 0.66796875 0.21875 0.21875
0 0.2515625 0.59140625 0.12734375 0.09140625
0 0.225 0.5359375 0.08671875 0.053125
0 0.1546875 0.6 0.0671875 0.071875
0 0.19921875 0.6609375 0.08671875 0.06953125
0 0.30859375 0.6546875 0.134375 0.1109375
0 0.25703125 0.7203125 0.09140625 0.0765625
0 0.31875 0.80625 0.1390625 0.0765625
0 0.43359375 0.80390625 0.103125 0.09140625
0 0.3609375 0.88828125 0.12734375 0.08671875
0 0.484375 0.85 0.1203125 0.08203125
0 0.5359375 0.75234375 0.09140625 0.08671875
0 0.58203125 0.8296875 0.08671875 0.08671875
0 0.2484375 0.2203125 0.27890625 0.2953125
0 0.56640625 0.1984375 0.0796875 0.1875
0 0.72109375 0.22734375 0.1921875 0.1734375
0 0.71171875 0.3796875 0.0671875 0.0578125
0 0.7546875 0.3703125 0.04296875 0.0578125
0 0.7609375 0.42578125 0.04296875 0.0578125
0 0.71875 0.44140625 0.0671875 0.053125
0 0.67890625 0.44609375 0.0359375 0.053125
0 0.66953125 0.38203125 0.02890625 0.053125
0 0.703125 0.59375 0.0359375 0.03125
0 0.696875 0.6296875 0.0359375 0.040625
0 0.703125 0.665625 0.0484375 0.03125
0 0.6671875 0.665625 0.0359375 0.05078125
0 0.68515625 0.69921875 0.0484375 0.0453125
0 0.66328125 0.7453125 0.04296875 0.0453125
0 0.63359375 0.75703125 0.02890625 0.03125
0 0.803125 0.75234375 0.16328125 0.1390625
0 0.77265625 0.5640625 0.16328125 0.2359375
1 0.89921875 0.46640625 0.196875 0.4421875
1 0.16953125 0.5296875 0.23046875 0.1390625
1 0.17890625 0.7046875 0.2359375 0.209375
1 0.3578125 0.72734375 0.16796875 0.14453125
1 0.3546875 0.5515625 0.16328125 0.2046875
1 0.725 0.7015625 0.103125 0.2046875
1 0.73046875 0.57109375 0.0796875 0.0765625
1 0.6296875 0.6546875 0.1109375 0.209375
