0 0.87734375 0.38828125 0.1109375 0.18046875
0 0.89453125 0.140625 0.12265625 0.196875
0 0.0953125 0.13359375 0.10078125 0.1703125
0 0.53359375 0.8421875 0.09140625 0.14453125
0 0.3234375 0.8703125 0.08671875 0.134375
0 0.26953125 0.8109375 0.07421875 0.09140625
0 0.26328125 0.7078125 0.08671875 0.12734375
0 0.0578125 0.73671875 0.0765625 0.12265625
0 0.29296875 0.5453125 0.071875 0.1109375
0 0.365625 0.5328125 0.10546875 0.12734375
0 0.4421875 0.51328125 0.1078125 0.14453125
0 0.51953125 0.46015625 0.1203125 0.16328125
0 0.60234375 0.4015625 0.115625 0.16328125
0 0.66796875 0.3140625 0.10546875 0.14921875
0 0.709375 0.2171875 0.08203125 0.115625
0 0.4625 0.321875 0.678125 0.56953125
0 0.5578125 0.52421875 0.58671875 0.75
