0 0.67890625 0.86796875 0.06015625 0.03828125
0 0.12265625 0.96484375 0.06484375 0.03828125
0 0.03984375 0.80546875 0.07421875 0.053125
0 0.0421875 0.7515625 0.08203125 0.0578125
0 0.06015625 0.82421875 0.071875 0.02421875
0 0.36640625 0.96875 0.10078125 0.0578125
0 0.2828125 0.3265625 0.52890625 0.16796875
0 0.23203125 0.4515625 0.31015625 0.09140625
0 0.42578125 0.42578125 0.0890625 0.05078125
0 0.56015625 0.41953125 0.15390625 0.0265625
0 0.6734375 0.478125 0.0484375 0.04296875
0 0.7765625 0.50703125 0.0765625 0.0484375
0 0.8421875 0.53828125 0.0765625 0.04296875
0 0.12265625 0.56015625 0.22109375 0.11328125
0 0.3125 0.5734375 0.23046875 0.08671875
0 0.43125 0.6109375 0.1609375 0.10078125
3 0.46171875 0.4265625 0.06484375 0.08671875
