0 0.86328125 0.40625 0.22578125 0.28359375
0 0.83203125 0.10234375 0.18984375 0.1921875
0 0.8140625 0.234375 0.1109375 0.1421875
0 0.7484375 0.15234375 0.053125 0.0796875
0 0.9 0.36796875 0.1921875 0.21640625
0 0.93515625 0.2484375 0.12265625 0.09140625
0 0.93125 0.2203125 0.1296875 0.0796875
0 0.9359375 0.171875 0.1203125 0.03828125
0 0.79453125 0.29921875 0.0453125 0.0796875
0 0.9171875 0.525 0.10078125 0.146875
0 0.93359375 0.5671875 0.10546875 0.1421875
0 0.9203125 0.66328125 0.1078125 0.1203125
0 0.9 0.7484375 0.06015625 0.071875
0 0.94375 0.76328125 0.10546875 0.428125
0 0.83671875 0.60703125 0.09609375 0.1296875
0 0.83203125 0.72578125 0.1203125 0.1421875
0 0.828125 0.8453125 0.10546875 0.1203125
0 0.84765625 0.9171875 0.103125 0.1609375
0 0.68359375 0.07109375 0.125 0.1296875
0 0.50859375 0.1671875 0.0984375 0.15390625
0 0.5046875 0.05390625 0.06953125 0.09609375
0 0.65390625 0.10234375 0.13671875 0.1921875
0 0.6296875 0.1296875 0.1515625 0.25
0 0.6078125 0.1890625 0.16328125 0.2546875
0 0.615625 0.2796875 0.12265625 0.1875
0 0.6140625 0.3109375 0.1203125 0.2359375
0 0.71640625 0.3328125 0.0765625 0.16796875
0 0.74765625 0.27421875 0.06953125 0.209375
0 0.725 0.4859375 0.1296875 0.134375
0 0.728125 0.60703125 0.071875 0.1203125
0 0.775 0.57578125 0.021875 0.0453125
0 0.77890625 0.646875 0.0484375 0.09609375
0 0.71640625 0.709375 0.0625 0.10546875
0 0.7640625 0.7796875 0.06953125 0.125
0 0.75625 0.8640625 0.03828125 0.0578125
0 0.71640625 0.9421875 0.115625 0.1109375
0 0.775 0.953125 0.0453125 0.0890625
0 0.36328125 0.0734375 0.10078125 0.134375
0 0.43359375 0.09375 0.053125 0.1296875
0 0.44375 0.0625 0.06015625 0.11328125
0 0.38828125 0.21171875 0.10078125 0.17578125
0 0.41328125 0.1234375 0.0578125 0.10078125
0 0.44609375 0.30546875 0.0984375 0.16796875
0 0.49296875 0.29296875 0.08203125 0.134375
0 0.48046875 0.4328125 0.09140625 0.1296875
0 0.51953125 0.53359375 0.06953125 0.1296875
0 0.540625 0.42421875 0.02890625 0.09140625
0 0.5640625 0.3390625 0.06015625 0.146875
0 0.60703125 0.4328125 0.0578125 0.09609375
0 0.63828125 0.47734375 0.04296875 0.09609375
0 0.55390625 0.6984375 0.1109375 0.1875
0 0.60546875 0.65 0.08203125 0.134375
0 0.58671875 0.52265625 0.0625 0.1421875
0 0.6578125 0.6109375 0.0671875 0.15859375
0 0.66484375 0.76328125 0.08203125 0.146875
0 0.68984375 0.84765625 0.08671875 0.11328125
0 0.5640625 0.89765625 0.15859375 0.2015625
0 0.56875 0.9359375 0.1703125 0.12265625
0 0.52421875 0.821875 0.09609375 0.1296875
0 0.44375 0.93359375 0.084375 0.12734375
0 0.3796875 0.9390625 0.125 0.11796875
0 0.38125 0.97578125 0.06953125 0.04296875
0 0.4359375 0.51953125 0.1296875 0.22578125
0 0.41328125 0.6890625 0.1109375 0.2359375
0 0.44609375 0.765625 0.1203125 0.28828125
0 0.37109375 0.8328125 0.03359375 0.071875
0 0.31640625 0.85546875 0.1203125 0.15390625
0 0.30078125 0.94140625 0.0671875 0.05078125
0 0.2703125 0.97578125 0.11328125 0.04296875
0 0.2828125 0.9625 0.06015625 0.05078125
0 0.240625 0.92890625 0.06015625 0.0625
0 0.23671875 0.88125 0.06015625 0.0671875
0 0.24375 0.771875 0.08203125 0.16328125
0 0.30546875 0.6921875 0.0625 0.17578125
0 0.32578125 0.7484375 0.0765625 0.1203125
0 0.4015625 0.68359375 0.14453125 0.259375
0 0.28359375 0.60703125 0.0984375 0.196875
0 0.21875 0.63828125 0.08203125 0.125
0 0.16484375 0.946875 0.06953125 0.10078125
0 0.13828125 0.8703125 0.10078125 0.10078125
0 0.19140625 0.86796875 0.0453125 0.03828125
0 0.1859375 0.8078125 0.03359375 0.134375
0 0.13671875 0.76796875 0.10546875 0.21640625
0 0.33515625 0.33671875 0.14453125 0.2765625
0 0.34765625 0.50859375 0.06953125 0.10078125
0 0.16484375 0.1984375 0.16796875 0.22578125
0 0.228125 0.1296875 0.21640625 0.125
0 0.25859375 0.10703125 0.1875 0.11328125
0 0.2671875 0.07578125 0.134375 0.08671875
0 0.275 0.0375 0.071875 0.0625
0 0.25859375 0.328125 0.08203125 0.15859375
0 0.290625 0.22578125 0.0765625 0.10078125
0 0.1984375 0.3328125 0.053125 0.09140625
0 0.18984375 0.41484375 0.0625 0.10546875
0 0.24765625 0.44921875 0.09609375 0.1296875
0 0.2015625 0.52890625 0.08671875 0.1203125
0 0.171875 0.55390625 0.0578125 0.15859375
0 0.09609375 0.52890625 0.12265625 0.24296875
0 0.08671875 0.3328125 0.1515625 0.134375
0 0.09375 0.2796875 0.1875 0.2234375
0 0.03828125 0.46640625 0.0765625 0.22109375
0 0.06484375 0.70703125 0.0453125 0.11328125
0 0.1515625 0.6609375 0.1390625 0.18046875
0 0.0453125 0.6921875 0.090625 0.196875
