0 0.2078125 0.67890625 0.22578125 0.1203125
0 0.13359375 0.7015625 0.2453125 0.115625
0 0.1734375 0.759375 0.33203125 0.26953125
0 0.0328125 0.6921875 0.053125 0.1390625
0 0.12734375 0.88828125 0.2453125 0.14453125
0 0.79296875 0.74140625 0.40859375 0.2671875
0 0.7984375 0.0765625 0.2140625 0.115625
0 0.81484375 0.01171875 0.178125 0.0171875
0 0.60703125 0.046875 0.18984375 0.08671875
0 0.7296875 0.16953125 0.18515625 0.09609375
0 0.9 0.16484375 0.19453125 0.084375
0 0.7921875 0.0890625 0.3796875 0.09609375
0 0.77421875 0.36875 0.2140625 0.1109375
0 0.2234375 0.125 0.14921875 0.103125
0 0.25234375 0.23203125 0.11328125 0.084375
0 0.28828125 0.05390625 0.26953125 0.10078125
0 0.4046875 0.08046875 0.22578125 0.1390625
0 0.36875 0.19921875 0.15390625 0.1109375
0 0.0765625 0.1453125 0.1296875 0.14921875
0 0.0828125 0.0375 0.15390625 0.0671875
0 0.1390625 0.240625 0.14921875 0.08203125
2 0.7796875 0.37109375 0.2015625 0.10546875
2 0.94609375 0.2984375 0.10546875 0.12734375
2 0.95078125 0.44609375 0.09375 0.11796875
3 0.8859375 0.975 0.13671875 0.0453125
5 0.28828125 0.3171875 0.54296875 0.08203125
5 0.23203125 0.39296875 0.4515625 0.06953125
