0 0.259375 0.8015625 0.2015625 0.18515625
0 0.35546875 0.84375 0.08671875 0.08671875
0 0.4375 0.88203125 0.21875 0.14921875
0 0.46171875 0.75234375 0.2015625 0.115625
0 0.43125 0.75625 0.25 0.08671875
0 0.13671875 0.6921875 0.0765625 0.03828125
0 0.109375 0.6515625 0.04296875 0.02890625
0 0.09609375 0.60546875 0.03828125 0.03359375
0 0.084375 0.57109375 0.0484375 0.04296875
0 0.13125 0.5578125 0.04296875 0.0484375
0 0.16328125 0.58046875 0.053125 0.03828125
0 0.13671875 0.61328125 0.03359375 0.03828125
0 0.15234375 0.6515625 0.04296875 0.02890625
0 0.21015625 0.678125 0.06015625 0.03359375
0 0.21640625 0.64765625 0.071875 0.0359375
0 0.171875 0.61640625 0.03828125 0.03359375
0 0.171875 0.553125 0.03828125 0.021875
0 0.21640625 0.55625 0.03828125 0.02890625
0 0.21015625 0.5875 0.03828125 0.02421875
0 0.2515625 0.6234375 0.04296875 0.03828125
0 0.21015625 0.6140625 0.02890625 0.021875
0 0.2765625 0.65625 0.0484375 0.0484375
0 0.303125 0.62734375 0.03828125 0.03828125
0 0.31953125 0.65859375 0.03828125 0.0359375
0 0.303125 0.5921875 0.03828125 0.02890625
0 0.259375 0.578125 0.0484375 0.0359375
0 0.28984375 0.55625 0.053125 0.0359375
0 0.0796875 0.446875 0.09140625 0.0578125
0 0.17421875 0.48203125 0.0984375 0.0765625
0 0.15234375 0.4265625 0.0765625 0.0484375
0 0.19921875 0.4125 0.0484375 0.03359375
0 0.234375 0.3796875 0.08671875 0.053125
0 0.26171875 0.46875 0.0765625 0.0578125
0 0.13125 0.37109375 0.1203125 0.06484375
0 0.2046875 0.3375 0.071875 0.0578125
0 0.14765625 0.334375 0.03359375 0.021875
0 0.71015625 0.2875 0.196875 0.125
0 0.5734375 0.265625 0.16328125 0.115625
0 0.609375 0.15859375 0.18046875 0.134375
0 0.75390625 0.19921875 0.1875 0.125
0 0.38203125 0.2546875 0.1421875 0.08671875
0 0.3734375 0.3234375 0.2359375 0.05078125
0 0.478125 0.4078125 0.14921875 0.125
0 0.41015625 0.47109375 0.16328125 0.0625
0 0.30859375 0.42578125 0.1921875 0.04296875
0 0.34765625 0.3796875 0.13671875 0.0625
0 0.64453125 0.74375 0.1875 0.1203125
0 0.603125 0.8265625 0.103125 0.0484375
0 0.80859375 0.77734375 0.15390625 0.09609375
0 0.89296875 0.78515625 0.0484375 0.0359375
0 0.86640625 0.709375 0.08203125 0.0578125
0 0.78125 0.5953125 0.1109375 0.27421875
0 0.69140625 0.64453125 0.08203125 0.05078125
0 0.49375 0.6703125 0.115625 0.11328125
0 0.47265625 0.70546875 0.14921875 0.1109375
0 0.43125 0.6 0.16328125 0.08203125
0 0.4890625 0.5765625 0.08203125 0.053125
0 0.37109375 0.56015625 0.0984375 0.04296875
0 0.35 0.5328125 0.08671875 0.03828125
0 0.4078125 0.5140625 0.13671875 0.0625
0 0.5296875 0.53984375 0.1109375 0.0984375
0 0.56640625 0.490625 0.071875 0.125
0 0.6140625 0.60234375 0.06015625 0.0671875
0 0.59609375 0.6515625 0.0984375 0.08203125
0 0.7046875 0.834375 0.0671875 0.0765625
0 0.6421875 0.49609375 0.18046875 0.259375
0 0.7984375 0.5171875 0.35078125 0.115625
0 0.759375 0.45078125 0.2953125 0.1296875
0 0.65 0.3609375 0.27421875 0.06484375
0 0.7515625 0.39296875 0.26953125 0.08671875
0 0.14453125 0.22734375 0.02890625 0.0484375
0 0.17421875 0.2703125 0.03359375 0.0484375
0 0.1890625 0.259375 0.071875 0.10546875
0 0.19140625 0.2328125 0.0984375 0.1296875
0 0.234375 0.23828125 0.1296875 0.1203125
0 0.24609375 0.27265625 0.04296875 0.0578125
0 0.265625 0.2484375 0.071875 0.084375
0 0.3140625 0.26171875 0.06015625 0.021875
0 0.3109375 0.24140625 0.0765625 0.03359375
0 0.2296875 0.1765625 0.1875 0.1203125
0 0.2703125 0.1984375 0.125 0.0671875
0 0.19921875 0.14453125 0.103125 0.0671875
0 0.2765625 0.165625 0.2015625 0.1203125
0 0.28359375 0.1453125 0.21875 0.115625
0 0.3609375 0.1734375 0.0671875 0.01953125
0 0.3796875 0.19609375 0.09140625 0.021875
0 0.3390625 0.08515625 0.1875 0.0625
0 0.33046875 0.0875 0.125 0.1109375
0 0.38828125 0.13125 0.15390625 0.05078125
0 0.41796875 0.14453125 0.09140625 0.02421875
0 0.4375 0.1546875 0.0984375 0.02421875
