0 0.05546875 0.35703125 0.1109375 0.23828125
0 0.0296875 0.22890625 0.059375 0.0890625
0 0.01171875 0.45078125 0.0234375 0.1546875
0 0.07421875 0.4796875 0.08203125 0.13671875
0 0.55859375 0.1109375 0.14453125 0.22109375
0 0.68515625 0.1390625 0.1109375 0.11328125
0 0.8015625 0.21171875 0.115625 0.22109375
0 0.7515625 0.30078125 0.125 0.18515625
0 0.8265625 0.38125 0.0671875 0.14453125
0 0.73671875 0.4171875 0.09375 0.08203125
0 0.7984375 0.4171875 0.04296875 0.0484375
0 0.6453125 0.38359375 0.1109375 0.13671875
0 0.6625 0.2765625 0.08203125 0.11328125
0 0.5875 0.23203125 0.13671875 0.2140625
0 0.5734375 0.3390625 0.06015625 0.1203125
0 0.5 0.32421875 0.10078125 0.11328125
0 0.5265625 0.41328125 0.146875 0.125
0 0.42578125 0.43125 0.0578125 0.0890625
0 0.41953125 0.3546875 0.10546875 0.196875
0 0.43125 0.25625 0.103125 0.071875
0 0.44453125 0.18515625 0.09140625 0.14453125
0 0.36171875 0.22578125 0.08203125 0.1203125
0 0.3234375 0.3484375 0.09375 0.1609375
0 0.3109375 0.24140625 0.04296875 0.0765625
0 0.2765625 0.28828125 0.03828125 0.02890625
0 0.2546875 0.3328125 0.04296875 0.06015625
0 0.240625 0.3953125 0.0265625 0.06484375
0 0.2671875 0.4078125 0.03828125 0.06484375
0 0.16796875 0.38125 0.06953125 0.071875
0 0.21875 0.4015625 0.03828125 0.06484375
0 0.11640625 0.375 0.01953125 0.06015625
0 0.1515625 0.4234375 0.0625 0.071875
0 0.83046875 0.91953125 0.06015625 0.14921875
0 0.81640625 0.81875 0.08671875 0.29296875
0 0.8140625 0.5890625 0.09375 0.27421875
0 0.671875 0.8546875 0.196875 0.27890625
0 0.7546875 0.71171875 0.08203125 0.13671875
0 0.7515625 0.5765625 0.103125 0.23828125
0 0.6390625 0.58046875 0.16796875 0.2546875
0 0.646875 0.74375 0.146875 0.16796875
0 0.6765625 0.4796875 0.08203125 0.0765625
0 0.7921875 0.47578125 0.0625 0.06015625
0 0.53515625 0.56015625 0.115625 0.2140625
0 0.5203125 0.80078125 0.134375 0.29296875
0 0.5265625 0.9640625 0.134375 0.06015625
0 0.428125 0.93125 0.115625 0.125
0 0.43359375 0.7796875 0.10546875 0.23828125
0 0.446875 0.56875 0.1203125 0.2546875
0 0.3453125 0.55078125 0.09140625 0.20703125
0 0.38203125 0.69609375 0.0625 0.08203125
0 0.296875 0.7640625 0.16796875 0.27890625
0 0.2796875 0.9234375 0.1734375 0.14453125
0 0.18359375 0.9109375 0.09375 0.16796875
0 0.19921875 0.73203125 0.09375 0.2140625
0 0.0984375 0.9015625 0.1109375 0.18515625
0 0.03125 0.92578125 0.03828125 0.13671875
0 0.13828125 0.75859375 0.0625 0.18515625
0 0.24609375 0.5984375 0.1203125 0.0890625
0 0.2984375 0.49765625 0.13671875 0.125
0 0.1515625 0.63125 0.0625 0.10546875
0 0.21015625 0.49765625 0.11328125 0.14921875
0 0.12109375 0.50859375 0.06953125 0.125
0 0.05546875 0.66328125 0.1109375 0.2453125
0 0.071875 0.7359375 0.125 0.2453125
0 0.0203125 0.8890625 0.03828125 0.20703125
