0 0.3484375 0.82578125 0.2546875 0.134375
0 0.571875 0.80625 0.2765625 0.1390625
0 0.28984375 0.7390625 0.33203125 0.11328125
0 0.6421875 0.6234375 0.45703125 0.240625
0 0.296875 0.62265625 0.33203125 0.14921875
0 0.2171875 0.4984375 0.0765625 0.09140625
0 0.1546875 0.5171875 0.103125 0.084375
0 0.14765625 0.43046875 0.103125 0.084375
0 0.1859375 0.40859375 0.08203125 0.0625
0 0.36171875 0.53515625 0.31015625 0.2984375
0 0.2859375 0.27421875 0.2546875 0.3265625
0 0.46875 0.49375 0.22109375 0.146875
0 0.5484375 0.4515625 0.19921875 0.09140625
0 0.47578125 0.24765625 0.1515625 0.13203125
0 0.540625 0.37109375 0.2984375 0.115625
0 0.56875 0.21171875 0.4328125 0.2046875
0 0.85703125 0.26171875 0.28125 0.115625
0 0.571875 0.31953125 0.4421875 0.41328125
