0 0.2294921875 0.89990234375 0.154296875 0.1982421875
0 0.74609375 0.26708984375 0.359375 0.4208984375
0 0.4228515625 0.27783203125 0.349609375 0.4150390625
0 0.6767578125 0.47021484375 0.208984375 0.2138671875
0 0.3203125 0.43212890625 0.2890625 0.3056640625
0 0.06640625 0.51513671875 0.125 0.2685546875
0 0.248046875 0.65869140625 0.06640625 0.0830078125
0 0.12109375 0.63232421875 0.171875 0.2373046875
0 0.0615234375 0.72314453125 0.111328125 0.1455078125
0 0.32177734375 0.58642578125 0.3037109375 0.2392578125
0 0.294921875 0.7236328125 0.11328125 0.05078125
0 0.37548828125 0.77783203125 0.0673828125 0.1025390625
0 0.4111328125 0.8037109375 0.076171875 0.130859375
