0 0.1890625 0.72109375 0.0484375 0.0625
0 0.171875 0.78125 0.0578125 0.0578125
0 0.21640625 0.80625 0.0484375 0.0671875
0 0.22265625 0.74765625 0.0265625 0.040625
0 0.2515625 0.7453125 0.03828125 0.0578125
0 0.26171875 0.81484375 0.0484375 0.08203125
0 0.30546875 0.8015625 0.0484375 0.0578125
0 0.2921875 0.74296875 0.05078125 0.0625
0 0.27734375 0.6890625 0.03125 0.0484375
0 0.32109375 0.6890625 0.0484375 0.0578125
0 0.35 0.6546875 0.04296875 0.040625
0 0.35703125 0.70078125 0.0265625 0.040625
0 0.365625 0.6078125 0.04296875 0.040625
0 0.384375 0.6546875 0.03359375 0.053125
0 0.4109375 0.61875 0.03359375 0.03125
0 0.4265625 0.58984375 0.03359375 0.02421875
0 0.44375 0.62890625 0.0484375 0.040625
0 0.41484375 0.6546875 0.03359375 0.01953125
0 0.4625 0.59765625 0.03828125 0.040625
0 0.490625 0.5828125 0.03828125 0.03125
0 0.51953125 0.5671875 0.04296875 0.03125
0 0.51953125 0.53359375 0.0265625 0.0359375
0 0.5609375 0.53125 0.05078125 0.040625
0 0.65 0.76796875 0.0671875 0.11328125
0 0.696875 0.459375 0.03359375 0.03125
0 0.70078125 0.49296875 0.03359375 0.02421875
0 0.665625 0.5109375 0.05078125 0.053125
0 0.65 0.46640625 0.03359375 0.02421875
0 0.73828125 0.484375 0.0484375 0.0625
0 0.3921875 0.7609375 0.134375 0.14921875
0 0.39453125 0.8921875 0.1296875 0.14453125
0 0.5515625 0.94375 0.16328125 0.103125
0 0.509375 0.821875 0.178125 0.1703125
0 0.65 0.89921875 0.1109375 0.1296875
0 0.5890625 0.63671875 0.09609375 0.15859375
0 0.66484375 0.63125 0.1296875 0.15859375
0 0.75859375 0.6671875 0.0671875 0.0765625
0 0.74296875 0.765625 0.1109375 0.09609375
0 0.7125 0.81484375 0.0578125 0.040625
0 0.28359375 0.55625 0.0578125 0.040625
0 0.22265625 0.5828125 0.0671875 0.040625
0 0.34609375 0.54296875 0.05078125 0.02421875
0 0.303125 0.5796875 0.071875 0.02421875
0 0.2671875 0.6234375 0.03125 0.053125
0 0.146875 0.603125 0.053125 0.08203125
0 0.0640625 0.63671875 0.1203125 0.0671875
0 0.0640625 0.68515625 0.1203125 0.01953125
0 0.0953125 0.703125 0.1203125 0.14921875
0 0.20078125 0.64921875 0.08671875 0.08203125
0 0.23828125 0.6671875 0.05078125 0.1078125
0 0.8109375 0.69375 0.053125 0.1078125
0 0.7640625 0.5921875 0.06953125 0.08203125
0 0.7125 0.55390625 0.0671875 0.0484375
0 0.84765625 0.603125 0.09609375 0.09140625
0 0.79921875 0.5359375 0.06953125 0.040625
0 0.7640625 0.5609375 0.0625 0.08203125
0 0.4515625 0.53125 0.0625 0.0625
0 0.4484375 0.55859375 0.0625 0.0359375
0 0.4078125 0.48671875 0.0890625 0.08671875
0 0.39453125 0.52265625 0.053125 0.0359375
0 0.3890625 0.5515625 0.03125 0.040625
0 0.475 0.48671875 0.0765625 0.0359375
0 0.34375 0.49296875 0.0484375 0.0578125
0 0.31875 0.4953125 0.04296875 0.040625
0 0.2671875 0.5 0.03125 0.03125
0 0.2546875 0.50703125 0.03828125 0.0484375
0 0.2390625 0.5203125 0.03828125 0.053125
0 0.2125 0.5203125 0.03125 0.040625
0 0.18359375 0.525 0.0265625 0.03125
0 0.20078125 0.55625 0.10078125 0.03125
0 0.0953125 0.50703125 0.05078125 0.1078125
0 0.0734375 0.5359375 0.0484375 0.053125
0 0.0890625 0.44140625 0.0625 0.0484375
0 0.03828125 0.4078125 0.06953125 0.053125
0 0.02890625 0.37890625 0.04296875 0.0359375
0 0.0328125 0.50703125 0.0578125 0.1203125
0 0.7703125 0.428125 0.0890625 0.11328125
0 0.6984375 0.3921875 0.09140625 0.103125
0 0.93984375 0.58515625 0.0578125 0.0484375
0 0.9078125 0.53828125 0.02421875 0.0140625
0 0.959375 0.52265625 0.01953125 0.0140625
0 0.9734375 0.55390625 0.03828125 0.0359375
0 0.80625 0.46875 0.03828125 0.040625
0 0.83984375 0.47109375 0.0265625 0.0359375
0 0.84609375 0.43515625 0.0625 0.0359375
0 0.8765625 0.46171875 0.03125 0.0359375
0 0.87890625 0.49765625 0.01953125 0.0359375
0 0.89453125 0.49296875 0.0265625 0.02421875
0 0.84140625 0.50234375 0.03828125 0.0140625
0 0.953125 0.453125 0.03828125 0.03125
0 0.92890625 0.46171875 0.04296875 0.0359375
0 0.9625 0.43046875 0.03359375 0.02421875
0 0.94609375 0.4046875 0.03828125 0.0359375
0 0.9171875 0.4203125 0.04296875 0.0484375
0 0.8609375 0.41484375 0.09140625 0.0359375
0 0.9828125 0.4578125 0.02890625 0.06953125
0 0.796875 0.31953125 0.0265625 0.03125
0 0.82421875 0.3296875 0.01953125 0.053125
0 0.84375 0.36328125 0.03359375 0.0578125
0 0.8796875 0.3734375 0.03828125 0.0484375
0 0.88828125 0.33984375 0.0625 0.053125
0 0.9265625 0.31953125 0.10078125 0.071875
0 0.98671875 0.35546875 0.021875 0.04296875
0 0.178125 0.46875 0.03828125 0.053125
0 0.14921875 0.49765625 0.0265625 0.0484375
0 0.21640625 0.4796875 0.03828125 0.03125
0 0.21640625 0.44140625 0.03125 0.0359375
0 0.17578125 0.43046875 0.04296875 0.02421875
0 0.13671875 0.475 0.04296875 0.0625
0 0.24765625 0.4796875 0.03125 0.03125
0 0.2828125 0.47109375 0.03125 0.0484375
0 0.25859375 0.45078125 0.03828125 0.0359375
0 0.26796875 0.41484375 0.0265625 0.02421875
0 0.2453125 0.4234375 0.01953125 0.01953125
0 0.2359375 0.4125 0.03125 0.03125
0 0.2171875 0.38671875 0.03359375 0.03125
0 0.20703125 0.41484375 0.01953125 0.02421875
0 0.18359375 0.3890625 0.0265625 0.0578125
0 0.16015625 0.39453125 0.0265625 0.0484375
0 0.13125 0.4171875 0.03828125 0.0625
0 0.05078125 0.35078125 0.0625 0.03125
0 0.040625 0.3109375 0.04296875 0.0359375
0 0.04453125 0.26796875 0.04296875 0.03125
0 0.0796875 0.30625 0.03359375 0.02421875
0 0.09609375 0.33984375 0.02421875 0.03125
0 0.14453125 0.3421875 0.03359375 0.0359375
0 0.17890625 0.353125 0.03359375 0.0140625
0 0.2125 0.35546875 0.03125 0.03125
0 0.47109375 0.4390625 0.08671875 0.0625
0 0.5171875 0.46640625 0.0484375 0.0765625
0 0.5484375 0.4890625 0.0765625 0.040625
0 0.6296875 0.49296875 0.03125 0.0484375
0 0.60078125 0.50703125 0.01953125 0.0140625
0 0.60234375 0.459375 0.06953125 0.0625
0 0.56640625 0.4390625 0.05078125 0.0625
0 0.5375 0.4046875 0.06953125 0.0484375
0 0.7921875 0.3578125 0.03125 0.0359375
0 0.7609375 0.34765625 0.03125 0.0484375
0 0.74140625 0.3171875 0.03125 0.0484375
0 0.7125 0.3171875 0.0265625 0.0484375
0 0.68515625 0.30625 0.03359375 0.0484375
0 0.665625 0.296875 0.0265625 0.0578125
0 0.625 0.29921875 0.0140625 0.053125
0 0.6234375 0.2546875 0.01171875 0.0140625
0 0.5984375 0.28359375 0.0484375 0.0625
0 0.7453125 0.27890625 0.06953125 0.08203125
0 0.79921875 0.265625 0.03125 0.0484375
0 0.4625 0.178125 0.1078125 0.1296875
0 0.2671875 0.20078125 0.0765625 0.08203125
0 0.271875 0.25703125 0.0890625 0.071875
0 0.31484375 0.296875 0.071875 0.0671875
0 0.23828125 0.31484375 0.01953125 0.03125
0 0.2125 0.31484375 0.02421875 0.040625
0 0.18359375 0.30859375 0.03359375 0.03125
0 0.2515625 0.3375 0.03828125 0.0140625
0 0.20703125 0.27265625 0.03359375 0.040625
0 0.16953125 0.2703125 0.03828125 0.0359375
0 0.15390625 0.23203125 0.03828125 0.040625
0 0.3953125 0.38671875 0.0671875 0.11328125
0 0.33046875 0.4234375 0.09609375 0.09140625
0 0.334375 0.3578125 0.1109375 0.0484375
0 0.2546875 0.365625 0.053125 0.071875
0 0.6109375 0.40234375 0.03828125 0.040625
0 0.56640625 0.3578125 0.0578125 0.0484375
0 0.5515625 0.30625 0.02421875 0.0578125
0 0.525 0.3171875 0.02421875 0.0359375
0 0.50234375 0.35078125 0.03828125 0.0625
0 0.475 0.30390625 0.02421875 0.01953125
0 0.4484375 0.30859375 0.03125 0.03125
0 0.42421875 0.31953125 0.02421875 0.040625
0 0.47109375 0.3328125 0.0140625 0.0140625
0 0.46484375 0.3578125 0.0265625 0.02421875
0 0.44375 0.34765625 0.03125 0.0359375
0 0.50234375 0.25703125 0.03125 0.040625
0 0.47734375 0.24765625 0.01953125 0.03125
0 0.45546875 0.2296875 0.02421875 0.02421875
0 0.44375 0.24765625 0.03125 0.040625
0 0.47109375 0.275 0.03828125 0.0359375
0 0.37265625 0.2390625 0.08203125 0.08671875
0 0.5796875 0.21640625 0.1078125 0.071875
0 0.68359375 0.21171875 0.053125 0.071875
0 0.98046875 0.696875 0.03359375 0.0671875
2 0.7484375 0.1109375 0.0140625 0.0765625
2 0.7671875 0.11328125 0.01953125 0.08203125
2 0.7859375 0.1078125 0.01953125 0.071875
2 0.80625 0.115625 0.02421875 0.0484375
