0 0.28359375 0.9109375 0.34609375 0.1703125
0 0.0890625 0.9015625 0.16796875 0.18984375
0 0.16328125 0.74375 0.31484375 0.16328125
0 0.44453125 0.74375 0.3703125 0.209375
0 0.65390625 0.853125 0.45703125 0.24296875
0 0.8265625 0.9015625 0.33203125 0.18984375
0 0.725 0.646875 0.5484375 0.37265625
0 0.29296875 0.5109375 0.5625 0.3078125
0 0.225 0.42890625 0.4375 0.40859375
0 0.03125 0.6625 0.0484375 0.134375
0 0.271875 0.27734375 0.41796875 0.240625
0 0.1359375 0.11328125 0.259375 0.22578125
0 0.95546875 0.5203125 0.084375 0.0984375
0 0.928125 0.0734375 0.1390625 0.1421875
0 0.9015625 0.1828125 0.1109375 0.0765625
0 0.9671875 0.225 0.06015625 0.07421875
0 0.9390625 0.296875 0.08671875 0.053125
0 0.94609375 0.446875 0.103125 0.08671875
0 0.96484375 0.37265625 0.06484375 0.0671875
0 0.8109375 0.37734375 0.11796875 0.07421875
0 0.84609375 0.44140625 0.1109375 0.06484375
0 0.734375 0.43359375 0.134375 0.0765625
0 0.6515625 0.36640625 0.1421875 0.071875
0 0.70703125 0.29453125 0.1296875 0.08203125
0 0.82421875 0.30625 0.11796875 0.0671875
0 0.8328125 0.25859375 0.0984375 0.0484375
0 0.77734375 0.2234375 0.0984375 0.0671875
0 0.696875 0.19453125 0.1109375 0.0671875
0 0.765625 0.16796875 0.0625 0.04296875
0 0.84609375 0.1421875 0.0984375 0.053125
0 0.5 0.3703125 0.07421875 0.04296875
0 0.57421875 0.4203125 0.0984375 0.0578125
0 0.546875 0.1859375 0.1421875 0.09609375
0 0.6109375 0.08203125 0.14921875 0.10078125
0 0.67890625 0.1234375 0.125 0.08203125
0 0.796875 0.08046875 0.1109375 0.0765625
0 0.90390625 0.0109375 0.09609375 0.0171875
0 0.803125 0.0203125 0.10078125 0.0359375
0 0.7234375 0.02734375 0.15390625 0.05078125
0 0.53359375 0.03828125 0.1828125 0.071875
0 0.49375 0.109375 0.1609375 0.084375
0 0.4421875 0.01796875 0.134375 0.03125
