0 0.5380859375 0.45068359375 0.712890625 0.8154296875
0 0.25 0.70361328125 0.3046875 0.3837890625
0 0.12890625 0.16162109375 0.24609375 0.3154296875
0 0.9091796875 0.1708984375 0.181640625 0.154296875
0 0.673828125 0.076171875 0.25390625 0.076171875
0 0.1259765625 0.40087890625 0.251953125 0.7939453125
0 0.0693359375 0.89404296875 0.134765625 0.2099609375
0 0.0576171875 0.69580078125 0.091796875 0.2119140625
0 0.5166015625 0.953125 0.142578125 0.09375
0 0.4326171875 0.91748046875 0.115234375 0.1630859375
0 0.626953125 0.9560546875 0.14453125 0.087890625
0 0.337890625 0.95458984375 0.06640625 0.0888671875
