0 0.08515625 0.8609375 0.15859375 0.103125
0 0.1078125 0.68984375 0.134375 0.12265625
0 0.2390625 0.8078125 0.15390625 0.10546875
0 0.1265625 0.790625 0.146875 0.0984375
0 0.225 0.7046875 0.1109375 0.09609375
0 0.31015625 0.7015625 0.10546875 0.09140625
0 0.36875 0.7296875 0.1296875 0.08671875
0 0.44140625 0.69375 0.06484375 0.053125
0 0.40625 0.65 0.146875 0.0890625
0 0.49765625 0.6265625 0.08203125 0.053125
0 0.5265625 0.5578125 0.09375 0.0671875
0 0.43515625 0.5953125 0.10078125 0.0484375
0 0.3859375 0.540625 0.1390625 0.09609375
0 0.25703125 0.61796875 0.1875 0.0765625
0 0.1140625 0.56015625 0.16796875 0.0984375
0 0.265625 0.54453125 0.134375 0.07421875
0 0.228125 0.4625 0.115625 0.10078125
0 0.3421875 0.46640625 0.12265625 0.0890625
0 0.49375 0.484375 0.0765625 0.0765625
0 0.43046875 0.5015625 0.08671875 0.05078125
0 0.43515625 0.43046875 0.1109375 0.0984375
0 0.459375 0.39296875 0.06484375 0.03828125
0 0.353125 0.3703125 0.1109375 0.10078125
0 0.34765625 0.2875 0.1109375 0.08671875
0 0.271875 0.30078125 0.134375 0.071875
0 0.234375 0.3734375 0.1390625 0.07421875
0 0.10546875 0.365625 0.1390625 0.09140625
0 0.10234375 0.47109375 0.146875 0.08671875
0 0.1203125 0.41484375 0.1109375 0.0484375
0 0.08984375 0.27890625 0.15859375 0.0890625
0 0.2484375 0.225 0.1109375 0.0890625
0 0.15234375 0.14453125 0.1296875 0.0984375
0 0.1109375 0.23046875 0.15390625 0.07421875
0 0.2046875 0.16796875 0.0578125 0.03828125
