0 0.6140625 0.89765625 0.41796875 0.19921875
0 0.40859375 0.8453125 0.15859375 0.0890625
0 0.2828125 0.8078125 0.178125 0.09375
0 0.25625 0.83984375 0.15859375 0.071875
0 0.4265625 0.75625 0.15859375 0.084375
0 0.25859375 0.7453125 0.1390625 0.071875
0 0.6765625 0.74765625 0.1390625 0.08671875
0 0.80546875 0.78125 0.11796875 0.03359375
0 0.8109375 0.72578125 0.16328125 0.084375
0 0.75 0.6734375 0.06484375 0.0484375
0 0.8328125 0.6609375 0.1109375 0.0578125
0 0.65859375 0.66953125 0.1296875 0.0671875
0 0.09140625 0.78984375 0.1703125 0.09609375
0 0.040625 0.74296875 0.071875 0.09140625
0 0.09140625 0.6921875 0.1703125 0.09140625
0 0.0734375 0.59765625 0.134375 0.10546875
0 0.0671875 0.4984375 0.125 0.08671875
0 0.834375 0.9375 0.3265625 0.1203125
0 0.91015625 0.7875 0.17578125 0.19921875
0 0.71171875 0.58046875 0.1296875 0.0765625
0 0.6203125 0.55078125 0.146875 0.0765625
0 0.55859375 0.57421875 0.1390625 0.09140625
0 0.5609375 0.48828125 0.134375 0.08203125
0 0.72578125 0.49140625 0.1828125 0.10078125
0 0.32109375 0.2796875 0.41796875 0.22109375
0 0.06484375 0.40390625 0.11796875 0.07421875
0 0.03515625 0.35234375 0.0578125 0.0765625
0 0.0796875 0.33671875 0.06484375 0.040625
0 0.0734375 0.2859375 0.134375 0.08671875
0 0.0609375 0.20703125 0.1109375 0.09140625
0 0.0734375 0.12265625 0.134375 0.09609375
0 0.0609375 0.0265625 0.103125 0.0484375
0 0.28828125 0.46640625 0.30546875 0.1390625
0 0.2828125 0.5375 0.19921875 0.071875
0 0.19453125 0.5515625 0.03359375 0.040625
0 0.30546875 0.4828125 0.16328125 0.10546875
0 0.353125 0.521875 0.1390625 0.09375
0 0.3734375 0.5015625 0.125 0.0671875
0 0.4171875 0.43125 0.1390625 0.09375
0 0.3703125 0.44609375 0.21171875 0.1390625
0 0.4125 0.61796875 0.2234375 0.071875
0 0.4671875 0.63828125 0.053125 0.05078125
0 0.50625 0.6140625 0.0578125 0.03828125
0 0.46484375 0.68046875 0.08203125 0.0484375
0 0.34140625 0.65859375 0.15390625 0.02890625
0 0.38203125 0.6546875 0.10546875 0.084375
0 0.22109375 0.61328125 0.23046875 0.053125
0 0.25234375 0.634375 0.0578125 0.0765625
0 0.24140625 0.678125 0.0484375 0.03125
0 0.25625 0.56015625 0.040625 0.071875
0 0.55859375 0.375 0.09375 0.05078125
0 0.52890625 0.34375 0.08203125 0.053125
0 0.5 0.37734375 0.0578125 0.0265625
0 0.5671875 0.31953125 0.08671875 0.053125
0 0.6 0.29921875 0.09375 0.053125
0 0.65859375 0.34765625 0.11796875 0.06015625
0 0.6359375 0.37265625 0.071875 0.05078125
0 0.25 0.1296875 0.0765625 0.0578125
0 0.28828125 0.15859375 0.09375 0.053125
0 0.3171875 0.12265625 0.071875 0.0625
0 0.25625 0.0890625 0.1109375 0.04296875
0 0.1890625 0.1140625 0.071875 0.0484375
0 0.19140625 0.15234375 0.06484375 0.03828125
0 0.203125 0.03359375 0.0765625 0.0484375
0 0.27421875 0.03828125 0.053125 0.02890625
0 0.33515625 0.03828125 0.0578125 0.02890625
0 0.28828125 0.015625 0.11796875 0.02890625
0 0.1859375 0.01171875 0.103125 0.01953125
0 0.790625 0.41484375 0.0765625 0.06015625
0 0.86171875 0.42421875 0.08671875 0.040625
0 0.8640625 0.37734375 0.0578125 0.040625
0 0.82109375 0.353125 0.134375 0.040625
0 0.81484375 0.3859375 0.06484375 0.02421875
0 0.73828125 0.3734375 0.0765625 0.053125
0 0.72578125 0.415625 0.040625 0.02890625
0 0.5671875 0.21015625 0.06484375 0.04296875
0 0.48828125 0.1984375 0.0578125 0.03359375
0 0.47109375 0.18515625 0.09375 0.10078125
0 0.4 0.17578125 0.09375 0.115625
0 0.51171875 0.15859375 0.178125 0.1421875
0 0.52890625 0.1546875 0.24765625 0.209375
0 0.74140625 0.2515625 0.071875 0.0625
0 0.8109375 0.2484375 0.08203125 0.06015625
0 0.80078125 0.296875 0.071875 0.03359375
0 0.75 0.2984375 0.06484375 0.03828125
0 0.8796875 0.296875 0.0765625 0.0484375
0 0.8765625 0.24765625 0.03359375 0.03828125
0 0.853125 0.2140625 0.09375 0.03828125
0 0.76796875 0.21484375 0.06484375 0.0265625
0 0.96640625 0.40859375 0.0625 0.08671875
0 0.9171875 0.51171875 0.071875 0.134375
0 0.90234375 0.51171875 0.15859375 0.1421875
0 0.84765625 0.52421875 0.03359375 0.071875
0 0.92890625 0.5921875 0.1390625 0.1609375
0 0.90625 0.59765625 0.08203125 0.09609375
0 0.8703125 0.5890625 0.09375 0.07421875
0 0.978125 0.578125 0.03828125 0.06953125
0 0.975 0.2640625 0.0453125 0.053125
0 0.984375 0.30546875 0.0265625 0.03359375
0 0.9890625 0.3265625 0.0171875 0.02890625
0 0.9484375 0.02890625 0.0984375 0.053125
0 0.97265625 0.05859375 0.05078125 0.0453125
0 0.92890625 0.0578125 0.0484375 0.040625
0 0.76953125 0.02890625 0.21171875 0.053125
0 0.56640625 0.009375 0.1078125 0.0140625
0 0.51171875 0.02890625 0.15390625 0.04296875
0 0.47578125 0.0140625 0.071875 0.02421875
0 0.40234375 0.0375 0.06953125 0.06953125
0 0.9359375 0.0921875 0.12265625 0.03125
0 0.9171875 0.13125 0.16328125 0.03359375
0 0.94453125 0.15625 0.053125 0.071875
0 0.96875 0.1671875 0.0578125 0.05546875
0 0.97265625 0.209375 0.05078125 0.0765625
0 0.896875 0.1765625 0.10078125 0.05078125
0 0.78828125 0.14296875 0.16328125 0.0578125
0 0.85546875 0.09765625 0.01953125 0.08671875
0 0.82109375 0.0796875 0.053125 0.084375
0 0.790625 0.10078125 0.1109375 0.14921875
0 0.72109375 0.11640625 0.1109375 0.1515625
0 0.69921875 0.1859375 0.1390625 0.0625
0 0.6828125 0.12109375 0.11796875 0.07421875
