0 0.6984375 0.69140625 0.35078125 0.22109375
0 0.2390625 0.7703125 0.26953125 0.178125
0 0.1265625 0.65 0.240625 0.27421875
0 0.20546875 0.65390625 0.071875 0.04296875
0 0.23046875 0.3125 0.3078125 0.428125
0 0.27734375 0.65390625 0.33671875 0.3890625
0 0.10234375 0.3265625 0.1828125 0.321875
0 0.06640625 0.3390625 0.1203125 0.27421875
0 0.15625 0.08671875 0.303125 0.1734375
0 0.3265625 0.35546875 0.1828125 0.125
0 0.365625 0.2203125 0.1921875 0.14453125
0 0.5171875 0.4078125 0.25234375 0.15859375
0 0.63671875 0.5421875 0.375 0.1078125
0 0.76953125 0.53125 0.16328125 0.09375
0 0.63671875 0.490625 0.13203125 0.12265625
0 0.365625 0.5203125 0.3125 0.2671875
0 0.3265625 0.55390625 0.24765625 0.25
0 0.54453125 0.7921875 0.14453125 0.27890625
0 0.4828125 0.80546875 0.13203125 0.259375
0 0.44453125 0.96484375 0.1109375 0.0625
0 0.3734375 0.9421875 0.08671875 0.04296875
0 0.359375 0.98203125 0.0484375 0.02890625
0 0.275 0.978125 0.0984375 0.0359375
0 0.7796875 0.94609375 0.1109375 0.0578125
0 0.81875 0.9640625 0.1203125 0.0578125
0 0.77734375 0.81953125 0.10546875 0.071875
0 0.64296875 0.8859375 0.14453125 0.0625
0 0.603125 0.8921875 0.78828125 0.21171875
0 0.34375 0.8859375 0.2359375 0.040625
0 0.18359375 0.9203125 0.35546875 0.1515625
0 0.14296875 0.94375 0.27421875 0.10546875
0 0.1921875 0.85 0.375 0.06953125
0 0.12109375 0.91328125 0.14453125 0.165625
0 0.9171875 0.6859375 0.16328125 0.3609375
0 0.68125 0.165625 0.3078125 0.25234375
0 0.546875 0.0828125 0.2359375 0.165625
0 0.7328125 0.34140625 0.14921875 0.1109375
0 0.796875 0.41484375 0.13203125 0.09375
0 0.8140625 0.3890625 0.0765625 0.04296875
0 0.93359375 0.3734375 0.0765625 0.0625
0 0.87890625 0.41484375 0.04296875 0.02890625
0 0.83984375 0.4640625 0.04296875 0.053125
0 0.9515625 0.4953125 0.09140625 0.0671875
0 0.90625 0.4546875 0.08671875 0.0359375
0 0.94609375 0.41796875 0.103125 0.09609375
0 0.96484375 0.31640625 0.06484375 0.15625
0 0.94609375 0.25 0.103125 0.25
0 0.95703125 0.11796875 0.08203125 0.2359375
0 0.92890625 0.13203125 0.0984375 0.2640625
0 0.865625 0.1984375 0.08203125 0.396875
