0 0.146875 0.1203125 0.29296875 0.23046875
0 0.134375 0.30625 0.25703125 0.2046875
0 0.4953125 0.50625 0.5765625 0.41796875
0 0.88125 0.42890625 0.22578125 0.21640625
0 0.046875 0.4515625 0.09140625 0.125
0 0.1390625 0.4265625 0.14453125 0.134375
0 0.28125 0.66484375 0.1390625 0.10078125
0 0.1828125 0.58984375 0.1390625 0.10078125
0 0.19375 0.50703125 0.0765625 0.0671875
0 0.0609375 0.521875 0.11328125 0.09140625
0 0.015625 0.56015625 0.03125 0.0765625
0 0.0796875 0.58515625 0.08671875 0.08203125
0 0.12890625 0.65625 0.134375 0.09375
0 0.03125 0.65390625 0.0625 0.10546875
0 0.046875 0.7359375 0.09140625 0.0890625
0 0.1703125 0.74140625 0.15390625 0.10078125
0 0.3109375 0.771875 0.1296875 0.10078125
0 0.14921875 0.8109375 0.16328125 0.09375
0 0.2546875 0.86875 0.0578125 0.1078125
0 0.3375 0.8375 0.1203125 0.09375
0 0.37109375 0.90390625 0.14453125 0.1078125
0 0.51953125 0.95546875 0.14453125 0.084375
0 0.4890625 0.86875 0.134375 0.08671875
0 0.4796875 0.7703125 0.15390625 0.10546875
0 0.3734375 0.70703125 0.09609375 0.0765625
0 0.6109375 0.8015625 0.08671875 0.10546875
0 0.62890625 0.8953125 0.125 0.09375
0 0.6828125 0.9359375 0.0765625 0.0671875
0 0.72109375 0.853125 0.11328125 0.0765625
0 0.70078125 0.71640625 0.15390625 0.09609375
0 0.7703125 0.61171875 0.1203125 0.1203125
0 0.8609375 0.53125 0.11328125 0.071875
0 0.87109375 0.6296875 0.15390625 0.115625
0 0.81484375 0.7046875 0.08203125 0.05078125
0 0.796875 0.8015625 0.1078125 0.1203125
0 0.8265625 0.884375 0.1390625 0.0625
0 0.94375 0.94609375 0.103125 0.10078125
0 0.96875 0.82421875 0.053125 0.134375
0 0.91484375 0.79921875 0.1078125 0.13203125
0 0.96875 0.703125 0.053125 0.09140625
0 0.9640625 0.6078125 0.0625 0.08203125
