0 0.275 0.4375 0.2671875 0.4859375
0 0.2359375 0.421875 0.125 0.25703125
0 0.678125 0.615625 0.0578125 0.03828125
0 0.6265625 0.6 0.04296875 0.0359375
0 0.57578125 0.59765625 0.0484375 0.03828125
0 0.515625 0.5890625 0.053125 0.0484375
0 0.46015625 0.58203125 0.0578125 0.04296875
0 0.40859375 0.57578125 0.053125 0.0484375
0 0.43984375 0.6828125 0.053125 0.0484375
0 0.3890625 0.7015625 0.03828125 0.053125
0 0.353125 0.69921875 0.021875 0.021875
0 0.44453125 0.74375 0.04296875 0.03125
0 0.5203125 0.69375 0.04296875 0.0359375
0 0.56640625 0.7046875 0.021875 0.03828125
0 0.553125 0.584375 0.4234375 0.1296875
0 0.59609375 0.5203125 0.47109375 0.1515625
0 0.40234375 0.45546875 0.1109375 0.084375
0 0.56015625 0.44453125 0.59609375 0.39921875
0 0.66015625 0.45078125 0.35078125 0.28828125
0 0.48203125 0.28515625 0.49296875 0.134375
0 0.74375 0.37734375 0.2453125 0.0625
0 0.8171875 0.50234375 0.1421875 0.134375
