0 0.078125 0.94375 0.14453125 0.1078125
0 0.09765625 0.8421875 0.16796875 0.14453125
0 0.0421875 0.6890625 0.071875 0.071875
0 0.078125 0.6296875 0.14453125 0.09609375
0 0.09765625 0.540625 0.1828125 0.09609375
0 0.2921875 0.58671875 0.2859375 0.15390625
0 0.7671875 0.603125 0.22109375 0.15390625
0 0.59375 0.665625 0.2546875 0.13671875
0 0.43515625 0.73828125 0.32421875 0.0796875
0 0.93359375 0.6765625 0.12734375 0.13203125
0 0.7875 0.80625 0.4203125 0.24296875
0 0.509375 0.83046875 0.2140625 0.13671875
0 0.3859375 0.8390625 0.16328125 0.09609375
0 0.4484375 0.928125 0.5578125 0.13203125
0 0.4390625 0.6578125 0.53828125 0.2546875
0 0.171875 0.76953125 0.29296875 0.1734375
0 0.24375 0.33203125 0.30546875 0.146875
0 0.52890625 0.4828125 0.240625 0.11328125
0 0.26328125 0.484375 0.33203125 0.146875
0 0.09765625 0.61328125 0.1828125 0.3171875
0 0.68125 0.4046875 0.634375 0.2453125
0 0.64921875 0.24375 0.571875 0.27890625
0 0.9359375 0.27265625 0.12265625 0.11328125
0 0.940625 0.1078125 0.115625 0.215625
0 0.7953125 0.02890625 0.14921875 0.0578125
0 0.68515625 0.07578125 0.134375 0.103125
0 0.50390625 0.109375 0.2546875 0.1296875
0 0.50625 0.196875 0.16796875 0.0578125
0 0.47109375 0.2390625 0.27890625 0.1203125
0 0.34140625 0.2140625 0.1875 0.103125
0 0.353125 0.0328125 0.240625 0.0625
0 0.21640625 0.0140625 0.1265625 0.028125
0 0.0875 0.0265625 0.16328125 0.053125
0 0.21171875 0.11171875 0.34375 0.14453125
0 0.07421875 0.22109375 0.134375 0.0890625
0 0.171875 0.23046875 0.14921875 0.0890625
0 0.11640625 0.33671875 0.22109375 0.14921875
0 0.5515625 0.0265625 0.16796875 0.053125
