0 0.04609375 0.8578125 0.08359375 0.07421875
0 0.05625 0.790625 0.103125 0.053125
0 0.2275390625 0.0234375 0.107421875 0.044921875
0 0.69921875 0.21240234375 0.3984375 0.4013671875
0 0.7314453125 0.60595703125 0.353515625 0.3837890625
0 0.9609375 0.72509765625 0.07421875 0.1923828125
0 0.796950120313 0.807955228125 0.214993990625 0.15557391875
0 0.91796875 0.90625 0.15625 0.1875
0 0.3017578125 0.38720703125 0.330078125 0.2978515625
0 0.37890625 0.76318359375 0.375 0.3779296875
0 0.4033203125 0.05029296875 0.240234375 0.1005859375
