0 0.3109375 0.859375 0.1703125 0.12734375
0 0.51796875 0.89453125 0.14921875 0.134375
0 0.91796875 0.7828125 0.15859375 0.1703125
0 0.8609375 0.865625 0.103125 0.115625
0 0.765625 0.83515625 0.18046875 0.1515625
0 0.59765625 0.7859375 0.17578125 0.14921875
0 0.6390625 0.875 0.08203125 0.05078125
0 0.4203125 0.7953125 0.18046875 0.08671875
0 0.4125 0.73828125 0.16328125 0.1390625
0 0.3109375 0.66953125 0.15859375 0.14453125
0 0.47734375 0.640625 0.15859375 0.1296875
0 0.54921875 0.58046875 0.09609375 0.08203125
0 0.525 0.728125 0.08203125 0.08203125
0 0.71640625 0.72578125 0.09140625 0.09140625
0 0.646875 0.65 0.1921875 0.14453125
0 0.79921875 0.5515625 0.2359375 0.146875
0 0.61875 0.4734375 0.25703125 0.14921875
0 0.39453125 0.5328125 0.21171875 0.16328125
0 0.42578125 0.37890625 0.27421875 0.146875
0 0.2546875 0.3859375 0.1296875 0.1390625
0 0.18046875 0.49296875 0.196875 0.1203125
0 0.178125 0.83203125 0.34609375 0.228125
0 0.02890625 0.69375 0.0484375 0.1203125
0 0.0515625 0.7828125 0.09140625 0.0671875
0 0.12109375 0.59609375 0.23046875 0.38203125
0 0.103125 0.36875 0.134375 0.134375
0 0.15234375 0.328125 0.0765625 0.125
0 0.3765625 0.25703125 0.134375 0.0890625
0 0.321875 0.2921875 0.0765625 0.071875
0 0.225 0.203125 0.22109375 0.14453125
0 0.23671875 0.30546875 0.103125 0.0625
0 0.0921875 0.25703125 0.103125 0.071875
0 0.0953125 0.16796875 0.1203125 0.1109375
0 0.22734375 0.1296875 0.14453125 0.0578125
0 0.38125 0.18125 0.103125 0.06953125
0 0.47734375 0.21640625 0.1390625 0.1078125
0 0.4890625 0.14921875 0.11328125 0.08203125
0 0.59765625 0.0984375 0.103125 0.1109375
0 0.51796875 0.06015625 0.1203125 0.1109375
0 0.39921875 0.09609375 0.1203125 0.115625
0 0.3109375 0.12109375 0.0578125 0.0578125
0 0.26171875 0.05390625 0.16328125 0.103125
0 0.146875 0.06640625 0.1203125 0.115625
0 0.39921875 0.0375 0.1203125 0.04296875
0 0.86328125 0.39921875 0.25234375 0.24296875
0 0.853125 0.65234375 0.2015625 0.23046875
0 0.8484375 0.31953125 0.2984375 0.2359375
0 0.80390625 0.30859375 0.27890625 0.1921875
0 0.865625 0.2390625 0.17578125 0.125
0 0.796875 0.25703125 0.38671875 0.28828125
0 0.7703125 0.22265625 0.365625 0.259375
0 0.5828125 0.38203125 0.0625 0.0625
0 0.8765625 0.09609375 0.16328125 0.1078125
0 0.70703125 0.22578125 0.3609375 0.2046875
0 0.69375 0.16796875 0.446875 0.28828125
0 0.7296875 0.10546875 0.15859375 0.12734375
0 0.646875 0.15 0.2015625 0.16328125
