0 0.329326923438 0.181490384375 0.096153846875 0.127403846875
0 0.496394230469 0.250150240625 0.286057692187 0.2689302875
0 0.725961538281 0.265625 0.144230770312 0.13701923125
0 0.947115384375 0.533653846094 0.10576923125 0.278846154688
0 0.655048076562 0.454326923438 0.146634615625 0.1875
0 0.445913461719 0.491586538281 0.262019229687 0.252403845312
0 0.815805288281 0.422776442187 0.147235576562 0.134014421875
0 0.17548076875 0.324519230469 0.3125 0.182692307812
0 0.0504807695313 0.382211538281 0.0913461546875 0.100961539062
0 0.033653846875 0.795673077344 0.0625 0.100961539062
0 0.0877403851563 0.686298077344 0.170673076562 0.257211539062
0 0.235576923437 0.530048077344 0.1875 0.233173076563
0 0.12139423125 0.492788461719 0.15625 0.158653845312
0 0.149038460938 0.819711538281 0.115384615625 0.0865384609375
0 0.141826922656 0.721153846094 0.139423076562 0.177884614063
0 0.283653846094 0.772836538281 0.168269229688 0.223557692188
0 0.325721153906 0.921875 0.151442307812 0.084134615625
0 0.510817307813 0.858173077344 0.21875 0.182692307813
0 0.474759615625 0.671875 0.21875 0.141826921875
0 0.600961538281 0.640625 0.173076923438 0.170673078125
0 0.629807692187 0.836538461719 0.110576921875 0.158653845313
0 0.716346153906 0.711538461719 0.110576923438 0.158653845312
0 0.813701923438 0.79326923125 0.185096153125 0.16826923125
0 0.73076923125 0.560096153906 0.134615384375 0.110576923438
0 0.864182692187 0.632211538281 0.165865384375 0.283653845312
