0 0.6609375 0.25234375 0.3171875 0.2140625
0 0.5984375 0.09375 0.21171875 0.115625
0 0.4703125 0.07109375 0.1734375 0.134375
0 0.6265625 0.03828125 0.115625 0.0671875
0 0.7953125 0.1828125 0.13671875 0.0765625
0 0.77265625 0.13125 0.13671875 0.06484375
0 0.9390625 0.2046875 0.11796875 0.115625
0 0.90390625 0.2828125 0.16796875 0.08671875
0 0.91015625 0.3609375 0.15859375 0.09609375
0 0.93359375 0.5671875 0.1296875 0.1921875
0 0.94375 0.459375 0.1078125 0.10546875
0 0.30078125 0.16796875 0.446875 0.20703125
0 0.171875 0.490625 0.27890625 0.22109375
0 0.3171875 0.37734375 0.1734375 0.04296875
0 0.24296875 0.32109375 0.18046875 0.10546875
0 0.15234375 0.2859375 0.1421875 0.12265625
0 0.0921875 0.28984375 0.1734375 0.21640625
0 0.0796875 0.1703125 0.125 0.0796875
0 0.4078125 0.41796875 0.21171875 0.10546875
0 0.584375 0.36171875 0.27421875 0.1078125
0 0.7125 0.37890625 0.1921875 0.0671875
0 0.77890625 0.62109375 0.2453125 0.1703125
0 0.83671875 0.51796875 0.21875 0.1734375
0 0.63359375 0.4671875 0.20703125 0.12265625
0 0.4375 0.525 0.35078125 0.12265625
0 0.34140625 0.52734375 0.2234375 0.0671875
0 0.3109375 0.63125 0.4375 0.146875
0 0.2921875 0.67421875 0.34375 0.1609375
0 0.234375 0.71015625 0.1109375 0.10078125
0 0.14453125 0.771875 0.103125 0.10078125
0 0.12890625 0.69609375 0.09140625 0.06484375
0 0.0734375 0.63203125 0.13671875 0.0671875
0 0.06015625 0.7296875 0.1109375 0.15625
0 0.2953125 0.87109375 0.1875 0.134375
0 0.2125 0.9171875 0.15390625 0.146875
0 0.05390625 0.8546875 0.0984375 0.10078125
0 0.50234375 0.8140625 0.27421875 0.18515625
0 0.671875 0.80625 0.16328125 0.178125
0 0.84609375 0.9203125 0.3078125 0.15390625
0 0.93359375 0.81484375 0.1296875 0.12265625
0 0.821875 0.75703125 0.103125 0.14453125
0 0.740625 0.73671875 0.071875 0.08203125
0 0.05390625 0.478125 0.0984375 0.15390625
0 0.9125 0.7078125 0.16328125 0.11796875
