0 0.72265625 0.20068359375 0.125 0.2060546875
0 0.7890625 0.30615234375 0.109375 0.1787109375
0 0.65625 0.35302734375 0.11328125 0.2294921875
0 0.76318359375 0.51708984375 0.0205078125 0.1201171875
0 0.6884765625 0.55712890625 0.126953125 0.2783203125
0 0.8212890625 0.6142578125 0.080078125 0.169921875
0 0.392578125 0.53759765625 0.19140625 0.2626953125
0 0.5078125 0.666015625 0.15234375 0.25
0 0.337890625 0.67236328125 0.1484375 0.2197265625
0 0.2421875 0.72021484375 0.11328125 0.1435546875
0 0.177734375 0.92724609375 0.046875 0.0498046875
0 0.212890625 0.80419921875 0.0546875 0.0576171875
0 0.28125 0.81298828125 0.05078125 0.1220703125
0 0.458984375 0.80908203125 0.03515625 0.0791015625
0 0.498046875 0.86474609375 0.05859375 0.1591796875
0 0.419921875 0.89013671875 0.05859375 0.2021484375
