0 0.08046875 0.0984375 0.14921875 0.1421875
0 0.0890625 0.0171875 0.16796875 0.02890625
0 0.23828125 0.08671875 0.2015625 0.1390625
0 0.34765625 0.0171875 0.178125 0.02890625
0 0.71875 0.078125 0.34609375 0.14921875
0 0.671875 0.09140625 0.446875 0.17578125
0 0.640625 0.1109375 0.51171875 0.2140625
0 0.8328125 0.22734375 0.115625 0.05546875
0 0.35078125 0.06875 0.103125 0.0671875
0 0.4109375 0.14296875 0.16796875 0.10078125
0 0.3015625 0.165625 0.09609375 0.05546875
0 0.1671875 0.2140625 0.2765625 0.1296875
0 0.02890625 0.2296875 0.0453125 0.071875
0 0.1265625 0.31875 0.1828125 0.12734375
0 0.0578125 0.37265625 0.103125 0.1921875
0 0.06015625 0.5265625 0.1109375 0.15390625
0 0.16953125 0.65859375 0.14453125 0.59140625
0 0.2046875 0.69375 0.384375 0.26953125
0 0.32421875 0.7859375 0.2359375 0.2546875
0 0.1921875 0.77265625 0.375 0.290625
0 0.16953125 0.80546875 0.3265625 0.259375
0 0.10546875 0.8484375 0.2015625 0.1921875
0 0.071875 0.9484375 0.134375 0.0984375
0 0.21484375 0.32578125 0.21171875 0.134375
0 0.3421875 0.23671875 0.15390625 0.09140625
0 0.41953125 0.2546875 0.1828125 0.1390625
0 0.54296875 0.22734375 0.14453125 0.103125
0 0.6546875 0.209375 0.115625 0.0578125
0 0.6546875 0.2671875 0.103125 0.053125
0 0.609375 0.31015625 0.103125 0.040625
0 0.5203125 0.30078125 0.08671875 0.03359375
0 0.76171875 0.25859375 0.1109375 0.0671875
0 0.69609375 0.30859375 0.08203125 0.053125
0 0.7703125 0.31875 0.09140625 0.04296875
0 0.8421875 0.28984375 0.08671875 0.0671875
0 0.83671875 0.25390625 0.03828125 0.02421875
0 0.8140625 0.35234375 0.09609375 0.05546875
0 0.6984375 0.3640625 0.08671875 0.0578125
0 0.78125 0.3703125 0.09140625 0.04296875
0 0.7765625 0.42578125 0.115625 0.0671875
0 0.7640625 0.4734375 0.0671875 0.03828125
0 0.6609375 0.4515625 0.1609375 0.103125
0 0.56015625 0.38203125 0.18984375 0.1390625
0 0.38828125 0.384375 0.2015625 0.134375
0 0.2296875 0.42578125 0.08203125 0.053125
0 0.27265625 0.4125 0.053125 0.02421875
0 0.17578125 0.4359375 0.03828125 0.03828125
0 0.2296875 0.47109375 0.09140625 0.053125
0 0.79296875 0.57109375 0.34609375 0.17578125
0 0.81015625 0.48671875 0.0578125 0.05546875
0 0.70078125 0.65859375 0.1609375 0.1734375
0 0.365625 0.5171875 0.07421875 0.040625
0 0.30390625 0.49296875 0.0671875 0.0484375
0 0.2359375 0.5171875 0.0578125 0.03359375
0 0.2125 0.5484375 0.0671875 0.040625
0 0.396875 0.4734375 0.09140625 0.04296875
0 0.46875 0.48828125 0.053125 0.03828125
0 0.5203125 0.5109375 0.0625 0.0484375
0 0.5265625 0.54296875 0.0625 0.03125
0 0.5 0.5671875 0.08203125 0.03828125
0 0.47734375 0.58984375 0.0453125 0.03359375
0 0.43984375 0.6078125 0.07421875 0.04296875
0 0.41953125 0.578125 0.08203125 0.053125
0 0.4421875 0.53125 0.0671875 0.0484375
0 0.35078125 0.55859375 0.09140625 0.040625
0 0.359375 0.603125 0.08671875 0.03359375
0 0.2875 0.5921875 0.0578125 0.040625
0 0.328125 0.6359375 0.08203125 0.04296875
0 0.35078125 0.6671875 0.0671875 0.04296875
0 0.4109375 0.6515625 0.08671875 0.0484375
0 0.321875 0.72578125 0.08203125 0.04296875
0 0.28984375 0.68125 0.053125 0.04296875
0 0.603125 0.56875 0.0671875 0.03359375
0 0.63828125 0.6 0.0671875 0.03359375
0 0.578125 0.59609375 0.053125 0.03359375
0 0.60546875 0.63828125 0.053125 0.0484375
0 0.55390625 0.63203125 0.0625 0.053125
0 0.56640625 0.68125 0.0625 0.03125
0 0.6203125 0.68359375 0.0453125 0.03125
0 0.646875 0.71484375 0.02890625 0.02421875
0 0.603125 0.7140625 0.0453125 0.02890625
0 0.5515625 0.7171875 0.0671875 0.040625
0 0.59765625 0.7484375 0.0671875 0.040625
0 0.53984375 0.76171875 0.0578125 0.040625
0 0.48828125 0.73046875 0.0578125 0.03359375
0 0.46484375 0.69140625 0.0671875 0.03828125
0 0.5 0.6671875 0.0671875 0.0578125
0 0.421875 0.71875 0.0625 0.03828125
0 0.46875 0.7609375 0.0625 0.03828125
0 0.40234375 0.76171875 0.0671875 0.040625
0 0.89765625 0.46875 0.19921875 0.1921875
0 0.92890625 0.25390625 0.13671875 0.25234375
0 0.8953125 0.09609375 0.2046875 0.1875
0 0.75625 0.0171875 0.1109375 0.02890625
0 0.94140625 0.6140625 0.11328125 0.12734375
0 0.9703125 0.5109375 0.05546875 0.11328125
0 0.91484375 0.7328125 0.165625 0.134375
0 0.7875 0.67421875 0.1734375 0.10078125
0 0.6921875 0.734375 0.09609375 0.0671875
0 0.85078125 0.77265625 0.21875 0.11796875
0 0.86875 0.90859375 0.25703125 0.178125
0 0.73046875 0.96484375 0.178125 0.06484375
0 0.678125 0.84609375 0.23046875 0.1828125
0 0.5671875 0.95703125 0.1828125 0.08203125
0 0.48828125 0.9015625 0.23046875 0.134375
0 0.4734375 0.8125 0.2015625 0.071875
0 0.30546875 0.95703125 0.3265625 0.08203125
