0 0.89765625 0.1609375 0.08671875 0.06015625
0 0.96875 0.21640625 0.053125 0.103125
0 0.921875 0.234375 0.0625 0.08671875
0 0.9546875 0.021875 0.084375 0.03359375
0 0.8296875 0.021875 0.09609375 0.03359375
0 0.73671875 0.021875 0.053125 0.03359375
0 0.2671875 0.2078125 0.053125 0.1109375
0 0.2484375 0.34140625 0.084375 0.103125
0 0.4015625 0.26796875 0.053125 0.08671875
0 0.4234375 0.2296875 0.0484375 0.08671875
0 0.49765625 0.24296875 0.04296875 0.09140625
0 0.52734375 0.2015625 0.0359375 0.053125
0 0.47265625 0.2234375 0.0359375 0.053125
0 0.46875 0.33046875 0.06484375 0.125
0 0.390625 0.3734375 0.0984375 0.14921875
0 0.396875 0.49765625 0.0578125 0.0984375
0 0.59609375 0.36875 0.08203125 0.13671875
0 0.5328125 0.30078125 0.053125 0.1109375
0 0.5921875 0.2875 0.071875 0.09140625
0 0.53125 0.3734375 0.0359375 0.08203125
0 0.4859375 0.48671875 0.053125 0.0765625
0 0.453125 0.56015625 0.03359375 0.08203125
0 0.5421875 0.56875 0.10078125 0.1296875
0 0.578125 0.453125 0.1109375 0.1109375
0 0.63828125 0.64765625 0.053125 0.16796875
0 0.703125 0.22109375 0.0671875 0.115625
0 0.7703125 0.16953125 0.071875 0.08671875
0 0.69921875 0.1421875 0.0671875 0.03359375
0 0.83046875 0.22109375 0.10546875 0.13671875
0 0.7671875 0.2703125 0.08203125 0.13671875
0 0.83671875 0.3140625 0.08671875 0.103125
0 0.8640625 0.396875 0.11328125 0.115625
0 0.9671875 0.328125 0.0578125 0.1203125
0 0.9125 0.3171875 0.05078125 0.1109375
0 0.30390625 0.946875 0.18046875 0.10078125
0 0.1046875 0.67890625 0.209375 0.63671875
0 0.1515625 0.27890625 0.134375 0.1421875
0 0.24765625 0.16953125 0.06484375 0.196875
0 0.3078125 0.2984375 0.134375 0.08203125
0 0.34609375 0.94921875 0.2640625 0.09609375
0 0.28515625 0.84140625 0.15625 0.0984375
0 0.24140625 0.6265625 0.0765625 0.321875
0 0.703125 0.2921875 0.053125 0.071875
0 0.7296875 0.35234375 0.053125 0.071875
0 0.80390625 0.3859375 0.05078125 0.071875
0 0.9578125 0.4375 0.0765625 0.0984375
0 0.9640625 0.5109375 0.06484375 0.0484375
0 0.97578125 0.56015625 0.03828125 0.08203125
0 0.97265625 0.6140625 0.0484375 0.03828125
0 0.9359375 0.62265625 0.03828125 0.053125
0 0.9234375 0.53828125 0.0578125 0.09140625
0 0.86796875 0.49140625 0.053125 0.0765625
0 0.81875 0.4828125 0.05078125 0.06015625
0 0.7875 0.45703125 0.03359375 0.06015625
0 0.7015625 0.4078125 0.05078125 0.09140625
0 0.740625 0.4421875 0.10546875 0.1109375
0 0.7015625 0.51953125 0.0359375 0.053125
0 0.7703125 0.63125 0.0578125 0.08203125
0 0.83984375 0.61171875 0.05078125 0.053125
0 0.8578125 0.5625 0.08203125 0.0765625
0 0.7984375 0.54921875 0.0484375 0.09140625
0 0.74375 0.54296875 0.0625 0.115625
0 0.86640625 0.93046875 0.25703125 0.134375
