0 0.46015625 0.6359375 0.10546875 0.08203125
0 0.2359375 0.58984375 0.06484375 0.05625
0 0.58828125 0.01015625 0.0546875 0.01640625
0 0.9375 0.05419921875 0.109375 0.0927734375
0 0.52099609375 0.02197265625 0.0810546875 0.0361328125
0 0.740234375 0.126953125 0.1328125 0.109375
0 0.646484375 0.14599609375 0.10546875 0.0849609375
0 0.505859375 0.11279296875 0.0625 0.0537109375
0 0.4423828125 0.14697265625 0.080078125 0.0830078125
0 0.3740234375 0.19384765625 0.095703125 0.0712890625
0 0.28125 0.33203125 0.28515625 0.203125
0 0.91796875 0.7958984375 0.0546875 0.103515625
0 0.9150390625 0.86962890625 0.060546875 0.0595703125
0 0.8427734375 0.85595703125 0.107421875 0.0712890625
0 0.75048828125 0.65380859375 0.4267578125 0.3935546875
0 0.73095703125 0.45068359375 0.0830078125 0.0537109375
0 0.8115234375 0.40478515625 0.087890625 0.1025390625
0 0.7451171875 0.24169921875 0.068359375 0.0654296875
0 0.6484375 0.23291015625 0.1171875 0.0908203125
0 0.720703125 0.31884765625 0.12109375 0.1025390625
0 0.6591796875 0.38623046875 0.111328125 0.1005859375
0 0.5576171875 0.28955078125 0.123046875 0.0947265625
0 0.52685546875 0.23388671875 0.1005859375 0.0693359375
0 0.4560546875 0.27392578125 0.076171875 0.0634765625
0 0.455078125 0.34423828125 0.10546875 0.0791015625
0 0.537109375 0.39013671875 0.12890625 0.1005859375
0 0.5029296875 0.48583984375 0.119140625 0.0849609375
0 0.5 0.57177734375 0.05859375 0.0537109375
0 0.3984375 0.57177734375 0.1171875 0.1005859375
0 0.618990384375 0.468411959375 0.12920673125 0.09247295625
0 0.283203125 0.40185546875 0.125 0.1044921875
0 0.380859375 0.37744140625 0.09765625 0.0556640625
0 0.4111328125 0.43212890625 0.123046875 0.0830078125
0 0.333984375 0.49658203125 0.10546875 0.1181640625
0 0.203125 0.46630859375 0.1171875 0.0966796875
0 0.16796875 0.52685546875 0.0859375 0.0615234375
0 0.271484375 0.56591796875 0.09375 0.0849609375
0 0.357083834375 0.7470703125 0.293494590625 0.267578125
0 0.470252403906 0.804612079688 0.615985576562 0.390775840625
