0 0.15390625 0.28125 0.303125 0.5578125
0 0.3546875 0.09375 0.1828125 0.1875
0 0.5171875 0.09765625 0.1390625 0.18984375
0 0.6671875 0.11796875 0.1609375 0.23046875
0 0.86328125 0.09140625 0.26953125 0.178125
0 0.8328125 0.23671875 0.178125 0.2046875
0 0.959375 0.27421875 0.071875 0.24296875
0 0.58671875 0.29296875 0.0984375 0.2015625
0 0.7296875 0.24296875 0.03359375 0.0453125
0 0.36171875 0.36796875 0.1421875 0.22578125
0 0.4234375 0.26328125 0.228125 0.1875
0 0.80078125 0.4375 0.14921875 0.209375
0 0.93046875 0.41796875 0.134375 0.16796875
0 0.946875 0.50234375 0.0984375 0.1921875
0 0.67421875 0.475 0.134375 0.2015625
0 0.69375 0.3109375 0.16328125 0.134375
0 0.0265625 0.6625 0.0484375 0.18046875
0 0.01796875 0.796875 0.0359375 0.134375
0 0.0796875 0.94140625 0.15859375 0.10546875
0 0.16484375 0.7546875 0.2453125 0.41328125
0 0.2984375 0.8953125 0.12734375 0.196875
0 0.34609375 0.709375 0.13671875 0.23046875
0 0.396875 0.80546875 0.0578125 0.09609375
0 0.43984375 0.9203125 0.1734375 0.146875
0 0.6609375 0.86171875 0.27890625 0.2640625
0 0.8296875 0.78828125 0.1734375 0.24296875
0 0.9578125 0.8140625 0.0765625 0.22578125
0 0.896875 0.9375 0.19921875 0.11328125
0 0.8859375 0.62734375 0.1296875 0.15859375
0 0.9703125 0.64453125 0.053125 0.146875
0 0.7640625 0.60703125 0.125 0.1296875
0 0.7140625 0.703125 0.115625 0.09609375
0 0.4859375 0.81953125 0.1296875 0.22578125
0 0.50859375 0.41796875 0.0484375 0.09140625
0 0.5640625 0.4265625 0.03828125 0.08671875
0 0.515625 0.36796875 0.02890625 0.03359375
0 0.5609375 0.38671875 0.02890625 0.0171875
0 0.4734375 0.41015625 0.04296875 0.08671875
0 0.44375 0.4625 0.053125 0.0671875
0 0.48203125 0.50625 0.0671875 0.09609375
0 0.53359375 0.50625 0.0578125 0.08671875
0 0.58671875 0.5109375 0.04296875 0.071875
0 0.58671875 0.4546875 0.0484375 0.0625
0 0.43984375 0.5625 0.06015625 0.10546875
0 0.328125 0.55390625 0.1734375 0.2015625
0 0.50390625 0.5796875 0.053125 0.09609375
0 0.5640625 0.58203125 0.06015625 0.10078125
0 0.61171875 0.58515625 0.03828125 0.09609375
0 0.640625 0.55625 0.0453125 0.09609375
0 0.65234375 0.65 0.0765625 0.10078125
0 0.58046875 0.65859375 0.0671875 0.071875
0 0.61875 0.72578125 0.053125 0.0625
0 0.5578125 0.73671875 0.06953125 0.10546875
0 0.51953125 0.66953125 0.0625 0.09609375
0 0.46171875 0.65 0.08671875 0.11328125
0 0.43359375 0.55625 0.071875 0.10546875
0 0.4984375 0.49765625 0.9953125 0.9953125
