0 0.703650841406 0.147761417969 0.463792067188 0.286508414062
0 0.33154296875 0.04150390625 0.3251953125 0.0693359375
0 0.26171875 0.2333984375 0.50390625 0.451171875
0 0.94677734375 0.171875 0.1044921875 0.33203125
0 0.79296875 0.3994140625 0.4140625 0.435546875
0 0.9306640625 0.75390625 0.138671875 0.48046875
0 0.693359375 0.72265625 0.40234375 0.4375
0 0.70849609375 0.90234375 0.3017578125 0.1953125
0 0.33154296875 0.8779296875 0.4384765625 0.244140625
0 0.0703125 0.8349609375 0.1328125 0.330078125
0 0.3203125 0.5576171875 0.51953125 0.498046875
0 0.046875 0.44384765625 0.08984375 0.4873046875
