0 0.98203125 0.05078125 0.02890625 0.08671875
0 0.975 0.12265625 0.021875 0.0578125
0 0.99140625 0.13671875 0.009375 0.10078125
0 0.9796875 0.20546875 0.0359375 0.1078125
0 0.990625 0.28359375 0.0140625 0.0359375
0 0.95078125 0.1875 0.04296875 0.08671875
0 0.9421875 0.11875 0.03828125 0.0359375
0 0.94609375 0.0578125 0.0484375 0.10078125
0 0.9046875 0.06484375 0.0359375 0.115625
0 0.896875 0.1515625 0.053125 0.1296875
0 0.86796875 0.0609375 0.02890625 0.1078125
0 0.978125 0.3484375 0.03828125 0.09375
0 0.93359375 0.29453125 0.04296875 0.115625
0 0.96171875 0.25859375 0.03359375 0.04296875
0 0.9109375 0.36640625 0.040625 0.1296875
0 0.9546875 0.43125 0.053125 0.14453125
0 0.98671875 0.43125 0.021875 0.0578125
0 0.96875 0.50390625 0.053125 0.08671875
0 0.9828125 0.571875 0.02890625 0.09375
0 0.98203125 0.63359375 0.02890625 0.08671875
0 0.9890625 0.73046875 0.0171875 0.09375
0 0.83984375 0.021875 0.03359375 0.02890625
0 0.8140625 0.06484375 0.053125 0.115625
0 0.8484375 0.12265625 0.04296875 0.1296875
0 0.85546875 0.24140625 0.053125 0.12265625
0 0.89453125 0.25859375 0.02890625 0.071875
0 0.91484375 0.2234375 0.03359375 0.0578125
0 0.87890625 0.31640625 0.02890625 0.071875
0 0.89765625 0.428125 0.0484375 0.13671875
0 0.921875 0.49609375 0.0359375 0.0578125
0 0.94921875 0.59765625 0.040625 0.1296875
0 0.96484375 0.6765625 0.02890625 0.0578125
0 0.9625 0.734375 0.02890625 0.071875
0 0.7703125 0.025 0.0359375 0.0359375
0 0.7671875 0.07578125 0.0484375 0.12265625
0 0.76328125 0.19453125 0.0484375 0.1296875
0 0.8078125 0.234375 0.0484375 0.1078125
0 0.8078125 0.15859375 0.03828125 0.071875
0 0.83671875 0.30546875 0.0484375 0.0796875
0 0.8484375 0.384375 0.06015625 0.09375
0 0.8578125 0.42421875 0.0484375 0.08671875
0 0.86796875 0.5140625 0.04296875 0.09375
0 0.9046875 0.57578125 0.053125 0.1296875
0 0.92578125 0.665625 0.03828125 0.0796875
0 0.9265625 0.7234375 0.0359375 0.06484375
0 0.9171875 0.7484375 0.03828125 0.0578125
0 0.89453125 0.73046875 0.01953125 0.05078125
0 0.859375 0.73828125 0.0484375 0.09375
0 0.88828125 0.7015625 0.0359375 0.06484375
0 0.88671875 0.6515625 0.03828125 0.05078125
0 0.8609375 0.6046875 0.0359375 0.08671875
0 0.82109375 0.546875 0.0484375 0.1296875
0 0.84140625 0.475 0.040625 0.0578125
0 0.7921875 0.478125 0.0484375 0.06484375
0 0.790625 0.3921875 0.0484375 0.1515625
0 0.74296875 0.3453125 0.053125 0.14453125
0 0.77265625 0.28359375 0.0484375 0.0796875
0 0.74140625 0.2484375 0.021875 0.05078125
0 0.728125 0.209375 0.02890625 0.10078125
0 0.70078125 0.15859375 0.053125 0.14453125
0 0.6734375 0.06875 0.0484375 0.12265625
0 0.69921875 0.02890625 0.03359375 0.04296875
0 0.65390625 0.18046875 0.040625 0.1296875
0 0.640625 0.021875 0.02421875 0.02890625
0 0.62890625 0.07578125 0.03828125 0.12265625
0 0.60078125 0.021875 0.03828125 0.02890625
0 0.68984375 0.28359375 0.0578125 0.13671875
0 0.69140625 0.39921875 0.0484375 0.1078125
0 0.74296875 0.453125 0.0484375 0.08671875
0 0.7484375 0.52890625 0.0484375 0.09375
0 0.7859375 0.525 0.02421875 0.02890625
0 0.7921875 0.615625 0.0484375 0.12265625
0 0.82109375 0.63671875 0.0171875 0.06484375
0 0.803125 0.6984375 0.0359375 0.0578125
0 0.8296875 0.72734375 0.02890625 0.04296875
0 0.78125 0.71640625 0.02890625 0.05078125
0 0.76171875 0.7015625 0.02890625 0.0359375
0 0.75625 0.6625 0.040625 0.04296875
0 0.74765625 0.6046875 0.040625 0.071875
0 0.7328125 0.615625 0.03828125 0.0796875
0 0.71875 0.64453125 0.03359375 0.06484375
0 0.6765625 0.665625 0.040625 0.05078125
0 0.67890625 0.6078125 0.0484375 0.09375
0 0.70078125 0.525 0.0484375 0.14453125
0 0.6734375 0.47109375 0.0359375 0.09375
0 0.6546875 0.39921875 0.03359375 0.06484375
0 0.6515625 0.30546875 0.0359375 0.1078125
0 0.63203125 0.2453125 0.02890625 0.0578125
0 0.6140625 0.1734375 0.03828125 0.1296875
0 0.58671875 0.07578125 0.04296875 0.1078125
0 0.56015625 0.02890625 0.040625 0.04296875
0 0.55390625 0.09765625 0.03828125 0.1078125
0 0.57578125 0.1984375 0.04296875 0.13671875
0 0.6046875 0.29453125 0.0625 0.115625
0 0.61875 0.3703125 0.0359375 0.05078125
0 0.6265625 0.48203125 0.053125 0.14453125
0 0.6609375 0.5 0.02890625 0.1078125
0 0.625 0.571875 0.04296875 0.0796875
0 0.6296875 0.62265625 0.02890625 0.05078125
0 0.5953125 0.45703125 0.04296875 0.09375
0 0.5828125 0.38828125 0.0484375 0.1296875
0 0.54453125 0.4203125 0.040625 0.1078125
0 0.54921875 0.30859375 0.0484375 0.10078125
0 0.5265625 0.3265625 0.02890625 0.09375
0 0.4890625 0.30859375 0.040625 0.071875
0 0.44609375 0.31640625 0.04296875 0.08671875
0 0.453125 0.234375 0.040625 0.1078125
0 0.4890625 0.21640625 0.040625 0.1296875
0 0.5296875 0.21640625 0.0484375 0.115625
0 0.4109375 0.23046875 0.03828125 0.115625
0 0.384375 0.1296875 0.0359375 0.115625
0 0.42578125 0.1296875 0.040625 0.1296875
0 0.4703125 0.13359375 0.0484375 0.12265625
0 0.51328125 0.1078125 0.0484375 0.115625
0 0.525 0.0328125 0.040625 0.05078125
0 0.4828125 0.04296875 0.040625 0.071875
0 0.4421875 0.046875 0.040625 0.0796875
0 0.4 0.03984375 0.053125 0.06484375
0 0.36171875 0.04296875 0.02890625 0.071875
0 0.7296875 0.71640625 0.04296875 0.0796875
0 0.6859375 0.7453125 0.03359375 0.09375
0 0.63203125 0.7546875 0.02890625 0.071875
0 0.6578125 0.7125 0.02890625 0.0578125
0 0.6359375 0.68046875 0.04296875 0.06484375
0 0.6109375 0.734375 0.040625 0.071875
0 0.5765625 0.72734375 0.02890625 0.071875
0 0.59609375 0.665625 0.0359375 0.06484375
0 0.5796875 0.64453125 0.02890625 0.0359375
0 0.5765625 0.51796875 0.0484375 0.071875
0 0.5484375 0.5578125 0.04296875 0.09375
0 0.5890625 0.58671875 0.03828125 0.06484375
0 0.55078125 0.68359375 0.03359375 0.071875
0 0.53984375 0.640625 0.03359375 0.071875
0 0.515625 0.6734375 0.03359375 0.0796875
0 0.5359375 0.72734375 0.01953125 0.0140625
0 0.49140625 0.615625 0.01953125 0.05078125
0 0.51171875 0.58671875 0.02890625 0.06484375
0 0.49375 0.5328125 0.040625 0.08671875
0 0.50703125 0.46015625 0.02890625 0.08671875
0 0.49375 0.384375 0.0484375 0.1078125
0 0.46015625 0.37734375 0.03359375 0.09375
0 0.46875 0.4640625 0.03359375 0.06484375
0 0.46640625 0.521875 0.01953125 0.0359375
0 0.46640625 0.5578125 0.02421875 0.09375
0 0.4421875 0.54296875 0.02890625 0.05078125
0 0.4421875 0.60078125 0.02421875 0.06484375
0 0.4109375 0.50390625 0.021875 0.04296875
0 0.4359375 0.48203125 0.02890625 0.08671875
0 0.40625 0.43125 0.0359375 0.08671875
0 0.3765625 0.48203125 0.0359375 0.08671875
0 0.40234375 0.546875 0.021875 0.02890625
0 0.43046875 0.3953125 0.03359375 0.0578125
0 0.41484375 0.33046875 0.0359375 0.071875
0 0.38125 0.3265625 0.02421875 0.0796875
0 0.36875 0.3921875 0.02890625 0.0796875
0 0.3390625 0.38125 0.03359375 0.08671875
0 0.3453125 0.3234375 0.03359375 0.08671875
0 0.30390625 0.3703125 0.02890625 0.0796875
0 0.2671875 0.3234375 0.03359375 0.10078125
0 0.3015625 0.3015625 0.0359375 0.0578125
0 0.38125 0.24140625 0.02421875 0.0796875
0 0.359375 0.22734375 0.02890625 0.1078125
0 0.321875 0.22734375 0.04296875 0.09375
0 0.28828125 0.2203125 0.02890625 0.09375
0 0.25859375 0.22734375 0.021875 0.0796875
0 0.23203125 0.2203125 0.03359375 0.06484375
0 0.3609375 0.140625 0.0171875 0.09375
0 0.334375 0.15859375 0.02421875 0.08671875
0 0.30078125 0.1546875 0.03359375 0.0796875
0 0.265625 0.1515625 0.02890625 0.10078125
0 0.2390625 0.14453125 0.02890625 0.08671875
0 0.21640625 0.14453125 0.02421875 0.071875
0 0.20078125 0.0796875 0.021875 0.08671875
0 0.178125 0.025 0.02890625 0.0359375
0 0.2078125 0.025 0.0359375 0.0359375
0 0.22734375 0.0578125 0.02421875 0.08671875
0 0.26171875 0.05390625 0.02890625 0.0796875
0 0.28359375 0.07578125 0.0171875 0.05078125
0 0.30859375 0.06875 0.03359375 0.0796875
0 0.33984375 0.06484375 0.02421875 0.08671875
0 0.54453125 0.77265625 0.02890625 0.06484375
0 0.5171875 0.76953125 0.02421875 0.08671875
0 0.49609375 0.765625 0.02890625 0.05078125
0 0.49140625 0.70546875 0.0359375 0.08671875
0 0.4625 0.64453125 0.03828125 0.06484375
0 0.45703125 0.73046875 0.03828125 0.09375
0 0.46015625 0.7765625 0.021875 0.02890625
0 0.478125 0.79453125 0.01953125 0.0359375
0 0.4375 0.7765625 0.0171875 0.04296875
0 0.43046875 0.73046875 0.021875 0.06484375
0 0.46015625 0.7203125 0.03359375 0.08671875
0 0.421875 0.6515625 0.03359375 0.09375
0 0.41328125 0.57578125 0.02890625 0.071875
0 0.384375 0.6078125 0.0359375 0.1078125
0 0.375 0.55390625 0.02890625 0.02890625
0 0.3421875 0.5140625 0.040625 0.12265625
0 0.328125 0.453125 0.03359375 0.071875
0 0.2921875 0.46015625 0.03359375 0.10078125
0 0.3015625 0.521875 0.02890625 0.06484375
0 0.30859375 0.5796875 0.02890625 0.0796875
0 0.3421875 0.59375 0.0359375 0.0796875
0 0.365625 0.63671875 0.02421875 0.06484375
0 0.38359375 0.709375 0.03828125 0.09375
0 0.41484375 0.7453125 0.02890625 0.0796875
0 0.14765625 0.02890625 0.02890625 0.04296875
0 0.1203125 0.02890625 0.02890625 0.04296875
0 0.0890625 0.03984375 0.02890625 0.06484375
0 0.0625 0.04296875 0.02421875 0.071875
0 0.03828125 0.021875 0.021875 0.02890625
0 0.0109375 0.0328125 0.021875 0.05078125
0 0.1671875 0.09375 0.040625 0.08671875
0 0.19140625 0.1765625 0.0359375 0.0796875
0 0.196875 0.265625 0.040625 0.08671875
0 0.228125 0.3015625 0.03828125 0.10078125
0 0.2390625 0.39921875 0.03828125 0.09375
0 0.2765625 0.40234375 0.02890625 0.0578125
0 0.2640625 0.48203125 0.021875 0.08671875
0 0.2765625 0.5328125 0.01953125 0.04296875
0 0.2390625 0.47109375 0.03828125 0.06484375
0 0.21484375 0.3703125 0.0171875 0.05078125
0 0.18984375 0.35234375 0.03828125 0.08671875
0 0.1578125 0.2765625 0.03828125 0.09375
0 0.1578125 0.18359375 0.03359375 0.09375
0 0.13125 0.1875 0.02421875 0.10078125
0 0.13359375 0.1078125 0.02890625 0.08671875
0 0.11328125 0.12265625 0.021875 0.071875
0 0.10546875 0.1984375 0.02890625 0.09375
0 0.08671875 0.11171875 0.02890625 0.0796875
0 0.0796875 0.20546875 0.02890625 0.09375
0 0.0578125 0.1296875 0.02890625 0.10078125
0 0.0296875 0.09375 0.03359375 0.071875
0 0.00859375 0.1046875 0.0171875 0.0796875
0 0.02890625 0.16953125 0.02421875 0.06484375
0 0.053125 0.22734375 0.02890625 0.09375
0 0.07421875 0.29453125 0.03359375 0.08671875
0 0.00859375 0.1734375 0.0171875 0.08671875
0 0.021875 0.2515625 0.03359375 0.08671875
0 0.04296875 0.3234375 0.0359375 0.08671875
0 0.08203125 0.3953125 0.0484375 0.10078125
0 0.115625 0.29453125 0.04296875 0.071875
0 0.14296875 0.3703125 0.05546875 0.1078125
0 0.11171875 0.35234375 0.0359375 0.04296875
0 0.10703125 0.4390625 0.0484375 0.115625
0 0.1390625 0.43515625 0.02890625 0.06484375
0 0.04296875 0.428125 0.02890625 0.1078125
0 0.01328125 0.41328125 0.0265625 0.09609375
0 0.0109375 0.3453125 0.021875 0.08671875
0 0.16953125 0.4640625 0.0359375 0.09375
0 0.2078125 0.4203125 0.0359375 0.0796875
0 0.2140625 0.50703125 0.0484375 0.09375
0 0.1734375 0.525 0.0484375 0.071875
0 0.2140625 0.5609375 0.040625 0.071875
0 0.1890625 0.59375 0.02890625 0.06484375
0 0.20546875 0.640625 0.0359375 0.08671875
0 0.24140625 0.61875 0.040625 0.10078125
0 0.26171875 0.5609375 0.021875 0.04296875
0 0.2765625 0.6078125 0.02890625 0.09375
0 0.390625 0.7796875 0.03359375 0.05078125
0 0.3546875 0.79453125 0.02421875 0.0359375
0 0.3578125 0.75859375 0.02890625 0.06484375
0 0.34765625 0.709375 0.02890625 0.0796875
0 0.34609375 0.66953125 0.040625 0.0578125
0 0.3109375 0.66953125 0.03359375 0.071875
0 0.328125 0.7515625 0.021875 0.06484375
0 0.30390625 0.73046875 0.0359375 0.05078125
0 0.2796875 0.6984375 0.040625 0.071875
0 0.23828125 0.71640625 0.0359375 0.0796875
0 0.19453125 0.734375 0.0484375 0.10078125
0 0.15234375 0.75859375 0.040625 0.0796875
0 0.15859375 0.69140625 0.0359375 0.071875
0 0.18046875 0.6546875 0.02421875 0.0578125
0 0.165625 0.59765625 0.02890625 0.08671875
0 0.1421875 0.61875 0.0484375 0.10078125
0 0.1234375 0.7515625 0.02890625 0.0359375
0 0.10234375 0.765625 0.0171875 0.021875
0 0.09765625 0.74140625 0.02421875 0.02890625
0 0.0953125 0.7125 0.02421875 0.0578125
0 0.1234375 0.7015625 0.03828125 0.0796875
0 0.084375 0.68046875 0.02890625 0.06484375
0 0.06875 0.73828125 0.021875 0.05078125
0 0.04921875 0.7125 0.03828125 0.08671875
0 0.01953125 0.7453125 0.021875 0.06484375
0 0.00703125 0.75859375 0.0140625 0.05078125
0 0.01328125 0.7203125 0.0265625 0.06015625
0 0.025 0.68359375 0.0484375 0.071875
0 0.03359375 0.61171875 0.03359375 0.071875
0 0.0578125 0.59375 0.03828125 0.12265625
0 0.09375 0.60078125 0.04296875 0.0796875
0 0.10234375 0.525 0.04296875 0.08671875
0 0.1421875 0.52890625 0.0484375 0.09375
0 0.03828125 0.5359375 0.03359375 0.0796875
0 0.01328125 0.571875 0.0265625 0.08203125
0 0.0140625 0.49921875 0.028125 0.0828125
