0 0.0296875 0.8328125 0.05546875 0.1296875
0 0.0484375 0.90859375 0.04296875 0.0890625
0 0.0890625 0.9015625 0.03828125 0.0890625
0 0.09609375 0.81640625 0.06953125 0.134375
0 0.06015625 0.7546875 0.05078125 0.1109375
0 0.01953125 0.7046875 0.03359375 0.1296875
0 0.05546875 0.66953125 0.06015625 0.10078125
0 0.01953125 0.5609375 0.03359375 0.1421875
0 0.046875 0.5953125 0.0484375 0.0890625
0 0.09609375 0.57421875 0.06484375 0.1296875
0 0.0625 0.5 0.04296875 0.1296875
0 0.1109375 0.69375 0.053125 0.1109375
0 0.16484375 0.890625 0.0265625 0.0671875
0 0.1578125 0.921875 0.02421875 0.03359375
0 0.134375 0.94921875 0.02421875 0.07421875
0 0.16015625 0.9703125 0.02890625 0.0484375
0 0.1546875 0.8328125 0.02890625 0.0625
0 0.16015625 0.765625 0.01953125 0.0625
0 0.1875 0.73828125 0.03359375 0.0625
0 0.1765625 0.771875 0.01953125 0.03359375
0 0.18515625 0.79921875 0.03359375 0.0625
0 0.19609375 0.84765625 0.040625 0.07421875
0 0.1921875 0.90859375 0.01953125 0.0625
0 0.1828125 0.95546875 0.0265625 0.0625
0 0.1875 0.9796875 0.0265625 0.02890625
0 0.22578125 0.728125 0.03828125 0.040625
0 0.2453125 0.7859375 0.02421875 0.10078125
0 0.225 0.80625 0.040625 0.0890625
0 0.2671875 0.7453125 0.03359375 0.0890625
0 0.28515625 0.80625 0.04296875 0.0484375
0 0.25625 0.8703125 0.02421875 0.08203125
0 0.23828125 0.8734375 0.03359375 0.07421875
0 0.2828125 0.89453125 0.02421875 0.0625
0 0.2921875 0.84765625 0.01953125 0.03359375
0 0.303125 0.8703125 0.02421875 0.0671875
0 0.30859375 0.92890625 0.01953125 0.0625
0 0.2875 0.959375 0.0265625 0.0671875
0 0.25625 0.9703125 0.02890625 0.0484375
0 0.22578125 0.94609375 0.03828125 0.09609375
0 0.30390625 0.9796875 0.01953125 0.02890625
0 0.37890625 0.93515625 0.053125 0.0890625
0 0.36796875 0.81953125 0.040625 0.115625
0 0.353125 0.85703125 0.03359375 0.09609375
0 0.33515625 0.76171875 0.02890625 0.09609375
0 0.3234375 0.6671875 0.02421875 0.09609375
0 0.35546875 0.6875 0.0484375 0.08203125
0 0.365625 0.7515625 0.03828125 0.0890625
0 0.39921875 0.76171875 0.040625 0.1109375
0 0.39921875 0.85 0.02890625 0.08203125
0 0.41796875 0.92578125 0.03359375 0.0671875
0 0.44609375 0.94609375 0.0484375 0.09609375
0 0.4046875 0.9703125 0.02890625 0.01953125
0 0.45703125 0.43515625 0.03828125 0.09609375
0 0.4953125 0.48671875 0.02890625 0.0890625
0 0.4578125 0.49296875 0.03359375 0.0625
0 0.4796875 0.53359375 0.03828125 0.07421875
0 0.43046875 0.4515625 0.0265625 0.07421875
0 0.40625 0.459375 0.0265625 0.07421875
0 0.37890625 0.49609375 0.02890625 0.0671875
0 0.3578125 0.52421875 0.02890625 0.053125
0 0.3484375 0.57109375 0.0484375 0.08203125
0 0.33046875 0.60546875 0.03359375 0.0671875
0 0.37109375 0.6296875 0.03359375 0.0625
0 0.375 0.56875 0.0265625 0.0625
0 0.39921875 0.52734375 0.040625 0.10078125
0 0.4046875 0.60546875 0.03359375 0.08203125
0 0.41015625 0.6671875 0.03359375 0.08203125
0 0.4375 0.72109375 0.03359375 0.0671875
0 0.453125 0.79921875 0.03828125 0.0890625
0 0.42890625 0.853125 0.02890625 0.0625
0 0.4546875 0.88125 0.040625 0.0890625
0 0.48046875 0.884375 0.02421875 0.08203125
0 0.484375 0.7953125 0.02421875 0.08203125
0 0.48828125 0.71015625 0.0265625 0.07421875
0 0.4640625 0.72109375 0.02421875 0.08203125
0 0.44375 0.65625 0.03359375 0.07421875
0 0.4359375 0.57109375 0.04296875 0.134375
0 0.47109375 0.615625 0.03359375 0.1296875
0 0.50625 0.6265625 0.03359375 0.09609375
0 0.4953125 0.57421875 0.02421875 0.0484375
0 0.51796875 0.94609375 0.0625 0.09609375
0 0.30078125 0.33984375 0.053125 0.134375
0 0.34765625 0.39453125 0.053125 0.12265625
0 0.35078125 0.2921875 0.03828125 0.09609375
0 0.32421875 0.1359375 0.05546875 0.12265625
0 0.3578125 0.2078125 0.040625 0.0890625
0 0.3953125 0.26171875 0.05078125 0.1296875
0 0.3859375 0.3609375 0.04296875 0.053125
0 0.18359375 0.50390625 0.09375 0.16328125
0 0.16953125 0.60546875 0.06953125 0.16328125
0 0.2484375 0.609375 0.1078125 0.1296875
0 0.271875 0.490625 0.08671875 0.14921875
0 0.2125 0.390625 0.053125 0.115625
0 0.25234375 0.3734375 0.03828125 0.14921875
0 0.1453125 0.23046875 0.02890625 0.09609375
0 0.18984375 0.2171875 0.0625 0.09609375
0 0.2078125 0.2859375 0.084375 0.09609375
0 0.1703125 0.11171875 0.03359375 0.1296875
0 0.1921875 0.15234375 0.03359375 0.0890625
0 0.1421875 0.0984375 0.0265625 0.0484375
0 0.146875 0.146875 0.0140625 0.0625
0 0.125 0.18046875 0.0359375 0.07421875
0 0.23046875 0.18359375 0.0484375 0.09609375
0 0.22734375 0.11640625 0.084375 0.228125
0 0.2203125 0.1203125 0.12265625 0.2359375
0 0.16484375 0.03828125 0.040625 0.071875
0 0.125 0.03828125 0.0484375 0.071875
0 0.24765625 0.06484375 0.06484375 0.115625
0 0.25390625 0.09140625 0.0359375 0.07421875
0 0.2921875 0.0328125 0.03125 0.06015625
0 0.31875 0.0359375 0.1078125 0.0671875
0 0.35078125 0.08515625 0.03828125 0.0890625
0 0.37890625 0.115625 0.053125 0.12265625
0 0.4265625 0.146875 0.0484375 0.115625
0 0.4515625 0.225 0.053125 0.1109375
0 0.4171875 0.2140625 0.02421875 0.0484375
0 0.44140625 0.33046875 0.05546875 0.115625
0 0.4734375 0.23828125 0.0265625 0.09609375
0 0.4671875 0.0890625 0.0625 0.12265625
0 0.421875 0.0453125 0.05078125 0.08671875
0 0.46484375 0.01796875 0.040625 0.03125
0 0.7046875 0.93125 0.125 0.12265625
0 0.77265625 0.9703125 0.03359375 0.0484375
0 0.72109375 0.53359375 0.04296875 0.4828125
0 0.678125 0.57109375 0.05546875 0.3265625
0 0.6828125 0.57109375 0.03359375 0.353125
0 0.759375 0.62265625 0.0484375 0.43046875
0 0.7484375 0.49296875 0.01953125 0.15625
0 0.7921875 0.7828125 0.04296875 0.353125
0 0.8140625 0.6390625 0.0625 0.39453125
0 0.81640625 0.66015625 0.03359375 0.4640625
0 0.821875 0.9703125 0.0578125 0.0484375
0 0.86171875 0.95546875 0.03828125 0.07421875
0 0.89765625 0.94609375 0.0484375 0.09609375
0 0.5734375 0.890625 0.03359375 0.08203125
0 0.578125 0.80625 0.03359375 0.07421875
0 0.54921875 0.78984375 0.03828125 0.09609375
0 0.61171875 0.85 0.040625 0.0671875
0 0.61171875 0.91796875 0.040625 0.08203125
0 0.65234375 0.84765625 0.03359375 0.0890625
0 0.63203125 0.8234375 0.02890625 0.0671875
0 0.65234375 0.77890625 0.0484375 0.0484375
0 0.61640625 0.728125 0.03828125 0.0671875
0 0.6046875 0.7859375 0.03359375 0.0625
0 0.57578125 0.7171875 0.0484375 0.10078125
0 0.5421875 0.6734375 0.02421875 0.12265625
0 0.584375 0.6265625 0.03828125 0.0671875
0 0.61171875 0.65625 0.03359375 0.0890625
0 0.63671875 0.61875 0.01953125 0.08203125
0 0.61171875 0.58515625 0.03359375 0.08203125
0 0.55390625 0.578125 0.040625 0.09609375
0 0.5265625 0.60546875 0.0140625 0.09609375
0 0.53984375 0.509375 0.040625 0.0671875
0 0.53828125 0.44609375 0.04296875 0.07421875
0 0.56953125 0.47265625 0.0265625 0.07421875
0 0.5890625 0.51328125 0.03359375 0.10078125
0 0.62109375 0.509375 0.02890625 0.0671875
0 0.91328125 0.146875 0.1078125 0.29296875
0 0.96640625 0.20703125 0.0625 0.40859375
0 0.828125 0.3265625 0.06953125 0.134375
0 0.84375 0.1671875 0.05546875 0.22578125
0 0.84140625 0.115625 0.03828125 0.18984375
0 0.7609375 0.23046875 0.06953125 0.1109375
0 0.725 0.23828125 0.071875 0.14921875
0 0.71484375 0.15625 0.04296875 0.1109375
0 0.7453125 0.08203125 0.03359375 0.134375
0 0.7140625 0.0609375 0.02890625 0.08203125
0 0.68984375 0.02734375 0.0484375 0.053125
0 0.77421875 0.06875 0.0265625 0.13671875
0 0.82421875 0.0359375 0.071875 0.0671875
0 0.61171875 0.31015625 0.06015625 0.23828125
0 0.58046875 0.23046875 0.02890625 0.178125
0 0.55390625 0.3328125 0.02421875 0.1109375
0 0.55078125 0.20078125 0.02421875 0.196875
0 0.5296875 0.228125 0.040625 0.22578125
0 0.4984375 0.1875 0.0484375 0.14453125
0 0.65 0.234375 0.0890625 0.115625
0 0.6546875 0.29921875 0.0671875 0.14921875
0 0.678125 0.1296875 0.05546875 0.23046875
0 0.58515625 0.025 0.1421875 0.0453125
0 0.63203125 0.109375 0.040625 0.134375
0 0.6109375 0.11171875 0.03359375 0.14453125
0 0.56875 0.08203125 0.0484375 0.134375
0 0.8890625 0.4796875 0.040625 0.1828125
0 0.87734375 0.42578125 0.01953125 0.14453125
0 0.86171875 0.353125 0.01953125 0.0671875
0 0.84140625 0.41484375 0.0625 0.040625
0 0.9375 0.57109375 0.084375 0.16328125
0 0.93984375 0.60546875 0.01953125 0.1109375
0 0.91796875 0.6734375 0.03359375 0.2046875
0 0.87265625 0.84765625 0.0765625 0.10078125
0 0.89765625 0.93125 0.02890625 0.12265625
0 0.9375 0.88828125 0.03828125 0.21171875
0 0.97265625 0.83984375 0.05078125 0.103125
0 0.9734375 0.9390625 0.0484375 0.1109375
0 0.97734375 0.7390625 0.040625 0.19921875
0 0.9109375 0.7046875 0.1078125 0.15625
0 0.875 0.55078125 0.0578125 0.2859375
0 0.90390625 0.421875 0.0984375 0.23046875
0 0.9546875 0.53828125 0.08671875 0.2640625
