0 0.953125 0.0984375 0.09140625 0.1875
0 0.859375 0.23828125 0.2765625 0.2546875
0 0.8921875 0.1109375 0.17578125 0.21171875
0 0.796875 0.05390625 0.0765625 0.10078125
0 0.94453125 0.35546875 0.10546875 0.1875
0 0.83515625 0.2515625 0.14453125 0.16328125
0 0.82421875 0.296875 0.26953125 0.33203125
0 0.7390625 0.1984375 0.1078125 0.35078125
0 0.6828125 0.203125 0.2015625 0.321875
0 0.603125 0.22265625 0.20703125 0.34375
0 0.60078125 0.15390625 0.1203125 0.1390625
0 0.4953125 0.15 0.11328125 0.146875
0 0.49296875 0.2359375 0.22109375 0.24765625
0 0.61875 0.44609375 0.11328125 0.228125
0 0.48203125 0.328125 0.22109375 0.33203125
0 0.47734375 0.271875 0.08671875 0.14453125
0 0.4125 0.31640625 0.134375 0.1390625
0 0.37109375 0.334375 0.125 0.1828125
0 0.29921875 0.29921875 0.134375 0.14921875
0 0.31953125 0.353125 0.071875 0.08203125
0 0.30625 0.384375 0.18046875 0.14453125
0 0.3296875 0.44609375 0.040625 0.0671875
0 0.3171875 0.46484375 0.0484375 0.1109375
0 0.2609375 0.43984375 0.0484375 0.1390625
0 0.1828125 0.33984375 0.09609375 0.1296875
0 0.203125 0.4234375 0.0671875 0.0890625
0 0.2296875 0.4828125 0.0140625 0.053125
0 0.16015625 0.4359375 0.103125 0.115625
0 0.15234375 0.45546875 0.0578125 0.125
0 0.19609375 0.50390625 0.040625 0.05078125
0 0.81640625 0.6390625 0.36328125 0.71640625
0 0.51171875 0.86328125 0.509375 0.26953125
0 0.36875 0.7609375 0.571875 0.36328125
0 0.49765625 0.5265625 0.1390625 0.25
0 0.38671875 0.5421875 0.11328125 0.165625
0 0.275 0.62109375 0.35546875 0.178125
0 0.07421875 0.47734375 0.0765625 0.14453125
0 0.0359375 0.384375 0.03125 0.04296875
0 0.0359375 0.06640625 0.0625 0.125
