0 0.03984375 0.91484375 0.04296875 0.071875
0 0.103125 0.92890625 0.0484375 0.0765625
0 0.10078125 0.85234375 0.05078125 0.0765625
0 0.0609375 0.88671875 0.04296875 0.0484375
0 0.046875 0.82421875 0.06484375 0.0984375
0 0.0171875 0.8734375 0.0265625 0.0984375
0 0.09375 0.8015625 0.06484375 0.05546875
0 0.08984375 0.73671875 0.071875 0.0984375
0 0.0203125 0.7859375 0.03359375 0.04296875
0 0.0421875 0.76953125 0.03359375 0.03359375
0 0.02421875 0.7203125 0.040625 0.08671875
0 0.0171875 0.6453125 0.0265625 0.09375
0 0.06875 0.67578125 0.06484375 0.04296875
0 0.0671875 0.6234375 0.0765625 0.06015625
0 0.0640625 0.56015625 0.0765625 0.1203125
0 0.01328125 0.54453125 0.01953125 0.0984375
0 0.046875 0.453125 0.08671875 0.115625
0 0.0140625 0.384375 0.021875 0.0765625
0 0.03828125 0.29921875 0.06953125 0.115625
0 0.021875 0.22265625 0.0359375 0.09375
0 0.0328125 0.1234375 0.0578125 0.125
0 0.0328125 0.040625 0.0578125 0.071875
0 0.1046875 0.0328125 0.08671875 0.05546875
0 0.12109375 0.12109375 0.10546875 0.14453125
0 0.078125 0.228125 0.0765625 0.115625
0 0.14296875 0.1984375 0.0484375 0.05546875
0 0.20078125 0.05546875 0.0765625 0.0984375
0 0.22265625 0.16484375 0.09140625 0.15390625
0 0.28125 0.10703125 0.0796875 0.125
0 0.29921875 0.03828125 0.071875 0.0671875
0 0.35234375 0.08515625 0.0765625 0.14921875
0 0.41328125 0.0359375 0.08203125 0.06015625
0 0.3921875 0.13671875 0.0625 0.14453125
0 0.33203125 0.2171875 0.071875 0.125
0 0.2984375 0.27734375 0.06953125 0.115625
0 0.234375 0.2828125 0.06484375 0.115625
0 0.171875 0.2609375 0.053125 0.125
0 0.11171875 0.271875 0.071875 0.115625
0 0.0828125 0.3765625 0.0796875 0.125
0 0.1609375 0.36796875 0.0625 0.08671875
0 0.37109375 0.25 0.0578125 0.08203125
0 0.446875 0.23671875 0.09375 0.14453125
0 0.4109375 0.31015625 0.0796875 0.13671875
0 0.35234375 0.35234375 0.0625 0.1109375
0 0.29453125 0.4359375 0.0671875 0.13671875
0 0.2546875 0.3953125 0.084375 0.13203125
0 0.20546875 0.4421875 0.071875 0.09375
0 0.13671875 0.4671875 0.0578125 0.1203125
0 0.35703125 0.459375 0.0796875 0.115625
0 0.41328125 0.4203125 0.0765625 0.115625
0 0.4890625 0.390625 0.0765625 0.1109375
0 0.45703125 0.540625 0.0625 0.09375
0 0.396875 0.5359375 0.071875 0.10546875
0 0.32109375 0.5328125 0.06484375 0.0984375
0 0.30546875 0.59375 0.08203125 0.0984375
0 0.25234375 0.5328125 0.0578125 0.0984375
0 0.23671875 0.6046875 0.0625 0.0671875
0 0.1875 0.54921875 0.071875 0.12265625
0 0.1265625 0.5875 0.0578125 0.06484375
0 0.12890625 0.6453125 0.03828125 0.08203125
0 0.18359375 0.6453125 0.06484375 0.06953125
0 0.4 0.61796875 0.071875 0.071875
0 0.45078125 0.60703125 0.04296875 0.071875
0 0.45078125 0.6625 0.071875 0.08203125
0 0.42421875 0.7390625 0.040625 0.10546875
0 0.15859375 0.7859375 0.05078125 0.08671875
0 0.1578125 0.7140625 0.0484375 0.0765625
0 0.18046875 0.64765625 0.05078125 0.06484375
0 0.4671875 0.7390625 0.05546875 0.09375
0 0.44375 0.81875 0.06484375 0.0671875
0 0.38125 0.87109375 0.0625 0.08203125
0 0.31953125 0.88671875 0.05546875 0.08203125
0 0.2484375 0.890625 0.071875 0.05546875
0 0.26328125 0.9171875 0.04296875 0.03359375
0 0.2953125 0.9484375 0.06484375 0.06015625
0 0.36796875 0.93125 0.071875 0.06015625
0 0.41796875 0.9015625 0.0796875 0.08671875
0 0.4640625 0.86796875 0.03828125 0.0671875
0 0.5953125 0.95703125 0.07421875 0.08203125
0 0.62265625 0.92578125 0.06015625 0.08203125
0 0.6546875 0.94453125 0.03359375 0.05546875
0 0.70078125 0.9421875 0.0578125 0.06015625
0 0.72265625 0.87109375 0.06484375 0.10546875
0 0.75390625 0.96015625 0.06484375 0.07421875
0 0.78515625 0.95078125 0.0671875 0.0765625
0 0.78125 0.8734375 0.0484375 0.04296875
0 0.7765625 0.81015625 0.06484375 0.08203125
0 0.74375 0.74140625 0.071875 0.0765625
0 0.68046875 0.75625 0.053125 0.06015625
0 0.7125 0.77734375 0.0625 0.06015625
0 0.8140625 0.725 0.0765625 0.08671875
0 0.78828125 0.6984375 0.03359375 0.021875
0 0.6546875 0.86796875 0.0671875 0.08671875
0 0.6984375 0.94453125 0.053125 0.05546875
0 0.56875 0.87109375 0.0625 0.09375
0 0.6109375 0.84609375 0.0359375 0.0765625
0 0.646875 0.7859375 0.06484375 0.05546875
0 0.5796875 0.7859375 0.0625 0.08671875
0 0.5171875 0.77734375 0.06484375 0.08203125
0 0.60078125 0.74140625 0.0625 0.0765625
0 0.5328125 0.71171875 0.0625 0.08203125
0 0.571875 0.65390625 0.0484375 0.13203125
0 0.51796875 0.66015625 0.0625 0.05546875
0 0.50703125 0.6046875 0.0625 0.08671875
0 0.53515625 0.55546875 0.071875 0.1109375
0 0.8421875 0.60703125 0.053125 0.10546875
0 0.49609375 0.4640625 0.0765625 0.10546875
0 0.57109375 0.38203125 0.08671875 0.125
0 0.55390625 0.48671875 0.03828125 0.09375
0 0.6140625 0.478125 0.08671875 0.13203125
0 0.66484375 0.3734375 0.08671875 0.1203125
0 0.60078125 0.29453125 0.08203125 0.13671875
0 0.55390625 0.23046875 0.084375 0.13203125
0 0.490625 0.2828125 0.071875 0.09375
0 0.69453125 0.48046875 0.0765625 0.10546875
0 0.7453125 0.4015625 0.09140625 0.0984375
0 0.7515625 0.46171875 0.05078125 0.03359375
0 0.4671875 0.10234375 0.09140625 0.13671875
0 0.48203125 0.025 0.0484375 0.03828125
0 0.5578125 0.0359375 0.09140625 0.06015625
0 0.5640625 0.11328125 0.08671875 0.14921875
0 0.64765625 0.14296875 0.0984375 0.14453125
0 0.61796875 0.20546875 0.05078125 0.06015625
0 0.6515625 0.04453125 0.0984375 0.0765625
0 0.70078125 0.08984375 0.06484375 0.09375
0 0.740625 0.04453125 0.10078125 0.0765625
0 0.79453125 0.10234375 0.10078125 0.13671875
0 0.8703125 0.046875 0.09375 0.08203125
0 0.896875 0.0796875 0.09140625 0.14921875
0 0.8140625 0.1921875 0.09140625 0.12265625
0 0.89296875 0.20546875 0.08203125 0.125
0 0.72734375 0.20078125 0.09609375 0.14921875
0 0.68046875 0.275 0.08203125 0.1203125
0 0.75859375 0.296875 0.08671875 0.12265625
0 0.83203125 0.54921875 0.0484375 0.021875
0 0.83515625 0.49765625 0.08203125 0.10546875
0 0.834375 0.4125 0.09375 0.0984375
0 0.83515625 0.31015625 0.09140625 0.125
0 0.87890625 0.39296875 0.02421875 0.08203125
0 0.8921875 0.30546875 0.0359375 0.08203125
0 0.9703125 0.0203125 0.05546875 0.03125
0 0.9734375 0.09140625 0.0484375 0.1390625
0 0.9671875 0.20546875 0.06015625 0.11796875
0 0.9515625 0.296875 0.09140625 0.146875
0 0.9328125 0.390625 0.09140625 0.1109375
0 0.9796875 0.4234375 0.03828125 0.1109375
0 0.91015625 0.475 0.0796875 0.10546875
0 0.98203125 0.52265625 0.03125 0.0890625
0 0.9671875 0.54453125 0.0578125 0.1109375
0 0.9078125 0.5765625 0.0765625 0.1109375
0 0.9328125 0.62109375 0.0625 0.0765625
0 0.88203125 0.6703125 0.0765625 0.1109375
0 0.88125 0.7609375 0.0796875 0.071875
0 0.834375 0.79921875 0.0578125 0.071875
0 0.94921875 0.73046875 0.06484375 0.0671875
0 0.946875 0.65625 0.0625 0.084375
0 0.98046875 0.61796875 0.03359375 0.09609375
0 0.95703125 0.8078125 0.071875 0.08671875
0 0.89296875 0.8328125 0.0625 0.071875
0 0.98671875 0.7671875 0.02421875 0.15859375
0 0.95703125 0.88203125 0.06484375 0.08203125
0 0.99375 0.8953125 0.009375 0.0765625
0 0.97265625 0.94453125 0.053125 0.03359375
0 0.984375 0.97109375 0.0265625 0.053125
