0 0.0359375 0.1265625 0.0625 0.1703125
0 0.3125 0.12890625 0.1828125 0.15625
0 0.15234375 0.1734375 0.2984375 0.21640625
0 0.9390625 0.140625 0.115625 0.21171875
0 0.9171875 0.25859375 0.15859375 0.134375
0 0.946875 0.39921875 0.0984375 0.15625
0 0.821875 0.38203125 0.165625 0.1296875
0 0.7078125 0.4046875 0.1421875 0.125
0 0.5890625 0.4125 0.1203125 0.1296875
0 0.54296875 0.509375 0.09140625 0.165625
0 0.61640625 0.57109375 0.0796875 0.08671875
0 0.60703125 0.66328125 0.07421875 0.10078125
0 0.703125 0.55078125 0.09609375 0.08671875
0 0.65390625 0.46484375 0.12265625 0.09609375
0 0.81875 0.60078125 0.165625 0.2359375
0 0.85234375 0.45703125 0.15390625 0.09140625
0 0.9421875 0.5734375 0.10546875 0.2015625
0 0.3953125 0.36640625 0.08671875 0.10078125
0 0.46640625 0.45703125 0.0625 0.08203125
0 0.453125 0.5046875 0.0578125 0.0453125
0 0.50859375 0.36875 0.0671875 0.09609375
0 0.4625 0.35234375 0.05546875 0.10078125
0 0.50625 0.24609375 0.05546875 0.05078125
0 0.525 0.30625 0.0796875 0.05078125
0 0.5765625 0.34375 0.05546875 0.0453125
0 0.6140625 0.290625 0.1921875 0.1828125
0 0.69609375 0.23046875 0.15859375 0.1828125
0 0.7640625 0.1265625 0.2328125 0.240625
0 0.53984375 0.103125 0.28828125 0.17578125
0 0.12890625 0.3140625 0.25 0.15625
0 0.296875 0.56015625 0.14921875 0.2359375
0 0.2359375 0.50234375 0.09140625 0.14921875
0 0.13125 0.4515625 0.1421875 0.259375
0 0.03984375 0.5625 0.071875 0.321875
0 0.15625 0.78125 0.27421875 0.428125
0 0.17578125 0.82578125 0.34609375 0.34375
0 0.4234375 0.68359375 0.2453125 0.3125
0 0.32578125 0.3890625 0.64453125 0.5765625
0 0.6828125 0.78984375 0.34609375 0.415625
0 0.8765625 0.9 0.18046875 0.19453125
0 0.928125 0.775 0.1390625 0.2234375
0 0.39765625 0.89296875 0.2671875 0.209375
