0 0.239182692187 0.612980769531 0.32451923125 0.774038460937
0 0.800480769531 0.496394230469 0.346153845313 0.992788460938
0 0.79326923125 0.598557692187 0.125 0.39423076875
0 0.645432692187 0.396634615625 0.228365384375 0.70673076875
0 0.481971153906 0.233173076562 0.185096154688 0.346153846875
0 0.598557692969 0.582932692969 0.192307692188 0.401442307812
0 0.455528846094 0.542067307813 0.252403845312 0.6802884625
0 0.617788461719 0.772836538281 0.0961538453125 0.132211539063
0 0.31475360625 0.56415264375 0.326021634375 0.81280048125
0 0.569411057031 0.0495793265625 0.120192307812 0.099158653125
