0 0.40625 0.20947265625 0.1953125 0.2041015625
0 0.5712890625 0.23193359375 0.228515625 0.2333984375
0 0.8291015625 0.32470703125 0.318359375 0.2744140625
0 0.7890625 0.65283203125 0.3515625 0.2626953125
0 0.5458984375 0.7197265625 0.326171875 0.224609375
0 0.5556640625 0.47119140625 0.267578125 0.2353515625
0 0.404296875 0.40966796875 0.14453125 0.1943359375
0 0.203125 0.22412109375 0.2265625 0.1669921875
0 0.1494140625 0.37353515625 0.107421875 0.1650390625
0 0.2529296875 0.44873046875 0.185546875 0.1826171875
0 0.1640625 0.60009765625 0.2109375 0.1611328125
0 0.3525390625 0.6474609375 0.259765625 0.201171875
0 0.255859375 0.78857421875 0.27734375 0.1865234375
0 0.46484375 0.89794921875 0.3046875 0.1943359375
