0 0.4736328125 0.26220703125 0.087890625 0.4619140625
0 0.310546875 0.54150390625 0.17578125 0.1416015625
0 0.6728515625 0.4873046875 0.232421875 0.134765625
0 0.4833984375 0.60107421875 0.177734375 0.2060546875
0 0.755859375 0.57275390625 0.16015625 0.1416015625
0 0.80859375 0.69970703125 0.17578125 0.2275390625
0 0.6298828125 0.62353515625 0.123046875 0.1220703125
0 0.615234375 0.77392578125 0.20703125 0.2509765625
0 0.4423828125 0.8232421875 0.162109375 0.244140625
0 0.265625 0.78076171875 0.18359375 0.2177734375
0 0.3671875 0.68017578125 0.08203125 0.1455078125
0 0.5498046875 0.46826171875 0.095703125 0.1083984375
