0 0.74296875 0.9046875 0.27890625 0.15859375
0 0.58515625 0.84140625 0.31484375 0.10078125
0 0.946875 0.96484375 0.10078125 0.06484375
0 0.953125 0.81640625 0.08203125 0.22109375
0 0.72109375 0.60546875 0.3796875 0.5484375
0 0.55390625 0.521875 0.32421875 0.53359375
0 0.24296875 0.671875 0.24765625 0.6390625
0 0.428125 0.29296875 0.41328125 0.478125
0 0.209375 0.3921875 0.41796875 0.490625
0 0.1828125 0.2875 0.29296875 0.5671875
0 0.365625 0.17421875 0.103125 0.34140625
0 0.54296875 0.35703125 0.22109375 0.70703125
