0 0.2171875 0.61328125 0.1921875 0.39453125
0 0.1234375 0.41953125 0.1921875 0.375
0 0.140625 0.35703125 0.09375 0.178125
0 0.671875 0.22578125 0.16796875 0.4515625
0 0.62734375 0.38359375 0.09140625 0.35078125
0 0.6546875 0.5953125 0.071875 0.14453125
0 0.75625 0.5421875 0.115625 0.22578125
0 0.5734375 0.8125 0.196875 0.36328125
0 0.475 0.75625 0.0671875 0.2859375
0 0.50859375 0.47578125 0.134375 0.31015625
0 0.51171875 0.25625 0.1390625 0.31015625
0 0.859375 0.44375 0.27421875 0.45703125
0 0.80390625 0.7828125 0.2234375 0.26953125
0 0.7515625 0.86328125 0.2046875 0.26171875
0 0.953125 0.73671875 0.0890625 0.521875
0 0.90859375 0.05390625 0.178125 0.1078125
0 0.6984375 0.08984375 0.26875 0.1796875
0 0.56796875 0.05625 0.1015625 0.1125
0 0.91953125 0.14453125 0.15625 0.14921875
