0 0.68359375 0.5671875 0.15390625 0.3296875
0 0.75859375 0.61875 0.08203125 0.2984375
0 0.83203125 0.6578125 0.0890625 0.32421875
0 0.70703125 0.7453125 0.08671875 0.2015625
0 0.6234375 0.725 0.0890625 0.365625
0 0.52890625 0.58984375 0.16796875 0.375
0 0.5671875 0.47109375 0.06953125 0.21171875
0 0.44921875 0.615625 0.2046875 0.33671875
0 0.41484375 0.71171875 0.12734375 0.26953125
0 0.5328125 0.9046875 0.18515625 0.18046875
0 0.2703125 0.63125 0.178125 0.396875
0 0.171875 0.64921875 0.0671875 0.134375
0 0.08984375 0.7453125 0.08203125 0.29296875
0 0.19609375 0.240625 0.3921875 0.48046875
0 0.1046875 0.296875 0.20703125 0.59140625
0 0.375 0.1578125 0.20703125 0.31484375
0 0.546875 0.20703125 0.2359375 0.41328125
0 0.540625 0.4203125 0.125 0.2015625
0 0.55390625 0.209375 0.259375 0.41796875
0 0.7828125 0.2453125 0.40390625 0.490625
0 0.9015625 0.36875 0.1875 0.1921875
