0 0.872596153906 0.180288461719 0.254807692187 0.360576923437
0 0.71875 0.0492788460938 0.18269230625 0.0985576921875
0 0.564903846094 0.170673077344 0.245192307812 0.336538460938
0 0.30048076875 0.139423076562 0.25 0.278846153125
0 0.109375 0.198317307031 0.19951923125 0.348557692187
0 0.72235576875 0.221153846094 0.146634615625 0.225961539063
0 0.795673077344 0.459134615625 0.254807692187 0.365384615625
0 0.943509615625 0.442307692187 0.11298076875 0.3365384625
0 0.475961538281 0.508413461719 0.254807692187 0.411057692187
0 0.235576923438 0.387019230469 0.29326923125 0.346153845313
0 0.0661057695312 0.397085336719 0.132211539062 0.148137020312
0 0.802884615625 0.955528846094 0.14423076875 0.0889423078125
0 0.683894230469 0.799278846094 0.204326923438 0.401442307813
0 0.883112980469 0.785456730469 0.233774039063 0.429086539063
0 0.568509614844 0.951923076562 0.141826923437 0.096153846875
0 0.427884614844 0.877403846094 0.192307692187 0.245192307813
0 0.292067307813 0.772836539063 0.2427884625 0.34375
0 0.114182692187 0.602163461719 0.228365384375 0.329326923438
0 0.0913461539063 0.887019230469 0.182692307813 0.225961539063
