0 0.171875 0.61875 0.3390625 0.415625
0 0.49140625 0.9390625 0.978125 0.11796875
0 0.3640625 0.66328125 0.428125 0.35078125
0 0.553125 0.6984375 0.43984375 0.3265625
0 0.68515625 0.7453125 0.37734375 0.2453125
0 0.60078125 0.46015625 0.08203125 0.06015625
0 0.7046875 0.44921875 0.10078125 0.03828125
0 0.72578125 0.47109375 0.1203125 0.05078125
0 0.67890625 0.5140625 0.16328125 0.03359375
0 0.64453125 0.2875 0.04296875 0.021875
0 0.67890625 0.29921875 0.05078125 0.02421875
0 0.7140625 0.3171875 0.04296875 0.02421875
0 0.52890625 0.3015625 0.03828125 0.03125
0 0.55625 0.3375 0.08203125 0.053125
0 0.6421875 0.353125 0.11328125 0.0484375
0 0.7046875 0.3578125 0.10078125 0.0765625
0 0.6734375 0.2234375 0.0625 0.03125
0 0.7171875 0.24140625 0.08671875 0.03125
0 0.7609375 0.2609375 0.08671875 0.03125
0 0.80546875 0.31953125 0.11328125 0.1109375
0 0.86171875 0.3109375 0.0625 0.0578125
0 0.20078125 0.25390625 0.396875 0.50703125
0 0.2609375 0.1109375 0.321875 0.22109375
0 0.27421875 0.196875 0.22109375 0.196875
0 0.41484375 0.08046875 0.37734375 0.15859375
0 0.39921875 0.1140625 0.259375 0.134375
0 0.53828125 0.03828125 0.196875 0.0765625
0 0.55625 0.08046875 0.259375 0.14921875
0 0.6734375 0.14921875 0.1390625 0.0671875
0 0.64765625 0.03828125 0.18046875 0.0765625
0 0.8265625 0.0203125 0.33203125 0.040625
0 0.83984375 0.09375 0.15859375 0.08671875
0 0.946875 0.36875 0.09375 0.040625
0 0.90859375 0.4015625 0.09375 0.0484375
0 0.946875 0.44453125 0.09375 0.0484375
0 0.96484375 0.4796875 0.0578125 0.02890625
0 0.98046875 0.5578125 0.02421875 0.053125
0 0.96875 0.31640625 0.03828125 0.03359375
