0 0.5640625 0.87109375 0.02578125 0.04296875
0 0.708984375 0.31689453125 0.484375 0.4345703125
0 0.2626953125 0.42529296875 0.361328125 0.4912109375
0 0.3125 0.69287109375 0.40625 0.5419921875
0 0.5166015625 0.88427734375 0.080078125 0.1201171875
0 0.6865234375 0.90087890625 0.080078125 0.1103515625
0 0.59375 0.92236328125 0.09765625 0.0791015625
0 0.4521484375 0.94775390625 0.080078125 0.0517578125
0 0.9716796875 0.8369140625 0.056640625 0.326171875
0 0.7265625 0.67822265625 0.3984375 0.5009765625
