0 0.8234375 0.94375 0.18984375 0.10546875
0 0.91015625 0.89453125 0.16796875 0.20703125
0 0.93515625 0.88828125 0.1203125 0.21640625
0 0.9484375 0.76953125 0.09140625 0.04296875
0 0.93515625 0.69921875 0.1203125 0.09375
0 0.9671875 0.6578125 0.053125 0.09140625
0 0.7671875 0.76953125 0.29296875 0.2359375
0 0.66015625 0.8734375 0.53828125 0.2453125
0 0.50234375 0.9484375 0.103125 0.09609375
0 0.29296875 0.88203125 0.3703125 0.22109375
0 0.08203125 0.88828125 0.16328125 0.21640625
0 0.1140625 0.72734375 0.228125 0.14453125
0 0.3453125 0.6828125 0.353125 0.259375
0 0.4265625 0.775 0.146875 0.0984375
0 0.52421875 0.85 0.15859375 0.10078125
0 0.61171875 0.79296875 0.134375 0.0765625
0 0.6875 0.70703125 0.15859375 0.09609375
0 0.540625 0.7140625 0.146875 0.1109375
0 0.603125 0.615625 0.196875 0.1109375
0 0.77421875 0.56640625 0.18984375 0.0765625
0 0.75 0.646875 0.18515625 0.11328125
0 0.81015625 0.5625 0.09609375 0.1203125
0 0.9046875 0.615625 0.103125 0.071875
0 0.92890625 0.55859375 0.1296875 0.084375
0 0.87734375 0.5109375 0.09140625 0.0484375
0 0.9484375 0.5 0.09140625 0.1203125
0 0.8234375 0.43359375 0.2015625 0.14453125
0 0.665625 0.50625 0.2015625 0.13203125
0 0.54921875 0.53125 0.0765625 0.053125
0 0.48671875 0.55859375 0.09140625 0.05546875
0 0.3578125 0.52421875 0.20703125 0.071875
0 0.24140625 0.59375 0.15859375 0.13203125
0 0.0875 0.5953125 0.175 0.146875
0 0.0109375 0.63671875 0.021875 0.34375
0 0.1765625 0.42578125 0.353125 0.22109375
0 0.36171875 0.384375 0.103125 0.071875
0 0.39921875 0.4265625 0.146875 0.134375
0 0.50625 0.446875 0.196875 0.1609375
0 0.61171875 0.39921875 0.22109375 0.09609375
0 0.9375 0.3734375 0.115625 0.13203125
0 0.84765625 0.3390625 0.053125 0.040625
0 0.71171875 0.328125 0.196875 0.14453125
0 0.43515625 0.33671875 0.3578125 0.0578125
0 0.4484375 0.2828125 0.34140625 0.08203125
0 0.2671875 0.30390625 0.271875 0.0578125
0 0.2671875 0.240625 0.18515625 0.0765625
0 0.40234375 0.2171875 0.34609375 0.10546875
0 0.64453125 0.24140625 0.08203125 0.053125
0 0.66796875 0.25859375 0.1078125 0.0625
0 0.74140625 0.19453125 0.08203125 0.0578125
0 0.77734375 0.1578125 0.053125 0.0359375
0 0.8765625 0.06953125 0.24296875 0.134375
0 0.87265625 0.1984375 0.2453125 0.25
0 0.58046875 0.115625 0.4015625 0.22578125
0 0.45078125 0.1046875 0.04296875 0.2015625
0 0.4890625 0.10546875 0.1078125 0.11796875
0 0.1734375 0.11171875 0.34609375 0.21875
0 0.3578125 0.0984375 0.14453125 0.1921875
0 0.046875 0.24765625 0.09375 0.115625
0 0.16796875 0.271875 0.1421875 0.10078125
