0 0.5419921875 0.31396484375 0.509765625 0.4638671875
0 0.49560546875 0.41552734375 0.9794921875 0.8232421875
0 0.276592548437 0.41015625 0.537560096875 0.552884615625
0 0.453200120313 0.705791767188 0.472806490625 0.242713340625
0 0.240234375 0.303523136719 0.10546875 0.285531851562
0 0.404296875 0.19140625 0.0703125 0.115234375
0 0.896484375 0.42919921875 0.10546875 0.1240234375
0 0.8125 0.34228515625 0.328125 0.3134765625
0 0.783203125 0.50341796875 0.11328125 0.0927734375
0 0.662635216406 0.572265625 0.165114182813 0.12890625
