0 0.16328125 0.69140625 0.11328125 0.06953125
0 0.10078125 0.7296875 0.10546875 0.0671875
0 0.07421875 0.8453125 0.13671875 0.303125
0 0.11640625 0.95703125 0.125 0.0671875
0 0.11640625 0.80546875 0.0765625 0.05078125
0 0.35703125 0.728125 0.15390625 0.14453125
0 0.4234375 0.90859375 0.23828125 0.178125
0 0.33046875 0.90390625 0.20703125 0.1875
0 0.33046875 0.84140625 0.06484375 0.0578125
0 0.6875 0.78984375 0.303125 0.22578125
0 0.80625 0.634375 0.29296875 0.1515625
0 0.74375 0.71171875 0.15390625 0.05078125
0 0.83515625 0.5625 0.32421875 0.1390625
0 0.68984375 0.521875 0.08203125 0.0765625
0 0.8734375 0.50859375 0.24765625 0.0984375
0 0.85078125 0.39765625 0.22578125 0.13671875
0 0.7015625 0.40390625 0.178125 0.15390625
0 0.29453125 0.5984375 0.18515625 0.1296875
0 0.1546875 0.546875 0.2140625 0.1921875
0 0.19609375 0.625 0.09609375 0.0765625
0 0.0484375 0.58671875 0.08203125 0.09375
0 0.03828125 0.47109375 0.06484375 0.1109375
0 0.12265625 0.34609375 0.23046875 0.3796875
0 0.25625 0.328125 0.26171875 0.2359375
0 0.3421875 0.3015625 0.18515625 0.28828125
0 0.39921875 0.12109375 0.071875 0.03828125
0 0.3453125 0.1 0.06015625 0.03359375
0 0.3328125 0.1390625 0.06015625 0.03359375
0 0.2640625 0.1109375 0.0765625 0.0265625
0 0.27421875 0.078125 0.071875 0.02890625
0 0.31875 0.0515625 0.0765625 0.03828125
0 0.3453125 0.07421875 0.06015625 0.02421875
0 0.2703125 0.01796875 0.0890625 0.02890625
0 0.22578125 0.0484375 0.071875 0.02890625
0 0.2015625 0.0875 0.08203125 0.04296875
0 0.14296875 0.0484375 0.1296875 0.09609375
0 0.07578125 0.025 0.1203125 0.05
0 0.38671875 0.0265625 0.14453125 0.053125
0 0.4015625 0.07421875 0.0765625 0.02890625
0 0.8921875 0.23671875 0.21171875 0.0890625
0 0.7796875 0.20546875 0.321875 0.13671875
0 0.8265625 0.30859375 0.2984375 0.0625
2 0.41953125 0.74609375 0.29296875 0.1875
2 0.64921875 0.1734375 0.56015625 0.1203125
2 0.6875 0.0984375 0.4953125 0.09140625
