0 0.0515625 0.93359375 0.0984375 0.06953125
0 0.03984375 0.98828125 0.07421875 0.01953125
0 0.11328125 0.9796875 0.09609375 0.03359375
0 0.12265625 0.9515625 0.06484375 0.0578125
0 0.11328125 0.89296875 0.071875 0.06015625
0 0.0359375 0.8765625 0.071875 0.071875
0 0.0984375 0.83984375 0.0890625 0.053125
0 0.05625 0.80078125 0.053125 0.0265625
0 0.05625 0.775 0.04296875 0.04296875
0 0.12265625 0.80078125 0.0765625 0.06015625
0 0.1046875 0.74296875 0.0765625 0.053125
0 0.05078125 0.73203125 0.02890625 0.03828125
0 0.02890625 0.7046875 0.053125 0.053125
0 0.0890625 0.69375 0.09609375 0.0453125
0 0.11875 0.63359375 0.071875 0.03359375
0 0.12734375 0.6 0.06484375 0.0484375
0 0.1390625 0.55625 0.053125 0.03828125
0 0.14921875 0.5046875 0.071875 0.05078125
0 0.1546875 0.453125 0.06015625 0.053125
0 0.03984375 0.61328125 0.07421875 0.053125
0 0.02890625 0.64921875 0.053125 0.03828125
0 0.0625 0.5765625 0.10078125 0.0484375
0 0.0625 0.5296875 0.10078125 0.06015625
0 0.0625 0.4734375 0.11328125 0.053125
0 0.06875 0.421875 0.10078125 0.05078125
0 0.06484375 0.384375 0.08203125 0.04296875
0 0.06484375 0.34140625 0.10546875 0.05078125
0 0.1390625 0.3328125 0.06484375 0.0265625
0 0.13359375 0.3015625 0.06484375 0.03828125
0 0.11640625 0.259375 0.06484375 0.03828125
0 0.0484375 0.2921875 0.09609375 0.05078125
0 0.0359375 0.26171875 0.071875 0.03828125
0 0.01953125 0.36328125 0.03359375 0.0484375
0 0.01328125 0.41484375 0.021875 0.06484375
0 0.01328125 0.51953125 0.021875 0.071875
0 0.0109375 0.5609375 0.0171875 0.03125
0 0.03984375 0.20703125 0.07421875 0.08203125
0 0.0421875 0.1296875 0.08203125 0.0671875
0 0.0578125 0.053125 0.1109375 0.10546875
0 0.37265625 0.953125 0.0765625 0.06015625
0 0.39296875 0.990625 0.071875 0.0140625
0 0.3390625 0.9015625 0.09609375 0.04296875
0 0.30625 0.9859375 0.0765625 0.02421875
0 0.2984375 0.975 0.08203125 0.03828125
0 0.28828125 0.9359375 0.06484375 0.0265625
0 0.3484375 0.03515625 0.06484375 0.04296875
0 0.3984375 0.025 0.096875 0.05
0 0.3453125 0.08203125 0.08203125 0.05078125
0 0.3390625 0.1296875 0.08203125 0.0484375
0 0.2921875 0.0953125 0.0484375 0.0578125
0 0.4046875 0.09375 0.0484375 0.03828125
0 0.4046875 0.13359375 0.0484375 0.03828125
0 0.24140625 0.69375 0.10078125 0.053125
0 0.2765625 0.7546875 0.0890625 0.0578125
0 0.27421875 0.80078125 0.0484375 0.03828125
0 0.2703125 0.84140625 0.02890625 0.05078125
0 0.2984375 0.8609375 0.06015625 0.053125
0 0.3484375 0.83515625 0.0765625 0.05078125
0 0.3421875 0.7328125 0.053125 0.03828125
0 0.25625 0.6546875 0.0484375 0.02421875
0 0.43125 0.69375 0.10078125 0.06015625
0 0.41328125 0.75 0.0890625 0.053125
0 0.38671875 0.7765625 0.09609375 0.03828125
0 0.3265625 0.7875 0.06015625 0.0484375
0 0.375 0.821875 0.08203125 0.05078125
0 0.43984375 0.83203125 0.06015625 0.02890625
0 0.41953125 0.8546875 0.0765625 0.02421875
0 0.4671875 0.80625 0.0765625 0.03828125
0 0.49140625 0.7703125 0.06484375 0.0484375
0 0.5 0.7203125 0.071875 0.053125
0 0.31484375 0.68359375 0.071875 0.053125
0 0.36328125 0.7015625 0.06015625 0.0578125
0 0.5 0.6671875 0.06015625 0.053125
0 0.42578125 0.63828125 0.10078125 0.0578125
0 0.3609375 0.65390625 0.053125 0.03828125
0 0.32421875 0.61796875 0.10078125 0.0578125
0 0.27421875 0.625 0.071875 0.0625
0 0.3125 0.56484375 0.0890625 0.05078125
0 0.4046875 0.58203125 0.08203125 0.05078125
0 0.3890625 0.5375 0.06484375 0.03828125
0 0.31484375 0.5375 0.071875 0.0265625
0 0.36875 0.5015625 0.08203125 0.04296875
0 0.29453125 0.5015625 0.0765625 0.0578125
0 0.3484375 0.4703125 0.06484375 0.03359375
0 0.43515625 0.490625 0.071875 0.03828125
0 0.45546875 0.51328125 0.06484375 0.0265625
0 0.30390625 0.4703125 0.02421875 0.0140625
0 0.29453125 0.43984375 0.06484375 0.0484375
0 0.3484375 0.428125 0.0765625 0.04296875
0 0.37734375 0.4015625 0.0890625 0.04296875
0 0.42578125 0.421875 0.06484375 0.04296875
0 0.30625 0.37890625 0.0890625 0.0578125
0 0.39296875 0.3609375 0.09609375 0.06015625
0 0.4578125 0.38203125 0.071875 0.04296875
0 0.36328125 0.3015625 0.08203125 0.05078125
0 0.4171875 0.2796875 0.08203125 0.053125
0 0.43125 0.20546875 0.10078125 0.0578125
0 0.39921875 0.24609375 0.09609375 0.0484375
0 0.38359375 0.171875 0.0890625 0.05078125
0 0.3453125 0.20546875 0.071875 0.04296875
0 0.2984375 0.2359375 0.08203125 0.05078125
0 0.30390625 0.28125 0.06015625 0.03828125
0 0.3265625 0.3140625 0.0484375 0.0265625
0 0.3484375 0.33984375 0.053125 0.0265625
0 0.2828125 0.1984375 0.04296875 0.02421875
0 0.26171875 0.1625 0.06015625 0.03828125
0 0.4796875 0.2328125 0.0765625 0.0484375
0 0.4640625 0.178125 0.09609375 0.03828125
0 0.6046875 0.38203125 0.0765625 0.04296875
0 0.6453125 0.41328125 0.0765625 0.03828125
0 0.5984375 0.4359375 0.06484375 0.03828125
0 0.69609375 0.43046875 0.071875 0.03359375
0 0.7296875 0.396875 0.06484375 0.0484375
0 0.67890625 0.3734375 0.071875 0.053125
0 0.63671875 0.35703125 0.06015625 0.0265625
0 0.5921875 0.35 0.04296875 0.0265625
0 0.5953125 0.1078125 0.071875 0.03828125
0 0.62265625 0.134375 0.0765625 0.04296875
0 0.6453125 0.23828125 0.0765625 0.05078125
0 0.6453125 0.275 0.04296875 0.02890625
0 0.6546875 0.31640625 0.09609375 0.053125
0 0.7078125 0.33203125 0.09609375 0.05078125
0 0.76171875 0.3609375 0.071875 0.03828125
0 0.77421875 0.30546875 0.071875 0.04296875
0 0.70546875 0.27265625 0.0890625 0.053125
0 0.61328125 0.29453125 0.0484375 0.0625
0 0.6046875 0.21640625 0.04296875 0.08671875
0 0.6453125 0.18046875 0.06484375 0.03828125
0 0.69375 0.15390625 0.0765625 0.053125
0 0.6734375 0.11796875 0.071875 0.04296875
0 0.62734375 0.09140625 0.0890625 0.02890625
0 0.7078125 0.18359375 0.071875 0.0484375
0 0.7171875 0.22734375 0.0765625 0.0484375
0 0.7796875 0.25859375 0.071875 0.0578125
0 0.7859375 0.20546875 0.071875 0.04296875
0 0.76796875 0.1546875 0.06015625 0.02890625
0 0.8453125 0.44140625 0.071875 0.02890625
0 0.8546875 0.4 0.06484375 0.053125
0 0.91328125 0.43515625 0.0890625 0.03828125
0 0.92890625 0.3953125 0.08203125 0.03828125
0 0.9671875 0.41484375 0.053125 0.03828125
0 0.88125 0.3578125 0.08203125 0.04296875
0 0.95546875 0.35703125 0.0765625 0.0484375
0 0.91328125 0.32421875 0.0765625 0.03828125
0 0.9734375 0.3140625 0.04296875 0.0484375
0 0.93515625 0.2921875 0.09609375 0.04296875
0 0.94375 0.2453125 0.0890625 0.05078125
0 0.92890625 0.21015625 0.071875 0.03359375
0 0.9109375 0.1734375 0.08203125 0.03828125
0 0.86875 0.21015625 0.0484375 0.0484375
0 0.87265625 0.29453125 0.02890625 0.06953125
0 0.8546875 0.16484375 0.01953125 0.03828125
0 0.89296875 0.13359375 0.09609375 0.0484375
0 0.9578125 0.14296875 0.071875 0.03359375
0 0.9703125 0.18046875 0.0484375 0.03828125
0 0.9796875 0.21875 0.02890625 0.03828125
0 0.9375 0.11328125 0.04296875 0.01953125
0 0.91015625 0.0453125 0.1203125 0.090625
0 0.6578125 0.92578125 0.10078125 0.1109375
0 0.7859375 0.953125 0.071875 0.08671875
0 0.5484375 0.8453125 0.09609375 0.05078125
0 0.5828125 0.7984375 0.06015625 0.04296875
0 0.6390625 0.8328125 0.0890625 0.040625
0 0.57109375 0.490625 0.071875 0.03828125
0 0.5921875 0.525 0.06484375 0.05078125
0 0.61640625 0.56640625 0.053125 0.0484375
0 0.63125 0.61328125 0.071875 0.053125
0 0.61875 0.65390625 0.0484375 0.03828125
0 0.64296875 0.69140625 0.10546875 0.0578125
0 0.6453125 0.74140625 0.0765625 0.03828125
0 0.62265625 0.7640625 0.06484375 0.04296875
0 0.67890625 0.80546875 0.09609375 0.05078125
0 0.69609375 0.771875 0.08203125 0.04296875
0 0.7203125 0.725 0.09609375 0.05078125
0 0.7234375 0.66796875 0.0890625 0.0625
0 0.71171875 0.60703125 0.10078125 0.053125
0 0.66328125 0.6421875 0.053125 0.04296875
0 0.68984375 0.56953125 0.09609375 0.053125
0 0.66953125 0.51796875 0.10078125 0.0578125
0 0.62734375 0.4828125 0.0765625 0.03828125
0 0.7140625 0.49609375 0.071875 0.0484375
0 0.7796875 0.58515625 0.071875 0.03828125
0 0.79453125 0.634375 0.0765625 0.04296875
0 0.79453125 0.69140625 0.06484375 0.04296875
0 0.78828125 0.7515625 0.0765625 0.04296875
0 0.77421875 0.78515625 0.071875 0.03828125
0 0.87265625 0.82421875 0.0890625 0.05078125
0 0.82421875 0.821875 0.04296875 0.04296875
0 0.9375 0.80859375 0.0890625 0.05078125
0 0.9578125 0.77890625 0.071875 0.0625
0 0.88671875 0.77265625 0.071875 0.053125
0 0.89296875 0.74140625 0.06015625 0.03828125
0 0.9515625 0.740625 0.071875 0.01953125
0 0.9703125 0.71171875 0.0484375 0.03828125
0 0.93984375 0.6890625 0.0484375 0.03828125
0 0.9046875 0.6984375 0.0484375 0.0578125
0 0.97578125 0.6734375 0.0359375 0.040625
0 0.97578125 0.634375 0.0359375 0.05078125
0 0.9640625 0.58203125 0.06015625 0.05078125
0 0.9796875 0.55078125 0.02890625 0.01953125
0 0.9640625 0.51171875 0.06015625 0.0578125
0 0.94375 0.4859375 0.0890625 0.04296875
0 0.875 0.4859375 0.06015625 0.04296875
0 0.81484375 0.48828125 0.06015625 0.04296875
0 0.89921875 0.52265625 0.06015625 0.03828125
0 0.93125 0.55078125 0.06484375 0.0484375
0 0.9578125 0.6046875 0.06015625 0.05078125
0 0.91953125 0.65390625 0.0765625 0.0484375
0 0.8890625 0.61171875 0.04296875 0.04296875
0 0.9015625 0.58046875 0.06484375 0.0671875
0 0.8609375 0.5375 0.053125 0.03828125
