0 0.453125 0.4578125 0.22578125 0.08203125
0 0.5296875 0.3453125 0.27421875 0.125
0 0.3609375 0.12265625 0.22578125 0.09609375
0 0.4625 0.07421875 0.08671875 0.04296875
0 0.29296875 0.03359375 0.1875 0.0625
0 0.1296875 0.06484375 0.2453125 0.125
0 0.78359375 0.0765625 0.06015625 0.02421875
0 0.646875 0.04921875 0.1875 0.09140625
0 0.4796875 0.02890625 0.1203125 0.05078125
0 0.65 0.1359375 0.08671875 0.04296875
0 0.9359375 0.0765625 0.08671875 0.0359375
0 0.8703125 0.0421875 0.0484375 0.02421875
0 0.8609375 0.0140625 0.08203125 0.02421875
0 0.91953125 0.0203125 0.0671875 0.02421875
0 0.93046875 0.03828125 0.06015625 0.02890625
0 0.7671875 0.0265625 0.053125 0.01953125
0 0.7703125 0.0109375 0.071875 0.0140625
0 0.7125 0.01328125 0.0265625 0.01953125
0 0.84609375 0.16328125 0.29296875 0.14921875
0 0.4265625 0.26328125 0.053125 0.0265625
0 0.58984375 0.2203125 0.3265625 0.125
0 0.353125 0.20078125 0.1203125 0.0578125
0 0.259375 0.2078125 0.03828125 0.02421875
0 0.28359375 0.24296875 0.06015625 0.0265625
0 0.38671875 0.24375 0.053125 0.02890625
0 0.3703125 0.275 0.0484375 0.0265625
0 0.6734375 0.2859375 0.0671875 0.02421875
0 0.703125 0.33671875 0.071875 0.02421875
0 0.8328125 0.2953125 0.15859375 0.08203125
0 0.9359375 0.25859375 0.11328125 0.04296875
0 0.93984375 0.3375 0.0671875 0.0265625
0 0.80078125 0.3640625 0.134375 0.0578125
0 0.93359375 0.4 0.1203125 0.04296875
0 0.73671875 0.4375 0.071875 0.02890625
0 0.6671875 0.41328125 0.08203125 0.02421875
0 0.6765625 0.3859375 0.071875 0.0265625
0 0.59375 0.41796875 0.0671875 0.03359375
0 0.3265625 0.375 0.10546875 0.04296875
0 0.2328125 0.30625 0.2546875 0.10546875
0 0.01328125 0.26328125 0.0265625 0.04296875
0 0.1234375 0.1765625 0.2453125 0.12734375
0 0.1734375 0.38671875 0.34609375 0.20703125
0 0.16015625 0.49765625 0.31953125 0.18515625
0 0.3703125 0.5046875 0.10078125 0.0578125
0 0.5171875 0.5140625 0.08671875 0.02890625
0 0.6234375 0.48046875 0.11328125 0.0578125
0 0.8765625 0.49140625 0.2328125 0.10546875
0 0.90625 0.56875 0.134375 0.053125
0 0.71015625 0.5796875 0.28828125 0.1390625
0 0.43046875 0.6 0.22109375 0.0984375
0 0.19921875 0.6296875 0.09375 0.04296875
0 0.490625 0.6671875 0.10078125 0.04296875
0 0.759375 0.6703125 0.09375 0.05078125
0 0.8734375 0.6546875 0.1203125 0.0484375
0 0.69921875 0.70078125 0.09375 0.03828125
0 0.59609375 0.67421875 0.10078125 0.1390625
0 0.81015625 0.7453125 0.20703125 0.09375
0 0.9265625 0.7546875 0.10546875 0.16328125
0 0.76328125 0.8140625 0.22109375 0.08203125
0 0.6265625 0.85 0.1875 0.08671875
0 0.4359375 0.9390625 0.2234375 0.11796875
0 0.7078125 0.89921875 0.57421875 0.196875
0 0.25859375 0.94375 0.1421875 0.1078125
0 0.35703125 0.9203125 0.11328125 0.08203125
0 0.078125 0.9546875 0.15625 0.08671875
0 0.0203125 0.8859375 0.03828125 0.04296875
0 0.1265625 0.8578125 0.240625 0.06953125
0 0.08984375 0.8 0.1796875 0.1
0 0.084375 0.79453125 0.16796875 0.0890625
0 0.26328125 0.83515625 0.34140625 0.0984375
0 0.29296875 0.8171875 0.10546875 0.20703125
0 0.31640625 0.7921875 0.27421875 0.14453125
0 0.15390625 0.7515625 0.0671875 0.0625
0 0.08046875 0.73671875 0.08203125 0.03828125
0 0.43984375 0.66484375 0.34609375 0.12265625
0 0.40390625 0.7203125 0.365625 0.10078125
0 0.4171875 0.71015625 0.3796875 0.10546875
0 0.40625 0.69453125 0.3609375 0.0984375
0 0.3609375 0.725 0.41328125 0.1515625
0 0.546875 0.80625 0.15859375 0.0359375
0 0.446875 0.83515625 0.1734375 0.0671875
0 0.0765625 0.6171875 0.153125 0.121875
0 0.0296875 0.6578125 0.059375 0.0375
0 0.05390625 0.69453125 0.1078125 0.03828125
