0 0.88359375 0.6453125 0.21171875 0.2984375
0 0.8890625 0.6234375 0.2140625 0.44453125
0 0.91328125 0.9390625 0.165625 0.1109375
0 0.7203125 0.75390625 0.115625 0.09140625
0 0.646875 0.7640625 0.053125 0.0671875
0 0.60546875 0.6296875 0.2328125 0.2015625
0 0.69375 0.5953125 0.1828125 0.259375
0 0.69609375 0.27265625 0.30078125 0.41796875
0 0.3640625 0.29296875 0.375 0.3125
0 0.3890625 0.5609375 0.2359375 0.3265625
0 0.56953125 0.70703125 0.1296875 0.196875
0 0.43359375 0.70703125 0.1390625 0.18515625
0 0.31015625 0.6984375 0.1390625 0.2015625
0 0.18046875 0.5765625 0.15859375 0.2015625
0 0.21015625 0.71640625 0.08203125 0.14453125
0 0.15390625 0.634375 0.2640625 0.18046875
0 0.0765625 0.71171875 0.10078125 0.09140625
0 0.14296875 0.740625 0.053125 0.0625
0 0.2046875 0.71171875 0.0796875 0.14453125
0 0.2671875 0.415625 0.165625 0.25
0 0.09609375 0.6109375 0.1921875 0.6828125
