0 0.10703125 0.32421875 0.1203125 0.375
0 0.05625 0.37265625 0.10546875 0.29296875
0 0.0640625 0.48828125 0.1203125 0.1203125
0 0.16015625 0.52421875 0.08203125 0.1296875
0 0.11640625 0.6109375 0.0671875 0.10078125
0 0.15859375 0.625 0.0625 0.08203125
0 0.2125 0.56015625 0.0671875 0.1203125
0 0.2546875 0.5359375 0.04296875 0.071875
0 0.19375 0.125 0.30078125 0.25
0 0.14765625 0.3546875 0.0625 0.2546875
0 0.21875 0.31015625 0.1109375 0.23828125
0 0.16796875 0.36640625 0.0578125 0.0765625
0 0.18359375 0.44921875 0.10078125 0.10078125
0 0.20703125 0.64296875 0.03359375 0.0484375
0 0.25390625 0.61875 0.0671875 0.10546875
0 0.296875 0.5625 0.06015625 0.0890625
0 0.33984375 0.5828125 0.0671875 0.071875
0 0.33515625 0.62734375 0.0625 0.0765625
0 0.29296875 0.6515625 0.0265625 0.02890625
0 0.3921875 0.63359375 0.05078125 0.06484375
0 0.4015625 0.5828125 0.0578125 0.071875
0 0.41796875 0.49375 0.0765625 0.10546875
0 0.46875 0.56015625 0.08203125 0.09609375
0 0.46015625 0.6390625 0.08203125 0.125
0 0.48671875 0.7296875 0.071875 0.0890625
0 0.509375 0.66953125 0.0484375 0.10078125
0 0.24296875 0.69609375 0.38671875 0.08203125
0 0.2546875 0.76796875 0.46171875 0.10546875
0 0.3140625 0.8265625 0.41796875 0.09609375
0 0.3015625 0.9046875 0.47578125 0.178125
0 0.74609375 0.7078125 0.428125 0.1203125
0 0.5953125 0.76171875 0.14453125 0.06015625
0 0.6734375 0.7921875 0.4515625 0.06015625
0 0.71640625 0.86328125 0.31953125 0.071875
0 0.58203125 0.5765625 0.2640625 0.178125
0 0.66953125 0.58671875 0.08203125 0.10078125
0 0.58046875 0.5421875 0.134375 0.14453125
0 0.5 0.44921875 0.09375 0.125
0 0.53515625 0.35703125 0.25 0.178125
0 0.44453125 0.2921875 0.1296875 0.15390625
0 0.3765625 0.25 0.053125 0.10546875
0 0.31953125 0.25859375 0.09375 0.1609375
0 0.25859375 0.2703125 0.03828125 0.053125
0 0.25703125 0.3421875 0.071875 0.10078125
0 0.4234375 0.14296875 0.08671875 0.10546875
0 0.36640625 0.12265625 0.06015625 0.0890625
0 0.34375 0.0765625 0.03828125 0.0484375
0 0.45703125 0.0828125 0.053125 0.06015625
0 0.50390625 0.13125 0.071875 0.09609375
0 0.6546875 0.08984375 0.290625 0.1796875
0 0.5875 0.14296875 0.09140625 0.1203125
0 0.54453125 0.23203125 0.09609375 0.10546875
0 0.69375 0.2359375 0.20703125 0.2453125
0 0.89296875 0.33046875 0.21171875 0.60078125
0 0.865625 0.42578125 0.1296875 0.22109375
0 0.77890625 0.5890625 0.14921875 0.23828125
0 0.91953125 0.6109375 0.1390625 0.23046875
0 0.6234375 0.41953125 0.1390625 0.1734375
0 0.7328125 0.35078125 0.1203125 0.1203125
0 0.6625 0.35703125 0.0765625 0.10546875
0 0.725 0.44921875 0.09140625 0.125
