0 0.1748046875 0.3837890625 0.341796875 0.384765625
0 0.06787109375 0.95703125 0.1259765625 0.0859375
0 0.296875 0.88671875 0.28125 0.2265625
0 0.6240234375 0.8984375 0.318359375 0.203125
0 0.89013671875 0.947265625 0.2197265625 0.10546875
0 0.86328125 0.6474609375 0.2734375 0.369140625
0 0.560546875 0.625375600781 0.34765625 0.331280048437
0 0.2021484375 0.65771484375 0.392578125 0.2646484375
0 0.517578125 0.2861328125 0.30859375 0.431640625
0 0.818359375 0.267578125 0.3359375 0.4375
0 0.99267578125 0.0869140625 0.0126953125 0.130859375
0 0.73876953125 0.033203125 0.1552734375 0.0625
0 0.42529296875 0.05859375 0.2626953125 0.109375
0 0.1455078125 0.095703125 0.279296875 0.18359375
0 0.01953125 0.747445913281 0.033052884375 0.163762020312
