0 0.2640625 0.740625 0.021875 0.03359375
0 0.216796875 0.20654296875 0.2109375 0.3232421875
0 0.404296875 0.21240234375 0.13671875 0.1904296875
0 0.5537109375 0.19482421875 0.037109375 0.0654296875
0 0.3720703125 0.3955078125 0.154296875 0.212890625
0 0.3017578125 0.56396484375 0.173828125 0.2841796875
0 0.1337890625 0.59326171875 0.025390625 0.0498046875
0 0.4501953125 0.63916015625 0.154296875 0.2861328125
0 0.64453125 0.61767578125 0.14453125 0.2119140625
0 0.5791015625 0.78466796875 0.181640625 0.2880859375
