0 0.65 0.225 0.084375 0.22578125
0 0.7234375 0.32421875 0.1203125 0.16328125
0 0.79296875 0.334375 0.0765625 0.26953125
0 0.74765625 0.46875 0.10546875 0.1875
0 0.96171875 0.06640625 0.06953125 0.1203125
0 0.89453125 0.12109375 0.125 0.23046875
0 0.8171875 0.13125 0.14453125 0.25
0 0.8859375 0.58984375 0.09609375 0.54296875
0 0.9359375 0.70703125 0.1203125 0.22578125
0 0.93046875 0.65625 0.06953125 0.375
0 0.9796875 0.64453125 0.03359375 0.17578125
0 0.9375 0.56875 0.053125 0.375
0 0.98203125 0.546875 0.02890625 0.38203125
0 0.76796875 0.80859375 0.0765625 0.14453125
0 0.66015625 0.86796875 0.1421875 0.259375
0 0.734375 0.703125 0.040625 0.08203125
0 0.5890625 0.571875 0.02890625 0.0578125
0 0.61796875 0.61328125 0.02890625 0.07421875
0 0.65390625 0.65625 0.1828125 0.35078125
0 0.50625 0.665625 0.09140625 0.20703125
0 0.33046875 0.64453125 0.15390625 0.1875
0 0.45703125 0.8765625 0.15390625 0.24296875
0 0.46875 0.82421875 0.14921875 0.32421875
0 0.3859375 0.884375 0.0796875 0.16796875
0 0.275 0.94609375 0.1703125 0.103125
0 0.2015625 0.88359375 0.10078125 0.228125
0 0.1296875 0.91484375 0.0765625 0.165625
0 0.0484375 0.803125 0.0890625 0.1921875
0 0.15 0.646875 0.10546875 0.39453125
0 0.1296875 0.64453125 0.146875 0.3125
0 0.07109375 0.665625 0.06015625 0.11796875
0 0.00859375 0.76171875 0.0171875 0.07421875
0 0.34765625 0.071875 0.1296875 0.1296875
0 0.12265625 0.24375 0.040625 0.08671875
0 0.15390625 0.15 0.02890625 0.07421875
0 0.103125 0.165625 0.0359375 0.0578125
0 0.02421875 0.040625 0.0359375 0.0671875
0 0.053125 0.025 0.021875 0.03828125
0 0.00625 0.046875 0.00703125 0.06015625
0 0.00859375 0.171875 0.0171875 0.0578125
0 0.02421875 0.16015625 0.040625 0.09375
0 0.01171875 0.38671875 0.01953125 0.053125
