0 0.87734375 0.821875 0.23046875 0.21171875
0 0.76171875 0.8703125 0.12734375 0.25234375
0 0.91015625 0.74296875 0.16796875 0.13203125
0 0.875 0.61640625 0.23828125 0.19453125
0 0.62265625 0.62734375 0.27890625 0.2046875
0 0.65390625 0.85703125 0.12265625 0.2640625
0 0.5921875 0.87265625 0.209375 0.25
0 0.55546875 0.915625 0.0625 0.15859375
0 0.48203125 0.88671875 0.08203125 0.21875
0 0.43046875 0.8015625 0.10546875 0.21171875
0 0.85703125 0.25625 0.27421875 0.09609375
0 0.88671875 0.16015625 0.2015625 0.09609375
0 0.834375 0.08671875 0.22578125 0.0765625
0 0.93046875 0.06875 0.115625 0.07421875
0 0.8953125 0.025 0.18984375 0.0453125
0 0.20078125 0.87265625 0.14453125 0.10546875
0 0.2640625 0.91953125 0.08671875 0.09140625
0 0.19453125 0.959375 0.0765625 0.0671875
0 0.12734375 0.90234375 0.06953125 0.08671875
0 0.0984375 0.8453125 0.0578125 0.03828125
0 0.125 0.7984375 0.1109375 0.08203125
0 0.20078125 0.7953125 0.0625 0.0484375
0 0.1453125 0.7359375 0.08203125 0.04296875
0 0.2296875 0.740625 0.08671875 0.06953125
0 0.25625 0.80390625 0.09140625 0.08671875
0 0.328125 0.9015625 0.1109375 0.1296875
0 0.02890625 0.7234375 0.0578125 0.08203125
0 0.0609375 0.765625 0.121875 0.071875
0 0.046875 0.68359375 0.09140625 0.03828125
0 0.1390625 0.67421875 0.1390625 0.0796875
0 0.0734375 0.921875 0.146875 0.1515625
0 0.3890625 0.5015625 0.115625 0.053125
0 0.3078125 0.446875 0.115625 0.0671875
0 0.39765625 0.43125 0.0984375 0.071875
0 0.27890625 0.37265625 0.08203125 0.0625
0 0.375 0.3703125 0.1109375 0.0578125
0 0.321875 0.32109375 0.0765625 0.0484375
0 0.3140625 0.271875 0.10546875 0.04296875
0 0.17421875 0.12265625 0.1390625 0.0890625
0 0.5984375 0.1390625 0.16328125 0.115625
0 0.65390625 0.30546875 0.18046875 0.11328125
0 0.50234375 0.296875 0.15859375 0.10078125
0 0.59609375 0.38203125 0.15859375 0.0671875
0 0.6921875 0.4640625 0.1390625 0.10078125
0 0.64765625 0.41328125 0.1109375 0.0671875
0 0.803125 0.365625 0.1875 0.09609375
0 0.6890625 0.19609375 0.14453125 0.08671875
0 0.6828125 0.0984375 0.08671875 0.07421875
0 0.77890625 0.02734375 0.10546875 0.053125
0 0.78515625 0.17578125 0.09140625 0.08671875
0 0.40859375 0.06875 0.7015625 0.13203125
0 0.44921875 0.2578125 0.8984375 0.5125
0 0.87265625 0.40625 0.23046875 0.14921875
0 0.8953125 0.49609375 0.196875 0.134375
0 0.49375 0.525 0.196875 0.43046875
0 0.14296875 0.321875 0.28359375 0.3796875
0 0.03828125 0.60703125 0.0765625 0.31484375
0 0.14296875 0.625 0.134375 0.1109375
0 0.13359375 0.5453125 0.196875 0.0625
0 0.20703125 0.49296875 0.08671875 0.04296875
0 0.26796875 0.62109375 0.10546875 0.1515625
0 0.334375 0.63359375 0.14453125 0.19453125
0 0.3078125 0.74375 0.10546875 0.12265625
