0 0.3125 0.775 0.615625 0.1109375
0 0.28984375 0.70703125 0.5484375 0.1203125
0 0.13359375 0.89921875 0.259375 0.18984375
0 0.36640625 0.9125 0.2453125 0.16328125
0 0.51953125 0.9125 0.30078125 0.16328125
0 0.6875 0.81953125 0.2015625 0.24296875
0 0.81640625 0.93046875 0.36328125 0.134375
0 0.87890625 0.81484375 0.23828125 0.1921875
0 0.83984375 0.71171875 0.01953125 0.0265625
0 0.9109375 0.68515625 0.115625 0.1109375
0 0.81953125 0.6296875 0.1203125 0.14921875
0 0.75234375 0.66328125 0.14921875 0.14453125
0 0.6234375 0.66953125 0.22578125 0.10078125
0 0.63671875 0.5921875 0.08671875 0.09609375
0 0.51328125 0.60078125 0.178125 0.13203125
0 0.3859375 0.61875 0.0796875 0.0625
0 0.27421875 0.63671875 0.12734375 0.0671875
0 0.1265625 0.6609375 0.2453125 0.13671875
0 0.03359375 0.5609375 0.06015625 0.12734375
0 0.17890625 0.5609375 0.22109375 0.12734375
0 0.359375 0.5421875 0.146875 0.16328125
0 0.4703125 0.4390625 0.14921875 0.2015625
0 0.4078125 0.45546875 0.0578125 0.0625
0 0.34375 0.39921875 0.10078125 0.14453125
0 0.9859375 0.6875 0.02421875 0.0765625
0 0.94375 0.6046875 0.1078125 0.1421875
0 0.79296875 0.48671875 0.1875 0.24296875
0 0.8890625 0.521875 0.1296875 0.25
0 0.7296875 0.52421875 0.1875 0.2328125
0 0.58671875 0.3125 0.240625 0.3796875
0 0.24375 0.3390625 0.10546875 0.2546875
0 0.1109375 0.4125 0.2140625 0.18046875
0 0.03984375 0.30625 0.071875 0.18984375
0 0.4 0.28828125 0.19921875 0.14453125
0 0.984375 0.53125 0.02890625 0.0796875
0 0.959375 0.453125 0.0765625 0.15625
0 0.90234375 0.32578125 0.14453125 0.21640625
0 0.978125 0.3328125 0.03828125 0.1078125
0 0.79296875 0.3171875 0.11328125 0.16796875
0 0.78984375 0.20703125 0.11328125 0.10546875
0 0.6921875 0.27734375 0.12734375 0.1734375
0 0.72734375 0.1234375 0.1921875 0.13203125
0 0.5 0.1765625 0.24765625 0.13203125
0 0.2328125 0.1875 0.3390625 0.290625
