0 0.43515625 0.57421875 0.27890625 0.20703125
0 0.28984375 0.6578125 0.08203125 0.09609375
0 0.41015625 0.728125 0.178125 0.10546875
0 0.61875 0.7515625 0.2015625 0.1390625
0 0.60078125 0.8375 0.115625 0.0578125
0 0.84765625 0.75703125 0.1828125 0.12734375
0 0.7515625 0.66796875 0.14453125 0.1109375
0 0.6921875 0.584375 0.1609375 0.103125
0 0.89453125 0.6421875 0.1609375 0.1109375
0 0.9375 0.5453125 0.115625 0.125
0 0.77421875 0.46875 0.2328125 0.1734375
0 0.58046875 0.4359375 0.165625 0.12265625
0 0.68359375 0.31875 0.21640625 0.1609375
0 0.22265625 0.30625 0.41328125 0.4515625
