0 0.0828125 0.33984375 0.115625 0.25
0 0.1625 0.2609375 0.134375 0.2953125
0 0.1984375 0.459375 0.11328125 0.11328125
0 0.16015625 0.509375 0.0625 0.10078125
0 0.11171875 0.490625 0.040625 0.08671875
0 0.0625 0.51171875 0.0625 0.09375
0 0.0671875 0.58203125 0.0484375 0.09375
0 0.09609375 0.578125 0.03359375 0.0625
0 0.1265625 0.55625 0.03828125 0.06953125
0 0.12890625 0.6359375 0.04296875 0.0765625
0 0.16328125 0.61875 0.03125 0.06953125
0 0.16953125 0.56015625 0.04296875 0.05078125
0 0.19453125 0.5625 0.02421875 0.0578125
0 0.18515625 0.6109375 0.02421875 0.0625
0 0.1109375 0.6578125 0.05078125 0.06953125
0 0.15859375 0.71015625 0.06015625 0.08671875
0 0.13828125 0.75859375 0.13203125 0.1828125
0 0.25390625 0.7859375 0.103125 0.08671875
0 0.20546875 0.7140625 0.03359375 0.06953125
0 0.1875 0.6828125 0.03359375 0.0578125
0 0.21484375 0.66015625 0.040625 0.05078125
0 0.2484375 0.546875 0.10078125 0.178125
0 0.25 0.67890625 0.040625 0.0765625
0 0.27890625 0.66015625 0.03359375 0.0625
0 0.271875 0.7203125 0.03359375 0.06953125
0 0.2484375 0.7546875 0.03125 0.0625
0 0.2296875 0.70078125 0.01953125 0.04296875
0 0.24140625 0.40625 0.03828125 0.10546875
0 0.23046875 0.40234375 0.02890625 0.0625
0 0.259375 0.41484375 0.040625 0.125
0 0.2703125 0.39921875 0.02421875 0.06953125
0 0.2609375 0.3078125 0.0578125 0.125
0 0.24609375 0.2046875 0.071875 0.10546875
0 0.30078125 0.3171875 0.040625 0.15859375
0 0.2640625 0.8421875 0.1203125 0.11328125
0 0.353125 0.8421875 0.0671875 0.03828125
0 0.3171875 0.7859375 0.0765625 0.08671875
0 0.3375 0.77421875 0.08671875 0.08671875
0 0.2640625 0.9375 0.08203125 0.11328125
0 0.40859375 0.928125 0.09375 0.10546875
0 0.5296875 0.89921875 0.053125 0.10078125
0 0.4984375 0.9421875 0.09375 0.1109375
0 0.62265625 0.90859375 0.13203125 0.16796875
0 0.68359375 0.9578125 0.11796875 0.0796875
0 0.74609375 0.8328125 0.115625 0.14453125
0 0.82109375 0.91484375 0.10546875 0.16796875
0 0.88125 0.7953125 0.08203125 0.1203125
0 0.8078125 0.7796875 0.08671875 0.125
0 0.8765625 0.65390625 0.1296875 0.16328125
0 0.81015625 0.6984375 0.06015625 0.10078125
0 0.790625 0.6984375 0.0671875 0.10078125
0 0.3859375 0.33046875 0.06015625 0.15859375
0 0.33984375 0.3421875 0.04296875 0.14453125
0 0.32578125 0.2515625 0.03359375 0.08671875
0 0.35703125 0.21015625 0.02890625 0.09375
0 0.42421875 0.1359375 0.16328125 0.22109375
0 0.4734375 0.29921875 0.16796875 0.2328125
0 0.31953125 0.70078125 0.0484375 0.10546875
0 0.32109375 0.62890625 0.02421875 0.05078125
0 0.31015625 0.61640625 0.0140625 0.02421875
0 0.3234375 0.57578125 0.01953125 0.03125
0 0.3078125 0.56953125 0.01171875 0.03125
0 0.31484375 0.53515625 0.01953125 0.03828125
0 0.296875 0.48828125 0.03359375 0.0578125
0 0.3234375 0.478125 0.02421875 0.05078125
0 0.30546875 0.43046875 0.03125 0.04296875
0 0.33046875 0.421875 0.02421875 0.0625
0 0.353125 0.428125 0.02890625 0.05078125
0 0.37109375 0.43046875 0.02421875 0.0578125
0 0.4015625 0.4375 0.02890625 0.0578125
0 0.38671875 0.478125 0.01171875 0.02421875
0 0.36875 0.490625 0.03359375 0.05078125
0 0.35078125 0.51171875 0.0140625 0.04296875
0 0.3578125 0.6765625 0.0578125 0.1203125
0 0.36640625 0.546875 0.02890625 0.05078125
0 0.39453125 0.578125 0.02890625 0.05078125
0 0.41328125 0.55078125 0.021875 0.03125
0 0.39296875 0.553125 0.01171875 0.02421875
0 0.41015625 0.50625 0.03359375 0.0578125
0 0.3859375 0.51171875 0.021875 0.04296875
0 0.42890625 0.60078125 0.021875 0.04296875
0 0.43515625 0.6359375 0.021875 0.03828125
0 0.44921875 0.6671875 0.01953125 0.03828125
0 0.4671875 0.62890625 0.021875 0.05078125
0 0.45546875 0.59375 0.03828125 0.0578125
0 0.41015625 0.67890625 0.053125 0.08671875
0 0.459375 0.7296875 0.02421875 0.03828125
0 0.47109375 0.7828125 0.01171875 0.04296875
0 0.46015625 0.79921875 0.009375 0.02421875
0 0.4734375 0.7953125 0.0484375 0.08203125
0 0.4984375 0.8484375 0.040625 0.05078125
0 0.55078125 0.83046875 0.03828125 0.03828125
0 0.56015625 0.75859375 0.05078125 0.08203125
0 0.54921875 0.7765625 0.009375 0.01953125
0 0.603125 0.6890625 0.01953125 0.03125
0 0.5921875 0.65390625 0.053125 0.10078125
0 0.49375 0.52890625 0.03125 0.125
0 0.4640625 0.47109375 0.03359375 0.125
0 0.43046875 0.40625 0.02421875 0.09375
0 0.44453125 0.5 0.053125 0.1203125
0 0.5015625 0.421875 0.0484375 0.08671875
0 0.5375 0.33671875 0.04296875 0.09375
0 0.5359375 0.21015625 0.03359375 0.10546875
0 0.5625 0.16015625 0.05078125 0.09375
0 0.62265625 0.1359375 0.0765625 0.1203125
0 0.70078125 0.12265625 0.0765625 0.14453125
0 0.796875 0.14765625 0.14921875 0.26953125
0 0.88671875 0.2296875 0.1203125 0.2328125
0 0.74609375 0.4375 0.15390625 0.19453125
0 0.75 0.3078125 0.12265625 0.25
0 0.703125 0.2640625 0.02890625 0.0625
0 0.6921875 0.2078125 0.02421875 0.02421875
0 0.67890625 0.2453125 0.02421875 0.03828125
0 0.6875 0.3328125 0.0140625 0.08671875
0 0.6765625 0.3015625 0.01171875 0.0765625
0 0.65859375 0.31484375 0.021875 0.08671875
0 0.6390625 0.33984375 0.03359375 0.0765625
0 0.6359375 0.38359375 0.0578125 0.08671875
0 0.63828125 0.2296875 0.02421875 0.0578125
0 0.63359375 0.2828125 0.02890625 0.03828125
0 0.5921875 0.2140625 0.06015625 0.08671875
0 0.60546875 0.2953125 0.02890625 0.0765625
0 0.578125 0.28984375 0.03125 0.0625
0 0.5875 0.37109375 0.03125 0.0625
0 0.5671875 0.33671875 0.02890625 0.04296875
0 0.55546875 0.33984375 0.03359375 0.01171875
0 0.578125 0.428125 0.03125 0.0625
0 0.5359375 0.459375 0.02890625 0.05078125
0 0.56640625 0.49375 0.02421875 0.0578125
0 0.5375 0.5 0.02421875 0.0578125
0 0.5296875 0.546875 0.021875 0.03828125
0 0.50859375 0.58203125 0.02890625 0.0578125
0 0.52890625 0.61328125 0.01953125 0.0578125
0 0.54921875 0.6265625 0.02890625 0.04296875
0 0.54921875 0.66015625 0.021875 0.03828125
0 0.51953125 0.65390625 0.03125 0.0625
0 0.5671875 0.553125 0.040625 0.0625
0 0.56015625 0.5875 0.01953125 0.03125
0 0.5015625 0.71015625 0.02890625 0.0625
0 0.51953125 0.7359375 0.02421875 0.05078125
0 0.62109375 0.509375 0.02890625 0.03828125
0 0.6078125 0.56015625 0.021875 0.05078125
0 0.63828125 0.6265625 0.02421875 0.04296875
0 0.64921875 0.7078125 0.12265625 0.10546875
0 0.61171875 0.80546875 0.08671875 0.1390625
0 0.68515625 0.7484375 0.08671875 0.08671875
0 0.6921875 0.7328125 0.0765625 0.10546875
0 0.7046875 0.7765625 0.08203125 0.08203125
0 0.63125 0.55625 0.02890625 0.04296875
0 0.6359375 0.5875 0.02421875 0.03125
0 0.65859375 0.58203125 0.02890625 0.04296875
0 0.64921875 0.54453125 0.02890625 0.03125
0 0.65234375 0.51171875 0.02890625 0.03125
0 0.678125 0.50390625 0.021875 0.03828125
0 0.68515625 0.46875 0.01953125 0.04296875
0 0.696875 0.515625 0.0140625 0.02421875
0 0.71484375 0.525 0.0140625 0.04296875
0 0.7359375 0.5375 0.02421875 0.04296875
0 0.725 0.578125 0.0140625 0.03828125
0 0.71015625 0.56640625 0.01171875 0.02421875
0 0.69453125 0.59375 0.03125 0.04296875
0 0.6984375 0.55625 0.01953125 0.03125
0 0.678125 0.56015625 0.0140625 0.03828125
0 0.6625 0.578125 0.0140625 0.03828125
0 0.6625 0.61875 0.02890625 0.03125
0 0.6984375 0.64453125 0.03828125 0.06953125
0 0.7640625 0.56015625 0.02421875 0.05078125
0 0.74609375 0.60078125 0.040625 0.06953125
0 0.7296875 0.64453125 0.05078125 0.06953125
0 0.77890625 0.66953125 0.040625 0.0578125
0 0.74375 0.7078125 0.03359375 0.0578125
0 0.7859375 0.62890625 0.04296875 0.03828125
0 0.82109375 0.62890625 0.02421875 0.03828125
0 0.7953125 0.55078125 0.0578125 0.14453125
0 0.85546875 0.58515625 0.0625 0.0765625
0 0.8484375 0.36796875 0.03828125 0.06953125
0 0.82109375 0.38125 0.03125 0.08203125
0 0.8171875 0.453125 0.03125 0.05078125
0 0.8421875 0.43046875 0.03125 0.04296875
0 0.84375 0.484375 0.040625 0.0625
0 0.8484375 0.5375 0.0578125 0.0578125
0 0.87265625 0.428125 0.02890625 0.0625
0 0.86875 0.490625 0.0140625 0.03828125
0 0.88359375 0.5 0.03125 0.08203125
0 0.88828125 0.5625 0.02890625 0.04296875
0 0.91796875 0.50625 0.04296875 0.1203125
0 0.9078125 0.40234375 0.021875 0.03828125
0 0.88671875 0.36171875 0.03125 0.04296875
0 0.91796875 0.43359375 0.02421875 0.03828125
0 0.94453125 0.39921875 0.021875 0.04296875
0 0.928125 0.3890625 0.02421875 0.03828125
0 0.91796875 0.35234375 0.02421875 0.05078125
0 0.946875 0.3484375 0.02421875 0.04296875
0 0.93515625 0.31484375 0.040625 0.05078125
0 0.9703125 0.34609375 0.02890625 0.05078125
