0 0.8265625 0.32109375 0.2640625 0.21640625
0 0.54453125 0.0734375 0.178125 0.11328125
0 0.4078125 0.0484375 0.321875 0.09140625
0 0.1765625 0.134375 0.30546875 0.21640625
0 0.11640625 0.09609375 0.22109375 0.1875
0 0.50625 0.196875 0.37734375 0.2546875
0 0.7515625 0.19609375 0.46171875 0.1734375
0 0.7609375 0.1 0.3609375 0.1921875
0 0.790625 0.0484375 0.240625 0.09140625
0 0.91484375 0.0953125 0.165625 0.1703125
0 0.69453125 0.5578125 0.22578125 0.15859375
0 0.4671875 0.54296875 0.1921875 0.134375
0 0.35546875 0.5875 0.18515625 0.15390625
0 0.2125 0.7078125 0.22109375 0.259375
0 0.19453125 0.53984375 0.209375 0.1296875
0 0.23046875 0.453125 0.0671875 0.0578125
0 0.27265625 0.446875 0.053125 0.0484375
0 0.3109375 0.42890625 0.084375 0.0484375
0 0.22109375 0.3953125 0.084375 0.06015625
0 0.25703125 0.33984375 0.071875 0.0625
0 0.29921875 0.37890625 0.071875 0.03828125
0 0.3171875 0.3265625 0.084375 0.0578125
0 0.41328125 0.30078125 0.16796875 0.16328125
0 0.353125 0.4515625 0.21640625 0.1390625
0 0.51171875 0.3734375 0.18515625 0.15625
0 0.28515625 0.275 0.1390625 0.0671875
0 0.3328125 0.22734375 0.10078125 0.0578125
0 0.27890625 0.17578125 0.0671875 0.0484375
0 0.2453125 0.2046875 0.1078125 0.0625
0 0.19140625 0.2515625 0.09609375 0.0578125
0 0.15 0.296875 0.13203125 0.06953125
0 0.16484375 0.35546875 0.0671875 0.03828125
0 0.1046875 0.3265625 0.0671875 0.04296875
0 0.06875 0.4 0.125 0.06953125
0 0.03828125 0.365625 0.0671875 0.053125
0 0.03828125 0.31015625 0.0671875 0.0578125
0 0.05078125 0.2640625 0.0765625 0.04296875
0 0.63203125 0.3390625 0.0671875 0.03359375
0 0.6828125 0.353125 0.06015625 0.0359375
0 0.63203125 0.37734375 0.0765625 0.04296875
0 0.70703125 0.38828125 0.071875 0.03828125
0 0.6765625 0.415625 0.071875 0.03828125
0 0.65625 0.44375 0.0671875 0.04296875
0 0.59609375 0.415625 0.0671875 0.03359375
0 0.578125 0.4484375 0.053125 0.03359375
0 0.5203125 0.46015625 0.06015625 0.02890625
0 0.80546875 0.4171875 0.0765625 0.02890625
0 0.7453125 0.4359375 0.0671875 0.0359375
0 0.8109375 0.44453125 0.053125 0.0265625
0 0.76953125 0.47265625 0.0671875 0.03359375
0 0.86171875 0.4640625 0.06015625 0.02421875
0 0.8859375 0.45078125 0.06015625 0.02890625
0 0.8265625 0.49140625 0.0484375 0.0265625
0 0.87109375 0.49296875 0.053125 0.02421875
0 0.9078125 0.47734375 0.053125 0.02890625
0 0.94375 0.46484375 0.053125 0.0265625
0 0.93359375 0.48828125 0.0359375 0.01953125
0 0.928125 0.5171875 0.02421875 0.0171875
0 0.8796875 0.5140625 0.06015625 0.01953125
0 0.8296875 0.5171875 0.053125 0.02421875
0 0.83515625 0.546875 0.053125 0.0359375
0 0.8859375 0.5421875 0.06015625 0.0265625
0 0.87734375 0.5609375 0.053125 0.01953125
0 0.96484375 0.56484375 0.06484375 0.1734375
0 0.975 0.43125 0.0453125 0.103125
0 0.9625 0.3140625 0.06953125 0.2234375
0 0.84765625 0.5953125 0.0765625 0.03359375
0 0.9078125 0.584375 0.04296875 0.03359375
0 0.8375 0.63125 0.06015625 0.03828125
0 0.89765625 0.62109375 0.0484375 0.03359375
0 0.8796875 0.64765625 0.0484375 0.0265625
0 0.94375 0.64453125 0.053125 0.01953125
0 0.94921875 0.60546875 0.04296875 0.02890625
0 0.91328125 0.6625 0.04296875 0.02890625
0 0.8859375 0.67421875 0.0359375 0.01953125
0 0.84765625 0.66953125 0.04296875 0.02890625
0 0.77890625 0.73828125 0.178125 0.22578125
0 0.58671875 0.6859375 0.27421875 0.14921875
0 0.38359375 0.725 0.1921875 0.1203125
0 0.44609375 0.7921875 0.209375 0.09609375
0 0.46171875 0.88359375 0.21640625 0.125
0 0.634375 0.8125 0.2015625 0.12265625
0 0.5828125 0.92890625 0.3921875 0.13671875
0 0.9265625 0.7171875 0.1421875 0.165625
0 0.9625 0.859375 0.06953125 0.1515625
0 0.9515625 0.96015625 0.09140625 0.0796875
0 0.859375 0.87890625 0.165625 0.23828125
0 0.77265625 0.875 0.071875 0.04296875
0 0.1046875 0.890625 0.196875 0.1203125
0 0.08046875 0.95546875 0.1515625 0.084375
0 0.30859375 0.9703125 0.0765625 0.03359375
0 0.23046875 0.97734375 0.0765625 0.03828125
0 0.28515625 0.99375 0.0453125 0.00703125
0 0.3484375 0.98828125 0.08203125 0.01953125
0 0.15 0.98203125 0.07421875 0.03125
0 0.2453125 0.8265625 0.21640625 0.259375
0 0.16484375 0.3921875 0.053125 0.0265625
0 0.15234375 0.421875 0.04296875 0.0265625
0 0.15625 0.453125 0.0484375 0.02421875
0 0.20078125 0.45546875 0.02890625 0.0265625
0 0.196875 0.48828125 0.0359375 0.01953125
0 0.16484375 0.478125 0.02890625 0.01953125
0 0.15625 0.51171875 0.0359375 0.01953125
0 0.13203125 0.49296875 0.0359375 0.02421875
0 0.146875 0.45703125 0.04296875 0.0359375
0 0.0984375 0.46015625 0.04296875 0.02421875
0 0.084375 0.490625 0.06015625 0.02890625
0 0.06640625 0.4515625 0.0484375 0.03359375
0 0.0265625 0.45078125 0.04296875 0.02890625
0 0.02421875 0.4734375 0.0359375 0.02421875
0 0.02421875 0.5 0.0359375 0.0171875
0 0.071875 0.5140625 0.0484375 0.0265625
0 0.03828125 0.53359375 0.04296875 0.02890625
0 0.078125 0.53984375 0.0359375 0.0171875
0 0.0328125 0.5578125 0.053125 0.01953125
0 0.07421875 0.5640625 0.02890625 0.02421875
0 0.1140625 0.56484375 0.0484375 0.0265625
0 0.08984375 0.5875 0.0484375 0.0265625
0 0.05078125 0.5921875 0.053125 0.02890625
0 0.02421875 0.6 0.0359375 0.02890625
0 0.0140625 0.578125 0.01953125 0.0265625
0 0.0625 0.625 0.04296875 0.03359375
0 0.0296875 0.63125 0.0484375 0.03359375
0 0.0984375 0.62265625 0.053125 0.02890625
0 0.1203125 0.6046875 0.0484375 0.01953125
0 0.17890625 0.6078125 0.0484375 0.01953125
0 0.1703125 0.634375 0.0671875 0.03359375
0 0.1765625 0.66015625 0.02890625 0.02890625
0 0.13828125 0.66484375 0.0484375 0.03359375
0 0.13828125 0.640625 0.02421875 0.0265625
0 0.09609375 0.66953125 0.0359375 0.02890625
0 0.140625 0.66953125 0.04296875 0.02421875
0 0.146875 0.6921875 0.02890625 0.0171875
0 0.11640625 0.69453125 0.02890625 0.01953125
0 0.0296875 0.66484375 0.0484375 0.03359375
0 0.05625 0.665625 0.01953125 0.0171875
0 0.04453125 0.69140625 0.04296875 0.01953125
0 0.01796875 0.71171875 0.02421875 0.0265625
0 0.05078125 0.72734375 0.0671875 0.0265625
0 0.04453125 0.7078125 0.02890625 0.0140625
0 0.08671875 0.7140625 0.04296875 0.01953125
0 0.12890625 0.7296875 0.04296875 0.02421875
0 0.146875 0.7046875 0.04296875 0.0265625
0 0.08671875 0.740625 0.053125 0.0265625
0 0.08984375 0.765625 0.0484375 0.0359375
0 0.0359375 0.75625 0.06015625 0.02890625
0 0.06015625 0.77734375 0.0359375 0.03359375
0 0.02421875 0.7953125 0.0359375 0.04296875
0 0.0484375 0.803125 0.02421875 0.02421875
0 0.0921875 0.7953125 0.053125 0.02890625
0 0.07421875 0.82421875 0.04296875 0.0265625
0 0.0359375 0.84375 0.0484375 0.0265625
