0 0.2296875 0.0984375 0.071875 0.08203125
0 0.30625 0.09609375 0.0796875 0.0984375
0 0.42578125 0.0984375 0.084375 0.08203125
0 0.49609375 0.1453125 0.10078125 0.09375
0 0.4109375 0.2140625 0.0671875 0.071875
0 0.34765625 0.26328125 0.06484375 0.0671875
0 0.29453125 0.20546875 0.0796875 0.0765625
0 0.2359375 0.2921875 0.0671875 0.08203125
0 0.18984375 0.24765625 0.084375 0.0984375
0 0.14453125 0.1921875 0.09140625 0.071875
0 0.13125 0.27890625 0.0796875 0.0890625
0 0.0984375 0.35703125 0.0765625 0.0765625
0 0.1921875 0.3640625 0.0796875 0.0625
0 0.1703125 0.39921875 0.0671875 0.0484375
0 0.09140625 0.42421875 0.0765625 0.0671875
0 0.134375 0.47734375 0.09609375 0.0671875
0 0.18046875 0.4484375 0.0796875 0.053125
0 0.2703125 0.4265625 0.09140625 0.0625
0 0.3171875 0.390625 0.0796875 0.0625
0 0.2875 0.34375 0.071875 0.0625
0 0.38828125 0.34609375 0.084375 0.0671875
0 0.4203125 0.2859375 0.0796875 0.0625
0 0.4890625 0.24765625 0.09609375 0.0671875
0 0.46640625 0.34375 0.09609375 0.0625
0 0.446875 0.39921875 0.071875 0.0578125
0 0.3796875 0.39296875 0.0671875 0.0578125
0 0.34375 0.453125 0.0578125 0.053125
0 0.2984375 0.48671875 0.0578125 0.0578125
0 0.24765625 0.47109375 0.0453125 0.0265625
0 0.25703125 0.52890625 0.04296875 0.0359375
0 0.21484375 0.5109375 0.0484375 0.053125
0 0.1859375 0.53828125 0.053125 0.0484375
0 0.14296875 0.5625 0.0578125 0.04296875
0 0.1234375 0.51796875 0.06484375 0.0484375
0 0.09765625 0.58671875 0.071875 0.0578125
0 0.03359375 0.5984375 0.053125 0.053125
0 0.025 0.5515625 0.04296875 0.071875
0 0.07109375 0.6296875 0.0578125 0.04296875
0 0.41484375 0.46171875 0.0625 0.0578125
0 0.48671875 0.4375 0.0765625 0.0625
0 0.475 0.4953125 0.0671875 0.053125
0 0.35 0.53359375 0.084375 0.0578125
0 0.3109375 0.5828125 0.0671875 0.08203125
0 0.2546875 0.56015625 0.0625 0.0578125
0 0.23203125 0.61171875 0.0671875 0.0671875
0 0.18984375 0.64296875 0.053125 0.0484375
0 0.1703125 0.61796875 0.0453125 0.0578125
0 0.15390625 0.6609375 0.0578125 0.053125
0 0.1203125 0.6296875 0.0484375 0.04296875
0 0.0890625 0.70546875 0.06484375 0.0578125
0 0.03828125 0.72109375 0.0625 0.0578125
0 0.37265625 0.5984375 0.053125 0.053125
0 0.415625 0.625 0.0578125 0.0625
0 0.38203125 0.671875 0.0578125 0.053125
0 0.334375 0.6609375 0.03828125 0.053125
0 0.28828125 0.69609375 0.053125 0.0484375
0 0.24765625 0.65859375 0.053125 0.0484375
0 0.203125 0.6875 0.0484375 0.04296875
0 0.203125 0.73671875 0.071875 0.0578125
0 0.14296875 0.7296875 0.04296875 0.053125
0 0.0953125 0.75234375 0.053125 0.0359375
0 0.04296875 0.7609375 0.0484375 0.04296875
0 0.10078125 0.7859375 0.03359375 0.04296875
0 0.06484375 0.796875 0.03828125 0.03125
0 0.025 0.8125 0.04296875 0.0625
0 0.06640625 0.8234375 0.0484375 0.03125
0 0.0484375 0.8640625 0.0578125 0.04296875
0 0.0625 0.90625 0.06484375 0.053125
0 0.15234375 0.7921875 0.0625 0.0625
0 0.20703125 0.77890625 0.0578125 0.0265625
0 0.18984375 0.8078125 0.02890625 0.04296875
0 0.1921875 0.83671875 0.03359375 0.0265625
0 0.1703125 0.86796875 0.0453125 0.0578125
0 0.14296875 0.84609375 0.0484375 0.0484375
0 0.11796875 0.8859375 0.0625 0.04296875
0 0.1609375 0.9171875 0.06484375 0.04296875
0 0.17890625 0.93984375 0.0625 0.0359375
0 0.0328125 0.98046875 0.0359375 0.03359375
0 0.22109375 0.975 0.0484375 0.0453125
0 0.22578125 0.89296875 0.03359375 0.0484375
0 0.25703125 0.90390625 0.06484375 0.0671875
0 0.334375 0.9109375 0.0671875 0.04296875
0 0.35546875 0.9328125 0.0578125 0.04296875
0 0.36328125 0.9640625 0.0578125 0.053125
0 0.4046875 0.94453125 0.0484375 0.0484375
0 0.46875 0.990625 0.0578125 0.0140625
0 0.47109375 0.97109375 0.053125 0.0265625
0 0.4671875 0.953125 0.053125 0.04296875
0 0.36171875 0.7765625 0.053125 0.04296875
0 0.35234375 0.73203125 0.06484375 0.0671875
0 0.30390625 0.74765625 0.03828125 0.0671875
0 0.26171875 0.71875 0.0453125 0.0625
0 0.25703125 0.76796875 0.0484375 0.0578125
0 0.2453125 0.79921875 0.04296875 0.0359375
0 0.2703125 0.828125 0.0625 0.04296875
0 0.23203125 0.84609375 0.053125 0.0484375
0 0.29296875 0.875 0.053125 0.04296875
0 0.334375 0.8546875 0.053125 0.0625
0 0.34609375 0.82578125 0.0671875 0.0265625
0 0.41484375 0.8640625 0.0671875 0.071875
0 0.375 0.90625 0.071875 0.04296875
0 0.44375 0.9265625 0.071875 0.04296875
0 0.484375 0.90390625 0.071875 0.0265625
0 0.49765625 0.859375 0.0765625 0.053125
0 0.49296875 0.81484375 0.06484375 0.0578125
0 0.4203125 0.796875 0.071875 0.04296875
0 0.46015625 0.74765625 0.0671875 0.0578125
0 0.4375 0.7703125 0.0453125 0.04296875
0 0.3921875 0.71640625 0.0671875 0.0484375
0 0.43125 0.6921875 0.08671875 0.053125
0 0.4515625 0.65390625 0.084375 0.0484375
0 0.46171875 0.60078125 0.0578125 0.0578125
0 0.53984375 0.56953125 0.0765625 0.0671875
0 0.5171875 0.6140625 0.0625 0.0625
0 0.525 0.66953125 0.053125 0.0484375
0 0.515625 0.72109375 0.06484375 0.0484375
0 0.5203125 0.75234375 0.0671875 0.0484375
0 0.53984375 0.78359375 0.0671875 0.0359375
0 0.5515625 0.8125 0.0625 0.04296875
0 0.5625 0.8484375 0.053125 0.04296875
0 0.55625 0.8859375 0.0578125 0.053125
0 0.6078125 0.88828125 0.053125 0.0578125
0 0.571875 0.2546875 0.0796875 0.071875
0 0.55546875 0.3171875 0.084375 0.0625
0 0.57578125 0.4015625 0.06484375 0.071875
0 0.57578125 0.47734375 0.06484375 0.0671875
0 0.59140625 0.53828125 0.0796875 0.0484375
0 0.6140625 0.578125 0.06484375 0.053125
0 0.578125 0.63828125 0.0671875 0.0671875
0 0.69375 0.19453125 0.0796875 0.0890625
0 0.640625 0.23671875 0.0796875 0.0765625
0 0.7203125 0.26328125 0.0796875 0.0890625
0 0.64296875 0.3015625 0.09140625 0.08203125
0 0.71171875 0.33671875 0.0671875 0.0765625
0 0.65 0.3703125 0.0765625 0.053125
0 0.734375 0.3859375 0.09140625 0.08203125
0 0.66015625 0.4265625 0.08671875 0.08203125
0 0.72265625 0.4640625 0.09140625 0.071875
0 0.646875 0.50234375 0.0765625 0.0671875
0 0.6984375 0.52890625 0.09609375 0.0984375
0 0.8140625 0.27421875 0.084375 0.0890625
0 0.775 0.22578125 0.0765625 0.0671875
0 0.86640625 0.26328125 0.0625 0.0890625
0 0.91796875 0.29453125 0.0796875 0.0765625
0 0.8890625 0.35703125 0.084375 0.0890625
0 0.80625 0.36796875 0.084375 0.0671875
0 0.8234375 0.43046875 0.06484375 0.0578125
0 0.9015625 0.43046875 0.0765625 0.0671875
0 0.96015625 0.4359375 0.07421875 0.0796875
0 0.96015625 0.49296875 0.0578125 0.0671875
0 0.98203125 0.515625 0.03125 0.084375
0 0.9390625 0.54453125 0.09140625 0.0890625
0 0.865625 0.51328125 0.06484375 0.0578125
0 0.83671875 0.4796875 0.0765625 0.053125
0 0.9890625 0.59609375 0.0171875 0.08203125
0 0.946875 0.60078125 0.0671875 0.0578125
0 0.8703125 0.5984375 0.0765625 0.04296875
0 0.8421875 0.5578125 0.0796875 0.0625
0 0.775 0.50703125 0.0625 0.0578125
0 0.7609375 0.5671875 0.0671875 0.053125
0 0.75859375 0.62265625 0.06484375 0.0484375
0 0.67890625 0.5984375 0.0796875 0.0625
0 0.82109375 0.60703125 0.0625 0.0484375
0 0.8921875 0.640625 0.06484375 0.053125
0 0.84375 0.6515625 0.0671875 0.08203125
0 0.81640625 0.6921875 0.06484375 0.0625
0 0.7609375 0.671875 0.0625 0.053125
0 0.71875 0.68984375 0.0765625 0.0765625
0 0.6703125 0.66328125 0.06484375 0.0671875
0 0.6296875 0.6359375 0.0578125 0.04296875
0 0.5953125 0.68984375 0.06484375 0.0484375
0 0.57578125 0.7140625 0.0484375 0.053125
0 0.6234375 0.74765625 0.053125 0.0484375
0 0.66953125 0.765625 0.053125 0.04296875
0 0.915625 0.70546875 0.0765625 0.0671875
0 0.85234375 0.7296875 0.0625 0.04296875
0 0.78515625 0.74296875 0.0484375 0.0484375
0 0.7453125 0.75234375 0.02890625 0.0359375
0 0.93125 0.76796875 0.053125 0.0578125
0 0.8703125 0.7609375 0.0671875 0.04296875
0 0.84375 0.7921875 0.0765625 0.04296875
0 0.79453125 0.80546875 0.0453125 0.0578125
0 0.7484375 0.7859375 0.053125 0.053125
0 0.7296875 0.81015625 0.0671875 0.0671875
0 0.6859375 0.828125 0.0578125 0.053125
0 0.77421875 0.859375 0.0578125 0.04296875
0 0.71640625 0.86796875 0.04296875 0.0578125
0 0.7015625 0.890625 0.0265625 0.053125
0 0.78359375 0.90390625 0.053125 0.0671875
0 0.74140625 0.91953125 0.0453125 0.0671875
0 0.65 0.88203125 0.0453125 0.0484375
0 0.63671875 0.97109375 0.06484375 0.0484375
0 0.63671875 0.94453125 0.06484375 0.0359375
0 0.6859375 0.98046875 0.05078125 0.03359375
0 0.62109375 0.99296875 0.0265625 0.009375
0 0.6046875 0.9890625 0.0453125 0.01953125
