0 0.58984375 0.38828125 0.81484375 0.7671875
0 0.1515625 0.1890625 0.134375 0.1390625
0 0.04453125 0.1546875 0.08203125 0.09609375
0 0.053125 0.240625 0.09609375 0.115625
0 0.06875 0.421875 0.1296875 0.1875
0 0.08046875 0.3453125 0.0890625 0.10078125
0 0.13828125 0.2796875 0.08203125 0.071875
0 0.23828125 0.259375 0.09375 0.10078125
0 0.16484375 0.32421875 0.08203125 0.0890625
0 0.1828125 0.38671875 0.0890625 0.071875
0 0.259375 0.39296875 0.084375 0.0671875
0 0.25703125 0.33984375 0.08203125 0.0765625
0 0.33046875 0.3140625 0.0671875 0.0671875
0 0.35546875 0.6703125 0.35546875 0.15859375
0 0.240625 0.4953125 0.15859375 0.15390625
0 0.084375 0.55546875 0.15859375 0.1875
