0 0.291015625 0.42431640625 0.38671875 0.3876953125
0 0.4990234375 0.24658203125 0.294921875 0.2314453125
0 0.51025390625 0.369140625 0.0556640625 0.060546875
0 0.646484375 0.20166015625 0.21484375 0.1767578125
0 0.64453125 0.59326171875 0.328125 0.5185546875
0 0.7763671875 0.46435546875 0.287109375 0.4287109375
0 0.3095703125 0.74267578125 0.369140625 0.3291015625
0 0.2431640625 0.04736328125 0.216796875 0.0947265625
0 0.0537109375 0.08056640625 0.107421875 0.1611328125
0 0.169921875 0.19482421875 0.16015625 0.2060546875
0 0.0625 0.39111328125 0.125 0.2470703125
