0 0.6513671875 0.61962890625 0.193359375 0.3291015625
0 0.2109375 0.50146484375 0.39453125 0.9951171875
0 0.14453125 0.30224609375 0.1171875 0.3115234375
0 0.0700871390625 0.594689002344 0.10321514375 0.209810698437
0 0.123046875 0.787109375 0.12890625 0.2109375
0 0.236328125 0.53857421875 0.08984375 0.1904296875
0 0.4111328125 0.58544921875 0.103515625 0.2099609375
0 0.5546875 0.44482421875 0.1171875 0.2060546875
0 0.59765625 0.658991886719 0.08984375 0.254281851563
0 0.6572265625 0.53564453125 0.083984375 0.1572265625
0 0.5400390625 0.18994140625 0.111328125 0.3330078125
0 0.3212890625 0.51611328125 0.083984375 0.2353515625
0 0.681640625 0.78564453125 0.09375 0.1806640625
0 0.9150390625 0.83642578125 0.130859375 0.1845703125
0 0.2392578125 0.13330078125 0.103515625 0.2587890625
0 0.32451923125 0.380859375 0.078125 0.06159855625
0 0.256159855469 0.440955528906 0.0345552890625 0.0555889421875
0 0.783203125 0.7734375 0.0703125 0.109375
0 0.830829326562 0.720665565625 0.096153846875 0.2060546875
0 0.7822265625 0.70849609375 0.072265625 0.2412109375
0 0.9501953125 0.64697265625 0.099609375 0.2744140625
0 0.9091796875 0.51806640625 0.126953125 0.2626953125
0 0.9912109375 0.46826171875 0.017578125 0.1396484375
0 0.96875 0.27783203125 0.0625 0.2314453125
0 0.9453125 0.15087890625 0.0546875 0.1103515625
0 0.9716796875 0.07666015625 0.041015625 0.1494140625
0 0.8779296875 0.07080078125 0.111328125 0.1337890625
0 0.8701171875 0.28662109375 0.123046875 0.2607421875
0 0.794921875 0.14697265625 0.109375 0.2626953125
0 0.7041015625 0.15283203125 0.087890625 0.1923828125
0 0.640625 0.21533203125 0.07421875 0.1025390625
0 0.650390625 0.30908203125 0.1015625 0.2861328125
0 0.7490234375 0.36279296875 0.103515625 0.1904296875
0 0.7509765625 0.41748046875 0.111328125 0.2998046875
0 0.830078125 0.48046875 0.05859375 0.16796875
