0 0.50703125 0.7328125 0.25 0.52421875
0 0.64765625 0.92578125 0.196875 0.1421875
0 0.80078125 0.58984375 0.3890625 0.4375
0 0.67890625 0.26171875 0.384375 0.2640625
0 0.71015625 0.35546875 0.45703125 0.2765625
0 0.85625 0.134375 0.275 0.26875
0 0.3609375 0.25703125 0.33671875 0.0765625
0 0.459375 0.41328125 0.36796875 0.2453125
0 0.28984375 0.55390625 0.4859375 0.42578125
0 0.1578125 0.6765625 0.21171875 0.41796875
0 0.20703125 0.81875 0.40859375 0.28125
0 0.23671875 0.31953125 0.46875 0.1203125
0 0.17890625 0.1515625 0.35546875 0.303125
0 0.3609375 0.115625 0.1296875 0.23046875
0 0.1 0.103125 0.19453125 0.2015625
0 0.45546875 0.00625 0.15390625 0.01171875
0 0.06875 0.61875 0.13203125 0.2046875
0 0.04296875 0.7171875 0.08203125 0.11328125
0 0.03515625 0.4640625 0.06484375 0.1921875
