0 0.10009765625 0.0869140625 0.1826171875 0.173828125
0 0.3466796875 0.103515625 0.283203125 0.20703125
0 0.552734375 0.15234375 0.18359375 0.3046875
0 0.69921875 0.0595703125 0.138671875 0.119140625
0 0.80126953125 0.0244140625 0.0576171875 0.048828125
0 0.89697265625 0.025390625 0.1201171875 0.05078125
0 0.94921875 0.1064453125 0.07421875 0.134765625
0 0.859375 0.1123046875 0.1015625 0.193359375
0 0.7919921875 0.1904296875 0.169921875 0.271484375
0 0.939453125 0.275390625 0.109375 0.1875
0 0.916015625 0.4951171875 0.09765625 0.201171875
0 0.859375 0.3828125 0.1171875 0.19921875
0 0.767578125 0.41015625 0.09375 0.1953125
0 0.830078125 0.52734375 0.06640625 0.109375
0 0.67041015625 0.1875 0.0673828125 0.13671875
0 0.6923828125 0.3525390625 0.080078125 0.189453125
0 0.6875 0.5615234375 0.1484375 0.244140625
0 0.7802734375 0.66796875 0.068359375 0.1328125
0 0.57373046875 0.3330078125 0.1962890625 0.259765625
0 0.302734375 0.26953125 0.203125 0.21875
0 0.3876953125 0.5302734375 0.361328125 0.474609375
0 0.1123046875 0.3828125 0.212890625 0.39453125
0 0.194185696875 0.3955078125 0.09990985625 0.068359375
0 0.445462740625 0.234375 0.14873798125 0.16826923125
0 0.0595703125 0.7294921875 0.115234375 0.349609375
0 0.2265625 0.8369140625 0.28125 0.326171875
0 0.05810546875 0.92333984375 0.1044921875 0.1533203125
0 0.42529296875 0.927734375 0.1650390625 0.14453125
0 0.556640625 0.884765625 0.14453125 0.23046875
0 0.45703125 0.7939453125 0.16796875 0.134765625
0 0.5380859375 0.65625 0.150390625 0.22265625
0 0.716796875 0.7412109375 0.05859375 0.130859375
0 0.630859375 0.751953125 0.11328125 0.140625
