0 0.728125 0.85546875 0.1734375 0.103125
0 0.72265625 0.74296875 0.18515625 0.115625
0 0.6734375 0.6421875 0.134375 0.0765625
0 0.5515625 0.6 0.14453125 0.10078125
0 0.64765625 0.49375 0.14921875 0.09609375
0 0.6734375 0.55546875 0.15625 0.08203125
0 0.72578125 0.44921875 0.134375 0.09140625
0 0.56640625 0.725 0.14921875 0.12734375
0 0.615625 0.7859375 0.053125 0.04296875
0 0.4796875 0.67578125 0.10546875 0.0890625
0 0.39296875 0.609375 0.16328125 0.103125
0 0.4078125 0.51171875 0.1203125 0.09140625
0 0.50234375 0.50390625 0.1390625 0.084375
0 0.46484375 0.4078125 0.15625 0.09140625
0 0.49765625 0.3234375 0.16328125 0.0765625
0 0.6234375 0.3390625 0.115625 0.053125
0 0.5953125 0.4109375 0.12734375 0.09140625
0 0.2984375 0.4640625 0.14453125 0.103125
0 0.36640625 0.38828125 0.0984375 0.10078125
0 0.228125 0.5796875 0.15625 0.0890625
0 0.32109375 0.5734375 0.08671875 0.10078125
0 0.62734375 0.20546875 0.22578125 0.15859375
0 0.7546875 0.3234375 0.25 0.1390625
0 0.8125 0.58671875 0.2140625 0.2359375
