0 0.3453125 0.47578125 0.1390625 0.2953125
0 0.26171875 0.453125 0.15390625 0.3703125
0 0.31875 0.6140625 0.0625 0.103125
0 0.4328125 0.5984375 0.125 0.125
0 0.43984375 0.50234375 0.09609375 0.1109375
0 0.4546875 0.35 0.08203125 0.1421875
0 0.37890625 0.2484375 0.1390625 0.21171875
0 0.446875 0.19140625 0.06484375 0.0765625
0 0.5109375 0.22109375 0.12734375 0.14921875
0 0.54921875 0.35 0.06484375 0.08671875
0 0.51328125 0.47578125 0.09609375 0.08671875
0 0.50234375 0.5515625 0.08203125 0.0765625
0 0.56015625 0.49375 0.04296875 0.115625
0 0.62734375 0.49765625 0.09140625 0.1109375
0 0.62109375 0.36640625 0.08203125 0.08671875
0 0.5890625 0.19921875 0.04296875 0.103125
0 0.6703125 0.265625 0.134375 0.2359375
0 0.73671875 0.2875 0.0671875 0.15859375
0 0.69140625 0.30078125 0.0359375 0.053125
0 0.7328125 0.4640625 0.134375 0.196875
0 0.8078125 0.50859375 0.14453125 0.23046875
0 0.6625 0.6140625 0.2328125 0.16796875
