0 0.57958984375 0.88671875 0.2861328125 0.2265625
0 0.8466796875 0.662109375 0.306640625 0.48046875
0 0.748401935156 0.259915865625 0.181284926562 0.51983173125
0 0.90869140625 0.2568359375 0.1826171875 0.505859375
0 0.5380859375 0.5908203125 0.314453125 0.599609375
0 0.23046875 0.7783203125 0.296875 0.443359375
0 0.05322265625 0.9169921875 0.0986328125 0.166015625
0 0.395582932813 0.925480769531 0.080228365625 0.147235576562
0 0.0908203125 0.678485576562 0.181640625 0.35576923125
0 0.435546875 0.2998046875 0.4765625 0.560546875
0 0.34495283125 0.284705528125 0.596756625 0.56640625
