0 0.39453125 0.68125 0.43515625 0.2859375
0 0.24375 0.665625 0.165625 0.14921875
0 0.37265625 0.5 0.165625 0.12265625
0 0.38125 0.3953125 0.43046875 0.2859375
0 0.20703125 0.2015625 0.115625 0.0765625
0 0.25390625 0.12265625 0.14453125 0.1296875
0 0.1921875 0.103125 0.103125 0.084375
0 0.390625 0.2140625 0.28359375 0.22109375
0 0.23046875 0.85 0.1109375 0.1109375
0 0.16796875 0.821875 0.0671875 0.0578125
0 0.18125 0.88671875 0.08203125 0.0578125
0 0.1578125 0.946875 0.0765625 0.0625
0 0.2046875 0.95546875 0.1203125 0.08203125
0 0.2828125 0.928125 0.1296875 0.084375
0 0.44609375 0.9515625 0.20703125 0.0890625
0 0.30546875 0.9828125 0.103125 0.0265625
0 0.303125 0.04296875 0.15390625 0.08203125
0 0.4046875 0.0515625 0.1515625 0.0984375
0 0.521875 0.06953125 0.1734375 0.134375
0 0.63671875 0.12265625 0.25 0.2140625
0 0.759375 0.6234375 0.2015625 0.1734375
0 0.85 0.725 0.28828125 0.30546875
0 0.8140625 0.83046875 0.228125 0.1421875
0 0.75625 0.93125 0.43515625 0.1296875
0 0.8265625 0.4015625 0.34140625 0.33671875
0 0.946875 0.5765625 0.10078125 0.15390625
0 0.9671875 0.8125 0.06015625 0.125
0 0.9625 0.9375 0.06953125 0.1203125
0 0.88125 0.975 0.071875 0.04296875
0 0.99296875 0.703125 0.009375 0.0984375
0 0.86796875 0.20546875 0.0765625 0.053125
0 0.9015625 0.24765625 0.0625 0.02421875
0 0.95078125 0.24375 0.0765625 0.0453125
0 0.94609375 0.19453125 0.0765625 0.0453125
0 0.975 0.1671875 0.0453125 0.07421875
0 0.9328125 0.1296875 0.071875 0.053125
0 0.890625 0.16796875 0.0625 0.03828125
0 0.865625 0.14296875 0.053125 0.0484375
0 0.803125 0.196875 0.09375 0.06484375
0 0.80546875 0.13359375 0.0671875 0.053125
0 0.80078125 0.08203125 0.0765625 0.0578125
0 0.87890625 0.08203125 0.08671875 0.06484375
0 0.9328125 0.09765625 0.040625 0.0265625
0 0.83671875 0.0421875 0.0765625 0.03828125
0 0.759375 0.03984375 0.0671875 0.04296875
0 0.8640625 0.06640625 0.2671875 0.12734375
0 0.4015625 0.84765625 0.27421875 0.12265625
2 0.49296875 0.8125 0.43515625 0.28359375
