0 0.63359375 0.646875 0.3078125 0.25703125
0 0.63359375 0.83203125 0.0984375 0.071875
0 0.61171875 0.91015625 0.09375 0.084375
0 0.50703125 0.91796875 0.09375 0.053125
0 0.525 0.85546875 0.1109375 0.08203125
0 0.546875 0.796875 0.084375 0.06015625
0 0.415625 0.853125 0.0984375 0.0671875
0 0.44375 0.78984375 0.084375 0.084375
0 0.38828125 0.7515625 0.053125 0.0484375
0 0.2015625 0.771875 0.39921875 0.35546875
0 0.5765625 0.734375 0.29296875 0.2015625
0 0.09140625 0.54453125 0.15390625 0.27890625
0 0.321875 0.4640625 0.34609375 0.509375
0 0.51171875 0.33203125 0.6296875 0.35546875
0 0.703125 0.2546875 0.384375 0.3171875
0 0.271875 0.11640625 0.53828125 0.2328125
0 0.6359375 0.06484375 0.2859375 0.1296875
