0 0.15625 0.08671875 0.178125 0.16328125
0 0.07109375 0.1984375 0.134375 0.26171875
0 0.03359375 0.0484375 0.06015625 0.084375
0 0.1265625 0.428125 0.21640625 0.26171875
0 0.26953125 0.209375 0.1421875 0.240625
0 0.16484375 0.24296875 0.103125 0.1734375
0 0.0296875 0.3859375 0.053125 0.134375
0 0.040625 0.64765625 0.07421875 0.334375
0 0.09375 0.9 0.1390625 0.19453125
0 0.15234375 0.65 0.2984375 0.696875
0 0.3546875 0.12265625 0.071875 0.1109375
0 0.35 0.0640625 0.053125 0.071875
0 0.29921875 0.03984375 0.0671875 0.0671875
0 0.271875 0.05859375 0.053125 0.09609375
0 0.36875 0.03125 0.0578125 0.05078125
0 0.40234375 0.10078125 0.0453125 0.0890625
0 0.42578125 0.05078125 0.0578125 0.0890625
0 0.4515625 0.103125 0.053125 0.084375
0 0.48046875 0.03984375 0.0453125 0.0671875
0 0.5328125 0.0640625 0.0765625 0.10546875
0 0.51171875 0.11171875 0.0671875 0.0890625
0 0.5265625 0.20078125 0.07421875 0.10078125
0 0.525 0.38828125 0.1921875 0.28359375
0 0.36875 0.4359375 0.1421875 0.2234375
0 0.41484375 0.2703125 0.16328125 0.26171875
0 0.33515625 0.63671875 0.1734375 0.27890625
0 0.22734375 0.8015625 0.1421875 0.21640625
0 0.24609375 0.95703125 0.209375 0.08203125
0 0.35703125 0.87734375 0.146875 0.2234375
0 0.42578125 0.94609375 0.1734375 0.103125
0 0.47109375 0.8296875 0.11328125 0.1296875
0 0.50703125 0.68359375 0.19921875 0.3078125
0 0.6046875 0.56953125 0.0890625 0.178125
0 0.6234375 0.7703125 0.11328125 0.21171875
0 0.6578125 0.6625 0.053125 0.071875
0 0.5796875 0.9203125 0.16796875 0.15390625
0 0.7015625 0.84375 0.12734375 0.2359375
0 0.7296875 0.9484375 0.11796875 0.0984375
0 0.7359375 0.7078125 0.22578125 0.5796875
0 0.6578125 0.3546875 0.07421875 0.11796875
0 0.6203125 0.26171875 0.0796875 0.10078125
0 0.5671875 0.2046875 0.04296875 0.11796875
0 0.6203125 0.1671875 0.08671875 0.134375
0 0.5796875 0.0890625 0.0671875 0.10078125
0 0.58671875 0.02265625 0.0671875 0.03359375
0 0.63828125 0.0671875 0.06484375 0.12265625
0 0.709375 0.084375 0.10078125 0.15625
0 0.7140625 0.02734375 0.1109375 0.04296875
0 0.69453125 0.22109375 0.071875 0.11796875
0 0.76953125 0.22109375 0.09140625 0.1390625
0 0.7453125 0.2765625 0.04296875 0.05078125
0 0.69453125 0.29296875 0.0578125 0.05078125
0 0.6671875 0.15390625 0.021875 0.05078125
0 0.8140625 0.07578125 0.115625 0.1390625
0 0.85703125 0.1734375 0.0890625 0.14453125
0 0.9359375 0.15 0.10078125 0.15625
0 0.9203125 0.05859375 0.08203125 0.10546875
0 0.97734375 0.0421875 0.040625 0.06484375
0 0.98203125 0.1578125 0.03125 0.1703125
0 0.8296875 0.2765625 0.0484375 0.09609375
0 0.83203125 0.3546875 0.053125 0.071875
0 0.83671875 0.4328125 0.04296875 0.09609375
0 0.72734375 0.4859375 0.0359375 0.0671875
0 0.6984375 0.428125 0.0484375 0.0625
0 0.71171875 0.37734375 0.02421875 0.0625
0 0.82578125 0.82109375 0.15625 0.35546875
0 0.821875 0.71875 0.27890625 0.5578125
0 0.87265625 0.7765625 0.134375 0.3703125
0 0.79453125 0.6265625 0.10078125 0.290625
0 0.85078125 0.65390625 0.29296875 0.6875
0 0.7859375 0.4359375 0.08203125 0.25703125
0 0.82109375 0.46875 0.125 0.3578125
0 0.89921875 0.64765625 0.0453125 0.0796875
0 0.91484375 0.6921875 0.021875 0.02421875
0 0.93984375 0.6921875 0.0359375 0.05546875
0 0.959375 0.74296875 0.053125 0.05546875
0 0.9703125 0.7875 0.053125 0.0671875
0 0.98203125 0.83046875 0.03125 0.06484375
0 0.97578125 0.7125 0.04296875 0.06484375
0 0.9625 0.6734375 0.0453125 0.05078125
0 0.88359375 0.34375 0.0625 0.0625
0 0.8796875 0.41328125 0.0578125 0.0671875
0 0.89921875 0.46015625 0.03828125 0.071875
0 0.87734375 0.49765625 0.053125 0.05546875
0 0.90234375 0.5640625 0.0453125 0.0671875
0 0.94140625 0.584375 0.0453125 0.05078125
0 0.97734375 0.6265625 0.03828125 0.05546875
0 0.99296875 0.5625 0.009375 0.0671875
0 0.94453125 0.525 0.0671875 0.0765625
0 0.96640625 0.47734375 0.03828125 0.084375
0 0.9328125 0.44921875 0.0359375 0.0625
0 0.9546875 0.4046875 0.0359375 0.071875
0 0.98203125 0.421875 0.03125 0.0890625
0 0.94453125 0.3609375 0.053125 0.03828125
0 0.9359375 0.31015625 0.0578125 0.084375
0 0.9484375 0.27421875 0.0671875 0.0765625
