0 0.4046875 0.7765625 0.1421875 0.20703125
0 0.4421875 0.90390625 0.11328125 0.15859375
0 0.2671875 0.890625 0.14921875 0.20703125
0 0.28359375 0.6609375 0.1609375 0.240625
0 0.85078125 0.28125 0.08671875 0.125
0 0.7875 0.2125 0.0671875 0.0765625
0 0.75234375 0.265625 0.09609375 0.12734375
0 0.634375 0.21015625 0.1203125 0.13671875
0 0.57109375 0.2515625 0.09609375 0.1203125
0 0.4578125 0.2015625 0.11796875 0.16328125
0 0.41953125 0.2703125 0.12734375 0.09140625
0 0.37265625 0.2046875 0.0765625 0.08203125
0 0.28359375 0.21015625 0.103125 0.09140625
0 0.26328125 0.1828125 0.11328125 0.103125
0 0.76953125 0.0984375 0.053125 0.0671875
0 0.7328125 0.0625 0.03828125 0.06015625
0 0.71015625 0.0765625 0.03828125 0.03359375
0 0.71484375 0.11796875 0.053125 0.03828125
0 0.68125 0.08984375 0.03828125 0.071875
0 0.6203125 0.08203125 0.03359375 0.053125
0 0.6 0.08984375 0.04296875 0.06015625
0 0.58203125 0.04921875 0.02890625 0.021875
0 0.56484375 0.08984375 0.02421875 0.03828125
0 0.56484375 0.1265625 0.02421875 0.03359375
0 0.53515625 0.14453125 0.05078125 0.08203125
0 0.5671875 0.16953125 0.0140625 0.04296875
0 0.5328125 0.0875 0.02421875 0.03359375
0 0.5 0.0796875 0.03359375 0.03828125
0 0.49375 0.109375 0.021875 0.021875
0 0.46015625 0.0921875 0.03828125 0.03359375
0 0.3578125 0.14765625 0.053125 0.04296875
0 0.39296875 0.13671875 0.0140625 0.03359375
0 0.365625 0.0875 0.03828125 0.03359375
0 0.4109375 0.084375 0.0359375 0.0484375
0 0.421875 0.10078125 0.0359375 0.02890625
0 0.46484375 0.0625 0.0359375 0.02890625
0 0.37265625 0.06015625 0.03828125 0.021875
0 0.3265625 0.06875 0.0359375 0.02890625
0 0.32578125 0.0984375 0.0453125 0.03359375
0 0.29453125 0.11171875 0.06484375 0.02890625
0 0.2703125 0.0625 0.0625 0.06015625
0 0.25234375 0.10078125 0.06953125 0.05078125
0 0.19609375 0.13359375 0.04296875 0.03828125
0 0.14765625 0.1265625 0.05546875 0.053125
0 0.1984375 0.0984375 0.040625 0.04296875
0 0.21484375 0.07109375 0.02890625 0.03359375
0 0.86796875 0.11796875 0.0484375 0.06015625
0 0.8765625 0.14453125 0.02890625 0.02890625
0 0.8328125 0.13671875 0.021875 0.021875
0 0.9234375 0.11171875 0.06484375 0.071875
0 0.9046875 0.04921875 0.0578125 0.053125
0 0.8578125 0.06875 0.0359375 0.02890625
0 0.85234375 0.03828125 0.0484375 0.053125
0 0.7984375 0.0515625 0.02421875 0.02890625
0 0.765625 0.04921875 0.02421875 0.03359375
0 0.67421875 0.046875 0.03359375 0.0484375
0 0.6421875 0.04921875 0.05546875 0.053125
0 0.5671875 0.02734375 0.04296875 0.053125
0 0.53515625 0.0515625 0.0359375 0.02890625
0 0.5328125 0.021875 0.02421875 0.021875
0 0.5 0.046875 0.02421875 0.03828125
0 0.4625 0.0265625 0.0453125 0.0484375
0 0.4328125 0.0359375 0.02890625 0.0484375
0 0.39765625 0.03828125 0.03359375 0.04296875
0 0.01171875 0.2515625 0.01953125 0.11328125
0 0.03828125 0.234375 0.06953125 0.04296875
0 0.0296875 0.4109375 0.05546875 0.1828125
0 0.078125 0.4203125 0.12734375 0.16328125
0 0.11640625 0.43125 0.125 0.1421875
0 0.19140625 0.3109375 0.1703125 0.1109375
0 0.35546875 0.3109375 0.22578125 0.0984375
0 0.209375 0.478125 0.1921875 0.2234375
0 0.33671875 0.478125 0.14921875 0.13671875
0 0.46875 0.56640625 0.24765625 0.21171875
0 0.50234375 0.6203125 0.16796875 0.08203125
0 0.7328125 0.62265625 0.36796875 0.3390625
0 0.78125 0.415625 0.30546875 0.196875
0 0.390625 0.37734375 0.15625 0.0671875
0 0.5578125 0.3734375 0.2359375 0.18046875
