0 0.03125 0.71875 0.05546875 0.071875
0 0.0578125 0.66328125 0.0578125 0.08203125
0 0.0328125 0.6390625 0.02890625 0.0765625
0 0.1 0.63125 0.0484375 0.06953125
0 0.125 0.678125 0.05546875 0.0765625
0 0.2296875 0.56640625 0.0578125 0.09375
0 0.1890625 0.5796875 0.06484375 0.1109375
0 0.19140625 0.37109375 0.0625 0.0984375
0 0.16953125 0.30859375 0.0625 0.071875
0 0.1359375 0.2953125 0.0484375 0.0984375
0 0.240625 0.23828125 0.05078125 0.071875
0 0.21875 0.2015625 0.06484375 0.0890625
0 0.20703125 0.28359375 0.0359375 0.05546875
0 0.41796875 0.103125 0.05078125 0.053125
0 0.42578125 0.15234375 0.04296875 0.04296875
0 0.4 0.18046875 0.021875 0.04296875
0 0.42890625 0.1890625 0.0359375 0.0484375
0 0.47109375 0.21015625 0.0625 0.071875
0 0.49609375 0.30859375 0.084375 0.103125
0 0.47265625 0.38828125 0.071875 0.0765625
0 0.5453125 0.33671875 0.06484375 0.115625
0 0.4546875 0.51328125 0.05078125 0.0765625
0 0.5 0.52421875 0.0484375 0.08671875
0 0.49375 0.584375 0.04296875 0.0765625
0 0.5921875 0.77265625 0.0578125 0.08203125
0 0.55625 0.83046875 0.05078125 0.0765625
0 0.603125 0.82578125 0.04296875 0.0671875
0 0.59609375 0.9734375 0.04296875 0.0484375
0 0.74765625 0.86640625 0.03359375 0.0484375
0 0.7234375 0.8390625 0.02890625 0.0484375
0 0.73046875 0.678125 0.0359375 0.0671875
0 0.7703125 0.64765625 0.0359375 0.071875
0 0.73671875 0.6203125 0.0484375 0.0484375
0 0.95078125 0.80078125 0.01953125 0.03828125
0 0.975 0.80625 0.021875 0.03828125
0 0.91796875 0.65234375 0.02421875 0.06015625
0 0.9578125 0.62265625 0.0484375 0.0765625
0 0.796875 0.39296875 0.0359375 0.0671875
0 0.75859375 0.42890625 0.0484375 0.06015625
0 0.9046875 0.5 0.0359375 0.071875
0 0.94921875 0.45703125 0.02890625 0.0484375
0 0.921875 0.4484375 0.03828125 0.0765625
0 0.76171875 0.49375 0.0484375 0.06015625
0 0.86875 0.3578125 0.02890625 0.06015625
