0 0.54453125 0.39296875 0.1203125 0.084375
0 0.80625 0.240625 0.09375 0.0625
0 0.9375 0.18359375 0.10546875 0.10078125
0 0.49765625 0.47578125 0.08203125 0.10546875
0 0.57578125 0.4890625 0.0671875 0.115625
0 0.45546875 0.1828125 0.084375 0.08203125
0 0.1625 0.3296875 0.1109375 0.0890625
0 0.1046875 0.39765625 0.10078125 0.0765625
0 0.2875 0.5421875 0.084375 0.08203125
0 0.40859375 0.59765625 0.09609375 0.1109375
0 0.2984375 0.66484375 0.10546875 0.1203125
0 0.3421875 0.7015625 0.08203125 0.09609375
0 0.5109375 0.8453125 0.09609375 0.10546875
0 0.56640625 0.73046875 0.10078125 0.1296875
0 0.6046875 0.8296875 0.10546875 0.09375
0 0.69375 0.775 0.1421875 0.1203125
0 0.76328125 0.94375 0.12265625 0.1078125
0 0.89296875 0.8421875 0.09609375 0.084375
0 0.9671875 0.9828125 0.06015625 0.02890625
0 0.41953125 0.98046875 0.084375 0.03359375
0 0.0625 0.89765625 0.0625 0.071875
0 0.0359375 0.7515625 0.0625 0.071875
0 0.078125 0.9796875 0.0578125 0.03828125
0 0.0140625 0.98203125 0.028125 0.0296875
0 0.0578125 0.0375 0.0625 0.0671875
0 0.03125 0.25390625 0.04296875 0.0625
0 0.1109375 0.15390625 0.071875 0.19921875
0 0.1515625 0.678125 0.178125 0.1390625
0 0.23046875 0.771875 0.053125 0.22578125
0 0.34609375 0.8640625 0.196875 0.2453125
0 0.546875 0.11796875 0.08203125 0.084375
0 0.4734375 0.07578125 0.0484375 0.071875
0 0.5421875 0.2015625 0.0890625 0.084375
0 0.4953125 0.259375 0.0765625 0.084375
0 0.5625 0.3109375 0.0765625 0.0625
0 0.53359375 0.646875 0.10546875 0.084375
0 0.65390625 0.9390625 0.14453125 0.11796875
0 0.775 0.59375 0.1109375 0.1296875
