0 0.56875 0.81015625 0.2546875 0.0796875
0 0.5796875 0.84765625 0.053125 0.03359375
0 0.63125 0.82578125 0.0671875 0.0140625
0 0.43359375 0.8484375 0.03828125 0.0359375
0 0.42421875 0.7984375 0.0453125 0.02890625
0 0.49375 0.7984375 0.09140625 0.0359375
0 0.5 0.7640625 0.0796875 0.02890625
0 0.5796875 0.74609375 0.053125 0.02890625
0 0.5953125 0.7796875 0.071875 0.0359375
0 0.3390625 0.959375 0.2953125 0.0765625
0 0.196875 0.859375 0.25 0.09375
0 0.13828125 0.7171875 0.2640625 0.15390625
0 0.3578125 0.6578125 0.3484375 0.15390625
0 0.27265625 0.5453125 0.21640625 0.10078125
0 0.08203125 0.4953125 0.1515625 0.084375
0 0.25 0.4046875 0.2359375 0.09609375
0 0.0625 0.38828125 0.1109375 0.09375
0 0.45703125 0.4984375 0.9015625 0.134375
0 0.4203125 0.44375 0.14453125 0.0359375
0 0.61171875 0.4984375 0.15859375 0.0484375
0 0.67421875 0.63671875 0.0453125 0.02421875
0 0.5890625 0.41328125 0.0453125 0.01953125
0 0.5625 0.3640625 0.1109375 0.02890625
0 0.55625 0.384375 0.125 0.02890625
0 0.54296875 0.3421875 0.0453125 0.0140625
0 0.38828125 0.38359375 0.053125 0.02421875
0 0.41796875 0.4 0.01953125 0.009375
0 0.36171875 0.2453125 0.5140625 0.21640625
0 0.071875 0.3015625 0.1296875 0.084375
0 0.115625 0.21640625 0.2046875 0.10078125
0 0.25390625 0.14921875 0.1921875 0.08203125
0 0.14453125 0.08203125 0.1703125 0.1203125
0 0.29296875 0.0828125 0.178125 0.0578125
0 0.47734375 0.13125 0.2546875 0.0625
0 0.44140625 0.0828125 0.14453125 0.0765625
0 0.30625 0.02734375 0.1515625 0.053125
0 0.14765625 0.0109375 0.178125 0.021875
0 0.03984375 0.07109375 0.0671875 0.10546875
2 0.3578125 0.94140625 0.4421875 0.11328125
2 0.08203125 0.93359375 0.1515625 0.12734375
2 0.0921875 0.5828125 0.1703125 0.09609375
