0 0.82578125 0.2046875 0.134375 0.259375
0 0.92578125 0.1578125 0.0796875 0.1390625
0 0.9046875 0.2453125 0.04296875 0.0625
0 0.734375 0.2140625 0.06953125 0.1390625
0 0.70078125 0.18515625 0.09140625 0.1828125
0 0.61640625 0.1515625 0.09609375 0.178125
0 0.59375 0.2609375 0.1296875 0.2453125
0 0.66796875 0.3734375 0.0625 0.2328125
0 0.615625 0.43984375 0.0796875 0.1515625
0 0.69609375 0.54453125 0.0765625 0.1828125
0 0.7703125 0.58203125 0.071875 0.1203125
0 0.51953125 0.16015625 0.06953125 0.15859375
0 0.42421875 0.1921875 0.290625 0.2453125
0 0.4046875 0.2140625 0.2359375 0.34140625
0 0.525 0.459375 0.1078125 0.2640625
0 0.39453125 0.62265625 0.25703125 0.5765625
0 0.49375 0.75859375 0.1203125 0.34609375
0 0.38359375 0.490625 0.09609375 0.16328125
0 0.3578125 0.2859375 0.18515625 0.28359375
0 0.29921875 0.48046875 0.08671875 0.13203125
0 0.2234375 0.509375 0.08671875 0.1390625
0 0.3140625 0.5625 0.1203125 0.13203125
0 0.2640625 0.6671875 0.115625 0.178125
0 0.146875 0.3640625 0.2765625 0.31484375
0 0.1765625 0.25859375 0.08203125 0.1390625
0 0.20703125 0.14765625 0.0984375 0.19453125
0 0.29453125 0.1765625 0.0765625 0.16328125
0 0.24140625 0.2546875 0.0484375 0.1078125
0 0.13359375 0.1578125 0.0765625 0.125
0 0.1234375 0.2515625 0.03828125 0.0625
0 0.078125 0.18515625 0.0796875 0.13203125
0 0.7203125 0.428125 0.0484375 0.10078125
0 0.7484375 0.484375 0.06015625 0.0765625
0 0.8015625 0.51953125 0.040625 0.10546875
0 0.78984375 0.41796875 0.040625 0.1078125
0 0.75859375 0.36796875 0.02890625 0.10546875
0 0.71484375 0.33671875 0.05078125 0.09375
0 0.7484375 0.32109375 0.0484375 0.10078125
0 0.78984375 0.3328125 0.021875 0.0625
0 0.81640625 0.36796875 0.04296875 0.09375
0 0.83203125 0.453125 0.05078125 0.10078125
0 0.85 0.490625 0.02890625 0.05078125
0 0.86640625 0.43359375 0.01953125 0.05078125
0 0.890625 0.39921875 0.03359375 0.04296875
0 0.896875 0.33671875 0.040625 0.06953125
0 0.921875 0.33046875 0.040625 0.09375
0 0.91015625 0.2671875 0.040625 0.0578125
0 0.8734375 0.29921875 0.03828125 0.06953125
0 0.8546875 0.3578125 0.03828125 0.08671875
0 0.6140625 0.58203125 0.0890625 0.26953125
0 0.59609375 0.546875 0.053125 0.1390625
0 0.6765625 0.60703125 0.0578125 0.20703125
