0 0.4890625 0.6890625 0.25234375 0.3265625
0 0.5890625 0.58984375 0.1828125 0.28359375
0 0.525 0.43359375 0.15625 0.2359375
0 0.39765625 0.2921875 0.1421875 0.15859375
0 0.41953125 0.19375 0.28125 0.321875
0 0.3296875 0.6859375 0.23046875 0.2359375
0 0.3578125 0.51328125 0.053125 0.1109375
0 0.4046875 0.478125 0.0484375 0.08203125
0 0.5109375 0.19921875 0.20703125 0.25703125
0 0.5328125 0.1671875 0.15625 0.21171875
0 0.5578125 0.1265625 0.14921875 0.240625
0 0.58046875 0.103125 0.12734375 0.196875
0 0.56875 0.02421875 0.03828125 0.03828125
0 0.6421875 0.0984375 0.0484375 0.0765625
0 0.64453125 0.0296875 0.05078125 0.0484375
0 0.68515625 0.06015625 0.0484375 0.0765625
0 0.6984375 0.1203125 0.0578125 0.0765625
0 0.6546875 0.15859375 0.04296875 0.0671875
0 0.765625 0.0921875 0.0625 0.0765625
0 0.740625 0.03828125 0.053125 0.0671875
0 0.80390625 0.046875 0.06484375 0.08203125
0 0.87265625 0.12265625 0.08203125 0.18046875
0 0.875 0.01328125 0.0765625 0.0171875
0 0.94609375 0.0921875 0.103125 0.17578125
0 0.40390625 0.83671875 0.0578125 0.0671875
0 0.46875 0.8609375 0.04296875 0.08203125
0 0.4390625 0.90390625 0.0484375 0.08203125
0 0.3890625 0.96875 0.053125 0.0578125
0 0.44609375 0.97265625 0.03828125 0.053125
0 0.47578125 0.94609375 0.02890625 0.0765625
0 0.75859375 0.7296875 0.28828125 0.37734375
0 0.75859375 0.34140625 0.28828125 0.4203125
0 0.94375 0.271875 0.1078125 0.25
0 0.94921875 0.5890625 0.09609375 0.3703125
0 0.88125 0.88359375 0.2328125 0.228125
0 0.62890625 0.9046875 0.2859375 0.18515625
