0 0.908203125 0.64111328125 0.18359375 0.1806640625
0 0.798828125 0.54638671875 0.2734375 0.2333984375
0 0.5185546875 0.49072265625 0.291015625 0.2392578125
0 0.6826171875 0.31982421875 0.310546875 0.2294921875
0 0.4990234375 0.12939453125 0.353515625 0.2470703125
0 0.884765625 0.17626953125 0.23046875 0.2001953125
0 0.501953125 0.5 0.99609375 1
0 0.91748046875 0.03271484375 0.1103515625 0.0576171875
0 0.7333984375 0.0595703125 0.197265625 0.109375
0 0.7509765625 0.18994140625 0.216796875 0.1767578125
0 0.978515625 0.51025390625 0.04296875 0.0908203125
