0 0.80390625 0.06484375 0.22109375 0.1296875
0 0.796875 0.15859375 0.2140625 0.2859375
0 0.640625 0.209375 0.1078125 0.1828125
0 0.859375 0.35234375 0.228125 0.15625
0 0.85703125 0.51953125 0.28125 0.15859375
0 0.75234375 0.421875 0.09609375 0.08203125
0 0.76171875 0.6109375 0.2546875 0.178125
0 0.80625 0.69609375 0.08671875 0.178125
0 0.7921875 0.771875 0.21171875 0.2640625
0 0.7515625 0.8171875 0.13671875 0.259375
0 0.7171875 0.84140625 0.2015625 0.3078125
0 0.41484375 0.08671875 0.58671875 0.1734375
0 0.37265625 0.265625 0.73828125 0.3390625
0 0.43125 0.41328125 0.66328125 0.259375
0 0.365625 0.6265625 0.7234375 0.45703125
0 0.396875 0.7984375 0.66796875 0.39453125
