0 0.4234375 0.509375 0.33203125 0.2234375
0 0.51171875 0.328125 0.35546875 0.16796875
0 0.4515625 0.21484375 0.10546875 0.0625
0 0.56015625 0.1828125 0.1296875 0.0625
0 0.4859375 0.15234375 0.125 0.0578125
0 0.56484375 0.13828125 0.06015625 0.02890625
0 0.50625 0.10546875 0.1203125 0.04296875
0 0.64921875 0.24296875 0.321875 0.13671875
0 0.84609375 0.3484375 0.303125 0.2453125
0 0.63125 0.4703125 0.2984375 0.2046875
0 0.55390625 0.61171875 0.08203125 0.053125
0 0.69375 0.58671875 0.1734375 0.09140625
0 0.86640625 0.55390625 0.2546875 0.21171875
0 0.81484375 0.646875 0.14453125 0.0765625
0 0.68515625 0.67578125 0.1296875 0.08203125
0 0.5765625 0.6765625 0.08203125 0.0625
0 0.51796875 0.6890625 0.0484375 0.03359375
0 0.4703125 0.65390625 0.10546875 0.05078125
0 0.4375 0.6921875 0.06484375 0.03828125
0 0.38359375 0.64453125 0.06484375 0.03828125
0 0.49375 0.71875 0.14453125 0.0484375
0 0.7640625 0.79453125 0.38671875 0.15859375
0 0.62734375 0.740625 0.10078125 0.0578125
0 0.5984375 0.78515625 0.0765625 0.0625
0 0.5484375 0.8171875 0.071875 0.05078125
0 0.50859375 0.80078125 0.0890625 0.0578125
0 0.50625 0.7640625 0.08203125 0.03828125
0 0.4109375 0.81640625 0.1203125 0.03828125
0 0.4078125 0.84609375 0.10078125 0.0265625
0 0.49375 0.859375 0.06015625 0.06015625
0 0.9078125 0.72578125 0.06484375 0.03828125
0 0.94609375 0.7046875 0.0484375 0.03125
0 0.85078125 0.696875 0.08203125 0.04296875
0 0.83671875 0.74375 0.0765625 0.03828125
0 0.91328125 0.76171875 0.06484375 0.03828125
0 0.80546875 0.859375 0.384375 0.15625
0 0.9421875 0.63359375 0.1109375 0.12265625
0 0.93125 0.646875 0.10078125 0.02890625
