0 0.205078125 0.23779296875 0.23046875 0.2998046875
0 0.623046875 0.13134765625 0.26171875 0.2548828125
0 0.443359375 0.38720703125 0.26171875 0.5009765625
0 0.75390625 0.39111328125 0.27734375 0.3955078125
0 0.8974609375 0.58056640625 0.134765625 0.2861328125
0 0.77734375 0.7958984375 0.203125 0.408203125
0 0.6015625 0.76318359375 0.26171875 0.4482421875
0 0.4169921875 0.81787109375 0.201171875 0.3642578125
0 0.31640625 0.73681640625 0.1796875 0.3173828125
0 0.2001953125 0.49560546875 0.212890625 0.3623046875
0 0.1318359375 0.65283203125 0.205078125 0.3564453125
