0 0.71875 0.77890625 0.053125 0.06015625
0 0.671875 0.7765625 0.0484375 0.053125
0 0.671875 0.73828125 0.053125 0.053125
0 0.678125 0.7125 0.05078125 0.0484375
0 0.71171875 0.7234375 0.03359375 0.0484375
0 0.75625 0.6890625 0.0625 0.0671875
0 0.75234375 0.7484375 0.0484375 0.04296875
0 0.80390625 0.7515625 0.06484375 0.0484375
0 0.81015625 0.7125 0.053125 0.0484375
0 0.91484375 0.73828125 0.053125 0.053125
0 0.92421875 0.8390625 0.05078125 0.0484375
0 0.82421875 0.8609375 0.03828125 0.02890625
0 0.78828125 0.83671875 0.03828125 0.0765625
0 0.75390625 0.86875 0.05078125 0.0984375
0 0.68984375 0.87109375 0.03828125 0.08203125
0 0.6453125 0.803125 0.04296875 0.053125
0 0.62734375 0.765625 0.0359375 0.04296875
0 0.82109375 0.8109375 0.03828125 0.071875
0 0.86796875 0.8328125 0.0484375 0.08203125
0 0.9171875 0.7921875 0.0578125 0.053125
0 0.8640625 0.75390625 0.0625 0.053125
0 0.96171875 0.81953125 0.03828125 0.0671875
0 0.9640625 0.765625 0.06484375 0.04296875
0 0.47578125 0.85234375 0.02421875 0.03359375
0 0.446875 0.85 0.02421875 0.02890625
0 0.41015625 0.85 0.0359375 0.03828125
0 0.38203125 0.93125 0.03828125 0.125
0 0.446875 0.9375 0.0484375 0.115625
0 0.23671875 0.91015625 0.084375 0.16796875
0 0.16328125 0.8734375 0.02890625 0.16328125
0 0.0609375 0.8859375 0.115625 0.21875
0 0.06875 0.78984375 0.0359375 0.071875
0 0.1578125 0.7046875 0.040625 0.053125
0 0.12265625 0.68046875 0.04296875 0.06015625
0 0.17578125 0.65859375 0.0265625 0.0484375
0 0.20078125 0.6859375 0.03359375 0.06015625
0 0.2671875 0.67421875 0.03359375 0.06015625
0 0.23671875 0.67421875 0.02421875 0.06015625
0 0.32578125 0.68046875 0.04296875 0.0484375
0 0.36796875 0.71015625 0.02421875 0.0671875
0 0.4 0.72109375 0.03359375 0.0671875
0 0.30078125 0.60703125 0.09375 0.0765625
0 0.25625 0.696875 0.5046875 0.2234375
0 0.2703125 0.77890625 0.53359375 0.0484375
0 0.0578125 0.8796875 0.1078125 0.23046875
