0 0.8583984375 0.81103515625 0.283203125 0.2509765625
0 0.9130859375 0.95654296875 0.173828125 0.0849609375
0 0.97998046875 0.63525390625 0.0400390625 0.1416015625
0 0.923828125 0.64501953125 0.10546875 0.0869140625
0 0.8623046875 0.380859375 0.275390625 0.361328125
0 0.978515625 0.10302734375 0.04296875 0.1865234375
0 0.890625 0.06787109375 0.171875 0.1279296875
0 0.7314453125 0.14990234375 0.294921875 0.2138671875
0 0.6435546875 0.02685546875 0.158203125 0.0537109375
0 0.4638671875 0.07421875 0.224609375 0.140625
0 0.228515625 0.06396484375 0.265625 0.1201171875
0 0.025390625 0.32080078125 0.05078125 0.1650390625
0 0.3154296875 0.19580078125 0.259765625 0.2353515625
0 0.5048828125 0.24169921875 0.138671875 0.1591796875
0 0.669921875 0.37255859375 0.1796875 0.2685546875
0 0.162109375 0.32177734375 0.25 0.2021484375
0 0.4775390625 0.37646484375 0.208984375 0.1357421875
0 0.33642578125 0.36669921875 0.0986328125 0.1044921875
0 0.05078125 0.48291015625 0.1015625 0.1884765625
0 0.173828125 0.49072265625 0.19921875 0.1494140625
0 0.3525390625 0.45654296875 0.087890625 0.0888671875
0 0.5234375 0.48388671875 0.23828125 0.1904296875
0 0.7353515625 0.576171875 0.185546875 0.12109375
0 0.72265625 0.71435546875 0.1953125 0.1748046875
0 0.51171875 0.6826171875 0.25 0.193359375
0 0.310546875 0.59130859375 0.25 0.1865234375
0 0.125 0.57861328125 0.09765625 0.0595703125
0 0.052734375 0.66552734375 0.10546875 0.1630859375
0 0.1650390625 0.69970703125 0.158203125 0.1298828125
0 0.296875 0.71533203125 0.10546875 0.0830078125
0 0.45703125 0.82470703125 0.19921875 0.1845703125
0 0.724609375 0.89501953125 0.21484375 0.1923828125
0 0.591796875 0.9326171875 0.2265625 0.134765625
0 0.357421875 0.9521484375 0.1640625 0.095703125
0 0.228515625 0.83056640625 0.2109375 0.1884765625
0 0.0673828125 0.80419921875 0.134765625 0.1396484375
0 0.048828125 0.92529296875 0.09765625 0.1474609375
0 0.16796875 0.947265625 0.234375 0.10546875
0 0.128455528906 0.138972355469 0.256911057813 0.217848557812
