0 0.38203125 0.709375 0.4375 0.5671875
0 0.5921875 0.928125 0.0625 0.1296875
0 0.6203125 0.96640625 0.084375 0.05546875
0 0.671875 0.9109375 0.08671875 0.1109375
0 0.7296875 0.9421875 0.134375 0.10078125
0 0.18125 0.78125 0.19453125 0.4234375
0 0.04921875 0.928125 0.0984375 0.1296875
0 0.79296875 0.6296875 0.40859375 0.60078125
0 0.72734375 0.4078125 0.46640625 0.66328125
0 0.578125 0.0890625 0.4015625 0.178125
0 0.13125 0.36328125 0.26171875 0.3703125
0 0.28359375 0.459375 0.14453125 0.2453125
3 0.42578125 0.2609375 0.35078125 0.46640625
