0 0.678125 0.046875 0.2015625 0.08671875
0 0.4796875 0.08671875 0.11328125 0.165625
0 0.35546875 0.08671875 0.134375 0.165625
0 0.4796875 0.23828125 0.103125 0.14921875
0 0.384375 0.2328125 0.08671875 0.14921875
0 0.13671875 0.1078125 0.25234375 0.2015625
0 0.1734375 0.25703125 0.25234375 0.14453125
0 0.040625 0.30625 0.071875 0.165625
0 0.50703125 0.353125 0.0671875 0.12734375
0 0.459375 0.36328125 0.0625 0.125
0 0.41484375 0.36640625 0.0578125 0.115625
0 0.37890625 0.3703125 0.0578125 0.115625
0 0.3015625 0.34765625 0.08671875 0.1921875
0 0.2453125 0.35703125 0.0765625 0.15859375
0 0.20078125 0.36875 0.0625 0.14921875
0 0.146875 0.3765625 0.09609375 0.14453125
0 0.07421875 0.43984375 0.1078125 0.1390625
0 0.10546875 0.525 0.0578125 0.0484375
0 0.1671875 0.51328125 0.0484375 0.0625
0 0.13125 0.48671875 0.0578125 0.0484375
0 0.12890625 0.5578125 0.053125 0.04296875
0 0.19140625 0.5484375 0.0625 0.0484375
0 0.15234375 0.58515625 0.0671875 0.04296875
0 0.1078125 0.60546875 0.053125 0.03828125
0 0.08515625 0.5734375 0.0578125 0.04296875
0 0.07421875 0.55078125 0.0578125 0.04296875
0 0.26328125 0.478125 0.0625 0.0765625
0 0.23203125 0.4828125 0.0625 0.08671875
0 0.20078125 0.4828125 0.071875 0.08671875
0 0.51328125 0.45546875 0.0359375 0.0625
0 0.4890625 0.4625 0.01953125 0.06953125
0 0.46640625 0.4625 0.0484375 0.09140625
0 0.4390625 0.46484375 0.03125 0.08203125
0 0.41484375 0.4578125 0.02421875 0.071875
0 0.39453125 0.4671875 0.02421875 0.0765625
0 0.6578125 0.3015625 0.18046875 0.0484375
0 0.6546875 0.2484375 0.15390625 0.05078125
0 0.65234375 0.1890625 0.14921875 0.0765625
0 0.64453125 0.1625 0.14453125 0.08671875
0 0.69140625 0.1109375 0.22578125 0.08203125
0 0.66015625 0.41015625 0.09140625 0.21640625
0 0.60078125 0.4203125 0.0484375 0.2015625
0 0.6265625 0.5609375 0.08671875 0.0890625
0 0.634375 0.64453125 0.125 0.125
0 0.47109375 0.5671875 0.14921875 0.1296875
0 0.30390625 0.60078125 0.18515625 0.24296875
0 0.209375 0.70703125 0.1203125 0.115625
0 0.1703125 0.625 0.11328125 0.09140625
0 0.4796875 0.6625 0.11328125 0.071875
0 0.484375 0.7171875 0.103125 0.053125
0 0.61875 0.74765625 0.08203125 0.10546875
0 0.60546875 0.84609375 0.0578125 0.0625
0 0.60546875 0.8953125 0.0578125 0.0484375
0 0.6078125 0.93984375 0.053125 0.05078125
0 0.603125 0.81640625 0.0625 0.03359375
0 0.51796875 0.95546875 0.0484375 0.04296875
0 0.525 0.89921875 0.071875 0.06953125
0 0.50703125 0.85546875 0.0578125 0.0265625
0 0.50703125 0.82109375 0.0765625 0.04296875
0 0.5 0.7828125 0.09140625 0.04296875
0 0.484375 0.7296875 0.09140625 0.10078125
0 0.3578125 0.7609375 0.1203125 0.06953125
0 0.353125 0.7171875 0.1078125 0.053125
0 0.459375 0.9625 0.053125 0.04296875
0 0.4328125 0.9109375 0.08203125 0.0765625
0 0.40234375 0.85546875 0.09140625 0.08203125
0 0.38125 0.80625 0.071875 0.053125
0 0.2609375 0.75859375 0.0484375 0.0578125
0 0.2296875 0.7859375 0.0359375 0.04296875
0 0.1828125 0.79921875 0.02421875 0.02421875
0 0.1984375 0.81640625 0.0359375 0.0265625
0 0.2390625 0.80546875 0.0578125 0.04296875
0 0.28359375 0.79921875 0.040625 0.0484375
0 0.25234375 0.83046875 0.053125 0.03125
0 0.22109375 0.85 0.03125 0.02421875
0 0.30859375 0.865625 0.071875 0.1078125
0 0.36328125 0.9546875 0.10078125 0.08671875
