0 0.1859375 0.1734375 0.3609375 0.33671875
0 0.41015625 0.078125 0.0671875 0.0625
0 0.3859375 0.125 0.06015625 0.0625
0 0.37734375 0.08046875 0.04296875 0.02890625
0 0.415625 0.1890625 0.15390625 0.0578125
0 0.33671875 0.2234375 0.06015625 0.0765625
0 0.390625 0.25859375 0.071875 0.0359375
0 0.39296875 0.72578125 0.0671875 0.0625
0 0.72109375 0.053125 0.21875 0.0984375
0 0.4421875 0.23046875 0.0984375 0.0671875
0 0.4828125 0.19453125 0.0484375 0.03828125
0 0.49375 0.12890625 0.03828125 0.09140625
0 0.44609375 0.12890625 0.071875 0.0984375
0 0.50859375 0.23671875 0.0671875 0.0359375
0 0.51953125 0.1984375 0.03359375 0.03828125
0 0.49765625 0.27734375 0.053125 0.0484375
0 0.546875 0.26328125 0.0671875 0.03359375
0 0.5578125 0.240625 0.03359375 0.0140625
0 0.6140625 0.2703125 0.09140625 0.03828125
0 0.5515625 0.30859375 0.053125 0.05078125
0 0.603125 0.30390625 0.08203125 0.02421875
0 0.6390625 0.33984375 0.021875 0.02421875
0 0.6203125 0.31953125 0.0171875 0.0140625
0 0.60078125 0.34765625 0.04296875 0.0484375
0 0.56640625 0.35546875 0.02890625 0.05078125
0 0.4375 0.0640625 0.240625 0.1203125
0 0.7125 0.134375 0.1921875 0.08203125
0 0.8140625 0.259375 0.3703125 0.2453125
0 0.5765625 0.18125 0.125 0.125
0 0.78125 0.4 0.1875 0.10078125
0 0.7515625 0.45703125 0.13671875 0.084375
0 0.6265625 0.4421875 0.125 0.1203125
0 0.42890625 0.3609375 0.25703125 0.1828125
0 0.4015625 0.58046875 0.25703125 0.25
0 0.21875 0.43984375 0.428125 0.31953125
0 0.4171875 0.91484375 0.17578125 0.165625
0 0.77265625 0.91015625 0.43515625 0.17578125
0 0.8015625 0.69609375 0.3921875 0.25703125
0 0.7234375 0.5328125 0.16796875 0.053125
0 0.5171875 0.8609375 0.09140625 0.0625
0 0.53828125 0.81953125 0.08203125 0.053125
0 0.540625 0.72578125 0.0671875 0.053125
0 0.56015625 0.77265625 0.071875 0.0484375
0 0.5734375 0.71484375 0.0671875 0.053125
0 0.5734375 0.6734375 0.053125 0.02890625
0 0.58984375 0.6234375 0.04296875 0.0484375
0 0.5984375 0.59140625 0.0484375 0.02421875
0 0.584375 0.56484375 0.04296875 0.02421875
0 0.546875 0.62109375 0.04296875 0.05078125
0 0.46171875 0.7296875 0.06015625 0.0671875
0 0.40390625 0.7515625 0.0671875 0.053125
0 0.42890625 0.80859375 0.071875 0.0671875
0 0.47265625 0.7765625 0.06015625 0.0484375
0 0.1828125 0.790625 0.3609375 0.41328125
