0 0.86328125 0.7296875 0.26171875 0.084375
0 0.803125 0.76328125 0.25 0.115625
0 0.61796875 0.71484375 0.04296875 0.03359375
0 0.65 0.6875 0.053125 0.02890625
0 0.65625 0.6625 0.04296875 0.0359375
0 0.59609375 0.678125 0.053125 0.0484375
0 0.6140625 0.6390625 0.06015625 0.0359375
0 0.65859375 0.62109375 0.03828125 0.0359375
0 0.55390625 0.64453125 0.071875 0.0359375
0 0.5359375 0.665625 0.053125 0.02890625
0 0.56640625 0.61640625 0.0484375 0.02421875
0 0.61796875 0.60234375 0.0671875 0.03359375
0 0.57109375 0.5890625 0.0484375 0.0359375
0 0.4890625 0.63125 0.06015625 0.03359375
0 0.51328125 0.59609375 0.0671875 0.04296875
0 0.45078125 0.60234375 0.071875 0.03828125
0 0.4671875 0.54921875 0.06015625 0.0578125
0 0.521875 0.553125 0.0484375 0.04296875
0 0.4265625 0.5640625 0.053125 0.04296875
0 0.5875 0.57109375 0.103125 0.06484375
0 0.60703125 0.55625 0.0984375 0.06484375
0 0.63125 0.55625 0.08203125 0.08203125
0 0.76796875 0.5671875 0.27890625 0.09609375
0 0.7921875 0.51796875 0.0671875 0.09140625
0 0.9015625 0.5453125 0.16328125 0.08671875
0 0.8734375 0.5 0.053125 0.02421875
0 0.97265625 0.47109375 0.04296875 0.03828125
0 0.97578125 0.4390625 0.03828125 0.0484375
0 0.9828125 0.39765625 0.021875 0.02421875
0 0.9265625 0.44375 0.0484375 0.0140625
0 0.92890625 0.4234375 0.053125 0.01953125
0 0.95703125 0.40859375 0.0671875 0.02421875
0 0.65625 0.43515625 0.25 0.11328125
0 0.85546875 0.44921875 0.18046875 0.03359375
0 0.87109375 0.4125 0.08203125 0.02421875
0 0.78125 0.4234375 0.0671875 0.01953125
0 0.78359375 0.39765625 0.06015625 0.0265625
0 0.93125 0.3640625 0.125 0.06484375
0 0.828125 0.3484375 0.125 0.0578125
0 0.74609375 0.33046875 0.13671875 0.04296875
0 0.69375 0.27421875 0.1875 0.0984375
0 0.80859375 0.2453125 0.0984375 0.0484375
0 0.80625 0.28359375 0.06015625 0.0359375
0 0.8609375 0.29453125 0.071875 0.0359375
0 0.93359375 0.2796875 0.0671875 0.04296875
0 0.93125 0.30859375 0.071875 0.02890625
0 0.98046875 0.30078125 0.02890625 0.0625
0 0.97265625 0.25859375 0.04296875 0.05078125
0 0.92890625 0.24140625 0.0765625 0.03359375
0 0.88828125 0.265625 0.09140625 0.02890625
0 0.86328125 0.22265625 0.08671875 0.04296875
0 0.9421875 0.19453125 0.103125 0.084375
0 0.6828125 0.17421875 0.39453125 0.11796875
0 0.9484375 0.06875 0.09140625 0.1296875
0 0.7875 0.0671875 0.21875 0.12734375
0 0.5796875 0.07421875 0.23046875 0.1421875
0 0.396875 0.21015625 0.24765625 0.1390625
0 0.14296875 0.21015625 0.28125 0.1609375
0 0.23671875 0.0734375 0.46875 0.146875
0 0.1828125 0.6703125 0.2234375 0.03359375
0 0.22109375 0.6390625 0.28828125 0.04296875
0 0.2125 0.62734375 0.2953125 0.0484375
0 0.2234375 0.60234375 0.3078125 0.053125
0 0.38203125 0.6140625 0.0671875 0.021875
0 0.23203125 0.296875 0.115625 0.040625
0 0.25703125 0.265625 0.0984375 0.04296875
0 0.2125 0.31953125 0.08671875 0.0359375
0 0.11796875 0.33046875 0.09140625 0.04296875
0 0.12890625 0.3015625 0.08203125 0.04296875
0 0.03515625 0.3140625 0.06484375 0.0453125
0 0.03828125 0.27734375 0.0671875 0.053125
0 0.0421875 0.35234375 0.0796875 0.06015625
0 0.13671875 0.375 0.1109375 0.071875
0 0.0578125 0.40859375 0.08203125 0.053125
0 0.084375 0.453125 0.15859375 0.09140625
0 0.3734375 0.46171875 0.15859375 0.05078125
0 0.415625 0.4578125 0.15390625 0.05078125
0 0.4125 0.3453125 0.15859375 0.05078125
0 0.459375 0.321875 0.15390625 0.03359375
0 0.4421875 0.3890625 0.1203125 0.05078125
0 0.38203125 0.49609375 0.240625 0.0765625
0 0.25390625 0.4046875 0.12734375 0.09140625
0 0.2296875 0.41796875 0.0984375 0.07421875
0 0.2125 0.43984375 0.0984375 0.06484375
0 0.21640625 0.45078125 0.13671875 0.05078125
0 0.3109375 0.3859375 0.16328125 0.1109375
0 0.25703125 0.48671875 0.0765625 0.0359375
0 0.3171875 0.5203125 0.0671875 0.04296875
0 0.2515625 0.53515625 0.0765625 0.04296875
0 0.196875 0.54921875 0.053125 0.04296875
0 0.19921875 0.50390625 0.06015625 0.0484375
0 0.10078125 0.53125 0.16796875 0.08671875
0 0.2703125 0.58046875 0.071875 0.03359375
0 0.2015625 0.5765625 0.04296875 0.0265625
0 0.16328125 0.5921875 0.06484375 0.021875
0 0.10703125 0.5890625 0.071875 0.02890625
0 0.34140625 0.55390625 0.0484375 0.03359375
