0 0.890625 0.3265625 0.21171875 0.3921875
0 0.93125 0.06875 0.1296875 0.125
0 0.91953125 0.60078125 0.06953125 0.10546875
0 0.97265625 0.57578125 0.0484375 0.10546875
0 0.9515625 0.72265625 0.09140625 0.13671875
0 0.94921875 0.65390625 0.09375 0.09140625
0 0.89296875 0.66328125 0.0359375 0.071875
0 0.85703125 0.6109375 0.05546875 0.16328125
0 0.884375 0.728125 0.0484375 0.071875
0 0.8265625 0.72578125 0.0625 0.10546875
0 0.7875 0.6578125 0.0625 0.125
0 0.81484375 0.57578125 0.0671875 0.10546875
0 0.76328125 0.57578125 0.02890625 0.06484375
0 0.69609375 0.6578125 0.02890625 0.125
0 0.73671875 0.7125 0.06953125 0.0765625
0 0.7296875 0.6140625 0.04296875 0.14453125
0 0.76328125 0.2453125 0.2984375 0.478125
0 0.4703125 0.43515625 0.02890625 0.0578125
0 0.4234375 0.3953125 0.0359375 0.0453125
0 0.515625 0.1046875 0.06953125 0.15859375
0 0.4 0.14453125 0.0578125 0.14453125
0 0.55625 0.28515625 0.09140625 0.16328125
0 0.60703125 0.36640625 0.06953125 0.14453125
0 0.5640625 0.49375 0.0453125 0.0578125
0 0.63359375 0.6921875 0.03359375 0.10546875
0 0.6109375 0.66953125 0.0359375 0.08671875
0 0.66484375 0.65 0.02890625 0.071875
0 0.65 0.60078125 0.0359375 0.09140625
0 0.61875 0.5953125 0.03828125 0.09140625
0 0.58046875 0.59140625 0.0359375 0.08671875
0 0.57109375 0.6671875 0.0484375 0.10546875
0 0.54453125 0.5984375 0.02890625 0.071875
0 0.65390625 0.928125 0.02890625 0.09140625
0 0.67890625 0.928125 0.021875 0.06484375
0 0.63203125 0.9375 0.02421875 0.071875
0 0.709375 0.9890625 0.10546875 0.0171875
0 0.615625 0.859375 0.03828125 0.08671875
0 0.6546875 0.85 0.0453125 0.0765625
0 0.69375 0.86640625 0.0359375 0.0578125
0 0.734375 0.9375 0.0453125 0.0984375
0 0.4 0.8953125 0.02890625 0.11796875
0 0.4328125 0.93125 0.03828125 0.125
0 0.4578125 0.9375 0.0453125 0.1109375
0 0.415625 0.87265625 0.01953125 0.0984375
0 0.43046875 0.84609375 0.02890625 0.0984375
0 0.4640625 0.8953125 0.03359375 0.15859375
0 0.48203125 0.8234375 0.02890625 0.053125
0 0.478125 0.88203125 0.02890625 0.0765625
0 0.49375 0.9578125 0.03359375 0.071875
0 0.5171875 0.88203125 0.04296875 0.09140625
0 0.4203125 0.6921875 0.03828125 0.09140625
0 0.46171875 0.6859375 0.04296875 0.0765625
0 0.47578125 0.62109375 0.03828125 0.06484375
0 0.50703125 0.6578125 0.02421875 0.0578125
0 0.4359375 0.61796875 0.0453125 0.0578125
0 0.4015625 0.62109375 0.04296875 0.053125
0 0.0609375 0.084375 0.121875 0.159375
0 0.1890625 0.03984375 0.134375 0.06484375
0 0.321875 0.2125 0.103125 0.31953125
0 0.40234375 0.52890625 0.14453125 0.0765625
0 0.35 0.41484375 0.0484375 0.125
0 0.28125 0.71484375 0.03359375 0.0578125
0 0.2078125 0.8765625 0.11328125 0.09140625
0 0.30859375 0.709375 0.021875 0.0453125
0 0.33203125 0.703125 0.02421875 0.0578125
0 0.3484375 0.69609375 0.009375 0.03359375
0 0.265625 0.66015625 0.03359375 0.06484375
0 0.29296875 0.65 0.02890625 0.071875
0 0.321875 0.65 0.01953125 0.0578125
0 0.33515625 0.65 0.009375 0.03359375
0 0.2546875 0.62734375 0.03125 0.06484375
0 0.27421875 0.6046875 0.02421875 0.0578125
0 0.2984375 0.6078125 0.02421875 0.053125
0 0.3234375 0.60078125 0.021875 0.053125
0 0.2359375 0.56875 0.02890625 0.06484375
0 0.271875 0.54921875 0.03359375 0.0765625
0 0.30078125 0.56484375 0.01953125 0.0453125
0 0.1453125 0.6734375 0.02421875 0.0265625
0 0.178125 0.6671875 0.03359375 0.03828125
0 0.1421875 0.64453125 0.021875 0.01953125
0 0.16796875 0.6078125 0.021875 0.03828125
0 0.96015625 0.89921875 0.02890625 0.18984375
0 0.98203125 0.89921875 0.01953125 0.178125
0 0.990625 0.8921875 0.01171875 0.16328125
0 0.9421875 0.8953125 0.01953125 0.196875
0 0.9265625 0.86640625 0.01953125 0.178125
0 0.8953125 0.95546875 0.06015625 0.084375
0 0.89765625 0.86875 0.053125 0.15859375
0 0.84375 0.94375 0.0484375 0.1078125
0 0.8125 0.8890625 0.0453125 0.10546875
0 0.86171875 0.859375 0.0578125 0.08671875
