3 0.466796875 0.5966796875 0.86328125 0.806640625
3 0.06103515625 0.20556640625 0.0322265625 0.4033203125
3 0.5380859375 0.11474609375 0.021484375 0.2216796875
3 0.8642578125 0.21826171875 0.033203125 0.4287109375
0 0.43408203125 0.953125 0.1201171875 0.0625
0 0.2763671875 0.36767578125 0.150390625 0.1650390625
0 0.4111328125 0.37939453125 0.115234375 0.1376953125
0 0.5478515625 0.31005859375 0.142578125 0.1748046875
0 0.640625 0.42041015625 0.1484375 0.1611328125
0 0.7314453125 0.54150390625 0.162109375 0.1845703125
0 0.7197265625 0.70947265625 0.146484375 0.2314453125
0 0.5888671875 0.79248046875 0.146484375 0.2294921875
0 0.66796875 0.84814453125 0.05859375 0.0751953125
0 0.4345703125 0.79052734375 0.173828125 0.2451171875
0 0.21484375 0.62548828125 0.1640625 0.2119140625
0 0.3017578125 0.7626953125 0.146484375 0.232421875
0 0.2255859375 0.49267578125 0.1015625 0.0791015625
0 0.3447265625 0.5166015625 0.138671875 0.236328125
0 0.423828125 0.56884765625 0.16796875 0.2314453125
0 0.4970703125 0.43896484375 0.138671875 0.1279296875
0 0.5849609375 0.58349609375 0.162109375 0.2177734375
