0 0.17421875 0.61328125 0.0625 0.0578125
0 0.759765625 0.27294921875 0.37890625 0.3701171875
0 0.4755859375 0.24755859375 0.302734375 0.1943359375
0 0.4541015625 0.44091796875 0.333984375 0.2216796875
0 0.64453125 0.53955078125 0.2578125 0.1572265625
0 0.6572265625 0.70947265625 0.111328125 0.0908203125
0 0.564453125 0.7373046875 0.12109375 0.111328125
0 0.5419921875 0.86376953125 0.173828125 0.1142578125
0 0.4677734375 0.81689453125 0.154296875 0.1220703125
0 0.501953125 0.630859375 0.12890625 0.12890625
0 0.380859375 0.61767578125 0.171875 0.1376953125
0 0.3505859375 0.81103515625 0.076171875 0.0830078125
0 0.3759765625 0.90869140625 0.087890625 0.1025390625
0 0.2373046875 0.9365234375 0.189453125 0.126953125
0 0.232421875 0.80322265625 0.15625 0.1220703125
0 0.15234375 0.74658203125 0.046875 0.1064453125
0 0.1328125 0.876953125 0.0703125 0.12890625
0 0.0888671875 0.65234375 0.169921875 0.15234375
0 0.1025390625 0.49951171875 0.201171875 0.1865234375
0 0.1552734375 0.2802734375 0.185546875 0.123046875
0 0.1142578125 0.3154296875 0.216796875 0.126953125
0 0.224609375 0.15625 0.18359375 0.13671875
