0 0.1734375 0.43984375 0.2140625 0.4640625
0 0.14296875 0.8453125 0.134375 0.178125
0 0.44921875 0.7796875 0.11328125 0.18984375
0 0.5953125 0.80078125 0.02421875 0.06484375
0 0.5640625 0.78828125 0.03359375 0.06484375
0 0.53359375 0.7796875 0.0265625 0.06015625
0 0.553125 0.74140625 0.03359375 0.04296875
0 0.5828125 0.73828125 0.03359375 0.0484375
0 0.6203125 0.79453125 0.01953125 0.02890625
0 0.6234375 0.8265625 0.0140625 0.0359375
0 0.6109375 0.8328125 0.01171875 0.0484375
0 0.6421875 0.83671875 0.03828125 0.04296875
0 0.6421875 0.88359375 0.02890625 0.06484375
0 0.61171875 0.9015625 0.02890625 0.06484375
0 0.58515625 0.91953125 0.03828125 0.06484375
0 0.55546875 0.8890625 0.02890625 0.053125
0 0.5875 0.85078125 0.02890625 0.06015625
0 0.56015625 0.83046875 0.0265625 0.04296875
0 0.5296875 0.8328125 0.0265625 0.06015625
0 0.28515625 0.8484375 0.15625 0.29296875
0 0.3453125 0.9171875 0.1703125 0.15390625
0 0.33046875 0.49140625 0.06015625 0.1734375
0 0.37109375 0.47578125 0.06953125 0.08203125
0 0.43125 0.5140625 0.08203125 0.06484375
0 0.4953125 0.35078125 0.125 0.2984375
0 0.3375 0.30390625 0.2046875 0.34609375
0 0.14296875 0.2765625 0.1875 0.26953125
0 0.10234375 0.1265625 0.18515625 0.24765625
0 0.27890625 0.1265625 0.1828125 0.24765625
0 0.4515625 0.67578125 0.375 0.23046875
0 0.59375 0.5265625 0.0671875 0.1609375
0 0.6546875 0.5 0.0625 0.2015625
0 0.828125 0.8640625 0.3390625 0.2671875
0 0.821875 0.75625 0.35078125 0.30078125
0 0.84765625 0.5875 0.30078125 0.24765625
0 0.8796875 0.46484375 0.2359375 0.19453125
0 0.7921875 0.16796875 0.409375 0.3359375
0 0.7796875 0.36171875 0.43515625 0.2234375
0 0.5015625 0.11640625 0.31015625 0.23046875
