0 0.04453125 0.4015625 0.0890625 0.08671875
0 0.11875 0.5671875 0.103125 0.0765625
0 0.1671875 0.4734375 0.0671875 0.134375
0 0.134375 0.4265625 0.09140625 0.134375
0 0.1984375 0.32109375 0.1390625 0.06953125
0 0.103125 0.665625 0.071875 0.08203125
0 0.03125 0.69375 0.0625 0.0265625
0 0.0359375 0.66015625 0.071875 0.03828125
0 0.0265625 0.73671875 0.053125 0.040625
0 0.04921875 0.8109375 0.09609375 0.03125
0 0.0515625 0.78984375 0.103125 0.0265625
0 0.0265625 0.84375 0.053125 0.02890625
0 0.6421875 0.06640625 0.31484375 0.125
0 0.5765625 0.0375 0.16328125 0.0671875
0 0.65234375 0.12109375 0.303125 0.1203125
0 0.66015625 0.17890625 0.27890625 0.10546875
0 0.6734375 0.2234375 0.27421875 0.1296875
0 0.79921875 0.2171875 0.22578125 0.14453125
0 0.71875 0.3375 0.2015625 0.1203125
0 0.7390625 0.4328125 0.1296875 0.10078125
0 0.8421875 0.49296875 0.1296875 0.08203125
0 0.89921875 0.3859375 0.1921875 0.1390625
0 0.89921875 0.303125 0.1390625 0.0890625
0 0.928125 0.546875 0.0625 0.05078125
0 0.87109375 0.58046875 0.053125 0.05078125
0 0.9046875 0.63359375 0.0578125 0.03828125
0 0.9046875 0.60078125 0.0578125 0.03359375
0 0.96640625 0.625 0.0578125 0.0484375
0 0.959375 0.5890625 0.053125 0.04296875
0 0.9171875 0.7640625 0.08203125 0.06953125
0 0.92578125 0.8109375 0.0578125 0.03828125
0 0.953125 0.83984375 0.071875 0.0359375
0 0.95703125 0.8015625 0.0359375 0.04296875
0 0.984375 0.7640625 0.01953125 0.03125
0 0.9796875 0.7078125 0.03125 0.0578125
0 0.97734375 0.93359375 0.0359375 0.0484375
0 0.80625 0.7125 0.0578125 0.05078125
0 0.8421875 0.7203125 0.0359375 0.04296875
0 0.8328125 0.7875 0.0484375 0.10078125
0 0.8765625 0.834375 0.03125 0.05546875
0 0.8921875 0.9015625 0.071875 0.07421875
0 0.87890625 0.95546875 0.09609375 0.07421875
0 0.8328125 0.8796875 0.0671875 0.08671875
0 0.7859375 0.796875 0.0484375 0.07421875
0 0.77890625 0.7296875 0.0625 0.0625
0 0.71171875 0.73828125 0.08203125 0.08671875
0 0.74765625 0.796875 0.040625 0.0578125
0 0.78125 0.865625 0.0671875 0.0625
0 0.80625 0.93359375 0.0578125 0.06953125
0 0.54921875 0.39765625 0.1390625 0.1390625
0 0.49296875 0.321875 0.15859375 0.12734375
0 0.45078125 0.2171875 0.1078125 0.1203125
0 0.48203125 0.1296875 0.0359375 0.05078125
0 0.571875 0.546875 0.15390625 0.14921875
0 0.61875 0.7859375 0.08203125 0.05078125
0 0.63671875 0.7515625 0.0578125 0.05078125
0 0.6625 0.834375 0.0578125 0.03828125
0 0.62109375 0.828125 0.02421875 0.03359375
0 0.6625 0.88203125 0.0484375 0.05078125
0 0.6828125 0.91953125 0.0484375 0.0625
0 0.703125 0.87890625 0.0484375 0.071875
0 0.725 0.93046875 0.02421875 0.03125
0 0.54296875 0.78984375 0.0484375 0.0578125
0 0.571875 0.8109375 0.040625 0.03125
0 0.5765625 0.8609375 0.053125 0.06953125
0 0.58515625 0.9171875 0.0484375 0.05078125
0 0.5671875 0.88828125 0.009375 0.0140625
0 0.5046875 0.80625 0.03125 0.03125
0 0.459375 0.80546875 0.053125 0.05078125
0 0.47734375 0.78984375 0.0359375 0.0265625
0 0.51796875 0.83203125 0.0578125 0.01953125
0 0.525 0.859375 0.040625 0.03359375
0 0.52265625 0.9078125 0.0359375 0.053125
0 0.49296875 0.8703125 0.0359375 0.0265625
0 0.49296875 0.9109375 0.02421875 0.03828125
0 0.47734375 0.84140625 0.0484375 0.02421875
0 0.45703125 0.41015625 0.0765625 0.053125
0 0.39453125 0.3953125 0.0671875 0.071875
0 0.4796875 0.31875 0.125 0.134375
0 0.41015625 0.3609375 0.0578125 0.0578125
0 0.365625 0.48046875 0.09140625 0.0890625
0 0.35546875 0.4359375 0.08203125 0.0765625
0 0.46171875 0.9359375 0.0359375 0.0265625
0 0.46875 0.91484375 0.03125 0.03125
0 0.45078125 0.88828125 0.0578125 0.1078125
0 0.4171875 0.83203125 0.03125 0.09609375
0 0.3921875 0.82421875 0.03125 0.08203125
0 0.365625 0.796875 0.01953125 0.0578125
0 0.33515625 0.7671875 0.071875 0.08203125
0 0.29921875 0.7140625 0.040625 0.0765625
0 0.24765625 0.68515625 0.071875 0.0671875
0 0.2140625 0.7140625 0.08671875 0.0625
0 0.44609375 0.46875 0.0484375 0.0265625
0 0.45703125 0.4421875 0.0359375 0.01953125
0 0.475 0.484375 0.03125 0.03359375
0 0.44140625 0.521875 0.0484375 0.03125
0 0.44140625 0.49609375 0.02421875 0.01171875
0 0.4125 0.49375 0.040625 0.03125
0 0.3734375 0.51953125 0.0359375 0.01953125
0 0.384375 0.5375 0.0140625 0.0140625
0 0.3609375 0.55078125 0.03125 0.03359375
0 0.5671875 0.69453125 0.040625 0.03828125
0 0.5359375 0.7125 0.040625 0.0265625
0 0.5 0.72578125 0.040625 0.03125
0 0.48203125 0.73203125 0.02421875 0.0265625
0 0.51796875 0.68125 0.0578125 0.03359375
0 0.53828125 0.665625 0.0484375 0.0265625
0 0.55625 0.646875 0.040625 0.0265625
0 0.54296875 0.6234375 0.0359375 0.0265625
0 0.515625 0.63125 0.03125 0.0265625
0 0.48203125 0.634375 0.02421875 0.0265625
0 0.47109375 0.58671875 0.0484375 0.03125
0 0.4484375 0.55390625 0.053125 0.03359375
0 0.484375 0.55390625 0.03125 0.0265625
0 0.46171875 0.6109375 0.02421875 0.0140625
0 0.428125 0.58515625 0.03125 0.0265625
0 0.4046875 0.58984375 0.0140625 0.03125
0 0.4171875 0.56015625 0.03125 0.03828125
0 0.3890625 0.5671875 0.02421875 0.02421875
0 0.428125 0.615625 0.040625 0.0265625
0 0.41015625 0.640625 0.0359375 0.03125
0 0.44609375 0.65390625 0.0359375 0.0265625
0 0.46171875 0.68515625 0.0359375 0.0265625
0 0.4234375 0.665625 0.03125 0.01953125
0 0.4328125 0.69140625 0.01953125 0.02421875
0 0.45078125 0.7125 0.02421875 0.01953125
0 0.44609375 0.15859375 0.0484375 0.03125
0 0.40234375 0.2296875 0.040625 0.0265625
0 0.3921875 0.25859375 0.03125 0.03125
0 0.35546875 0.271875 0.040625 0.0265625
0 0.365625 0.25234375 0.03125 0.01953125
0 0.3265625 0.303125 0.0484375 0.03359375
0 0.32421875 0.2765625 0.01953125 0.01953125
0 0.3015625 0.29296875 0.0359375 0.03828125
0 0.28359375 0.31484375 0.03125 0.03359375
0 0.396875 0.7671875 0.03125 0.0265625
0 0.43046875 0.7484375 0.0359375 0.03828125
0 0.396875 0.7359375 0.040625 0.03359375
0 0.384375 0.7140625 0.0484375 0.03125
0 0.39453125 0.6890625 0.0484375 0.03359375
0 0.35078125 0.7234375 0.040625 0.03359375
0 0.3296875 0.70078125 0.040625 0.0265625
0 0.36875 0.665625 0.0359375 0.0265625
0 0.3921875 0.65625 0.03125 0.03125
0 0.37109375 0.62734375 0.040625 0.03359375
0 0.33984375 0.63671875 0.03125 0.03828125
0 0.3015625 0.6390625 0.0359375 0.03359375
0 0.2859375 0.66015625 0.0359375 0.02421875
0 0.275 0.6390625 0.02421875 0.0265625
0 0.28359375 0.6078125 0.040625 0.0265625
0 0.24765625 0.60546875 0.03125 0.03125
0 0.21875 0.60078125 0.0359375 0.0265625
0 0.20703125 0.5734375 0.03125 0.0265625
0 0.2296875 0.56953125 0.0359375 0.03359375
0 0.25703125 0.5765625 0.03125 0.0265625
0 0.28125 0.5796875 0.0359375 0.03125
0 0.30625 0.5515625 0.0359375 0.03125
0 0.3375 0.5609375 0.0484375 0.0265625
0 0.31953125 0.5828125 0.03125 0.03125
0 0.321875 0.60546875 0.02421875 0.03125
0 0.34765625 0.5921875 0.0359375 0.04296875
0 0.3734375 0.5953125 0.0359375 0.03125
0 0.2703125 0.5484375 0.0359375 0.03125
0 0.22734375 0.53828125 0.03125 0.0265625
0 0.209375 0.521875 0.0484375 0.03125
0 0.209375 0.490625 0.0484375 0.03125
0 0.23203125 0.47109375 0.03125 0.02421875
0 0.24296875 0.49765625 0.03125 0.03125
0 0.26796875 0.52265625 0.03125 0.0265625
0 0.27890625 0.50234375 0.040625 0.03828125
0 0.275 0.47109375 0.0484375 0.03828125
0 0.209375 0.4484375 0.0359375 0.03125
0 0.22734375 0.41328125 0.03125 0.03125
0 0.20703125 0.39453125 0.040625 0.02421875
0 0.22109375 0.37265625 0.040625 0.01953125
0 0.26328125 0.38828125 0.040625 0.0265625
0 0.25703125 0.36640625 0.01953125 0.0140625
0 0.2453125 0.4421875 0.02421875 0.0265625
0 0.265625 0.43984375 0.02421875 0.02421875
0 0.29296875 0.44375 0.040625 0.03828125
0 0.3015625 0.41484375 0.0359375 0.0265625
0 0.26796875 0.4171875 0.03125 0.02421875
0 0.30625 0.3796875 0.0359375 0.03359375
0 0.30859375 0.34140625 0.03125 0.0265625
0 0.3453125 0.38828125 0.03125 0.01953125
0 0.3421875 0.36328125 0.0359375 0.02421875
0 0.3453125 0.3375 0.01953125 0.03359375
0 0.384375 0.33203125 0.0359375 0.0484375
1 0.69609375 0.5796875 0.2359375 0.303125
1 0.30625 0.0578125 0.08671875 0.1078125
1 0.41015625 0.0609375 0.1203125 0.115625
