0 0.915625 0.9703125 0.1203125 0.053125
0 0.8734375 0.9046875 0.1078125 0.06953125
0 0.8328125 0.9703125 0.06015625 0.053125
0 0.76328125 0.93359375 0.0765625 0.125
0 0.803125 0.8890625 0.1078125 0.1109375
0 0.78515625 0.81015625 0.071875 0.0578125
0 0.79921875 0.759375 0.053125 0.05078125
0 0.78515625 0.7453125 0.084375 0.09375
0 0.709375 0.775 0.1734375 0.3125
0 0.68515625 0.92421875 0.10078125 0.146875
0 0.6078125 0.96640625 0.115625 0.06015625
0 0.6765625 0.7453125 0.15625 0.25
0 0.6140625 0.90390625 0.053125 0.08671875
0 0.93984375 0.459375 0.0484375 0.0359375
0 0.97734375 0.47265625 0.040625 0.05078125
0 0.94921875 0.50390625 0.0765625 0.053125
0 0.98671875 0.5203125 0.021875 0.0453125
0 0.91484375 0.334375 0.165625 0.16796875
0 0.95078125 0.3609375 0.09375 0.15390625
0 0.28125 0.0359375 0.134375 0.0671875
0 0.1703125 0.0796875 0.125 0.03828125
0 0.20078125 0.0953125 0.0671875 0.04296875
0 0.15 0.1109375 0.0484375 0.0484375
0 0.1890625 0.15234375 0.09140625 0.06015625
0 0.27890625 0.18984375 0.1390625 0.06953125
0 0.28515625 0.2546875 0.115625 0.053125
0 0.3796875 0.16328125 0.115625 0.06953125
0 0.275 0.1140625 0.14453125 0.08203125
0 0.3890625 0.0875 0.1078125 0.08203125
0 0.415625 0.03515625 0.02890625 0.0359375
0 0.35546875 0.03125 0.08203125 0.0578125
0 0.0421875 0.3890625 0.071875 0.0765625
0 0.0203125 0.459375 0.02890625 0.0578125
0 0.0421875 0.27265625 0.06015625 0.0765625
0 0.02421875 0.2296875 0.0359375 0.0578125
0 0.01171875 0.1703125 0.01171875 0.02890625
0 0.2515625 0.35234375 0.1078125 0.0484375
0 0.196875 0.40234375 0.071875 0.0578125
0 0.30546875 0.421875 0.178125 0.09609375
0 0.353125 0.4796875 0.27421875 0.08671875
0 0.15859375 0.52734375 0.115625 0.2015625
0 0.0921875 0.6265625 0.02890625 0.053125
0 0.05390625 0.70703125 0.06015625 0.103125
0 0.146875 0.63203125 0.18515625 0.30546875
0 0.0484375 0.77265625 0.0484375 0.0359375
0 0.08046875 0.78984375 0.053125 0.02890625
0 0.14453125 0.7359375 0.0484375 0.071875
0 0.1734375 0.6703125 0.0359375 0.02421875
0 0.209375 0.5734375 0.084375 0.196875
0 0.20078125 0.71171875 0.10078125 0.08671875
0 0.2515625 0.77265625 0.13203125 0.05078125
0 0.296875 0.72734375 0.09140625 0.04296875
0 0.209375 0.81484375 0.09609375 0.053125
0 0.21484375 0.865625 0.09609375 0.0578125
0 0.27265625 0.9078125 0.04296875 0.0265625
0 0.3265625 0.9375 0.0671875 0.053125
0 0.33515625 0.89453125 0.06015625 0.0265625
0 0.4859375 0.93984375 0.09609375 0.11328125
0 0.43359375 0.89921875 0.053125 0.10078125
0 0.3796875 0.69375 0.10078125 0.35546875
0 0.33515625 0.7703125 0.084375 0.21640625
0 0.28515625 0.8609375 0.053125 0.0671875
0 0.28515625 0.63125 0.09140625 0.14921875
0 0.25703125 0.5671875 0.0359375 0.17578125
0 0.303125 0.53984375 0.0671875 0.03359375
0 0.303125 0.50390625 0.0671875 0.03828125
0 0.4578125 0.634375 0.09140625 0.228125
0 0.49765625 0.7296875 0.13203125 0.04296875
0 0.51171875 0.775 0.053125 0.053125
0 0.46171875 0.8015625 0.06015625 0.09140625
0 0.4734375 0.85234375 0.0359375 0.0359375
0 0.50859375 0.67421875 0.084375 0.0765625
0 0.5203125 0.60078125 0.0359375 0.15390625
0 0.55625 0.5796875 0.0359375 0.06015625
0 0.5140625 0.50859375 0.06015625 0.0890625
0 0.95078125 0.2140625 0.09375 0.071875
0 0.87109375 0.259375 0.115625 0.0578125
0 0.80546875 0.28515625 0.09140625 0.0671875
0 0.796875 0.2296875 0.0484375 0.0359375
0 0.865625 0.1890625 0.09140625 0.0796875
0 0.92578125 0.1671875 0.0765625 0.02890625
0 0.81484375 0.16953125 0.1203125 0.08671875
0 0.84765625 0.11796875 0.16328125 0.0765625
0 0.94921875 0.1453125 0.0671875 0.0484375
0 0.946875 0.08671875 0.10078125 0.08203125
0 0.790625 0.0578125 0.1078125 0.08203125
0 0.8296875 0.04296875 0.115625 0.0671875
0 0.92578125 0.04921875 0.125 0.053125
0 0.9171875 0.0140625 0.0984375 0.02421875
0 0.81484375 0.009375 0.1109375 0.0140625
0 0.97734375 0.025 0.040625 0.0453125
0 0.6109375 0.025 0.09609375 0.0484375
0 0.78125 0.53828125 0.125 0.1109375
0 0.76953125 0.49609375 0.09140625 0.053125
0 0.6828125 0.5671875 0.071875 0.0484375
0 0.62890625 0.56015625 0.09609375 0.06015625
0 0.56875 0.521875 0.071875 0.0484375
0 0.6203125 0.5046875 0.02890625 0.02890625
0 0.6828125 0.525 0.084375 0.04296875
0 0.6765625 0.48203125 0.084375 0.04296875
0 0.7390625 0.47734375 0.053125 0.0484375
0 0.66484375 0.41953125 0.1078125 0.0625
0 0.6078125 0.46875 0.09140625 0.0484375
0 0.571875 0.4515625 0.0765625 0.0625
0 0.5265625 0.4390625 0.071875 0.0484375
0 0.44609375 0.44375 0.0671875 0.0484375
0 0.4734375 0.4046875 0.09609375 0.0625
0 0.53828125 0.4 0.0484375 0.0265625
0 0.6046875 0.39765625 0.084375 0.053125
0 0.55625 0.3328125 0.178125 0.08203125
0 0.6265625 0.3453125 0.0765625 0.053125
0 0.6734375 0.3390625 0.0765625 0.0625
0 0.725 0.38125 0.1203125 0.06015625
0 0.67890625 0.28359375 0.10078125 0.0625
0 0.7125 0.26171875 0.071875 0.0484375
0 0.5921875 0.26328125 0.14453125 0.0625
0 0.5140625 0.28984375 0.071875 0.06953125
0 0.578125 0.1984375 0.09140625 0.071875
0 0.640625 0.19609375 0.071875 0.071875
0 0.59609375 0.1671875 0.053125 0.04296875
