0 0.127704326562 0.64306640625 0.255408653125 0.5205078125
0 0.4658203125 0.59130859375 0.486328125 0.7841796875
0 0.798828125 0.67333984375 0.40234375 0.6513671875
0 0.8203125 0.24658203125 0.3515625 0.4931640625
0 0.572265625 0.12646484375 0.43359375 0.2529296875
0 0.0849609375 0.20166015625 0.169921875 0.4033203125
0 0.2177734375 0.27197265625 0.326171875 0.5439453125
0 0.28125 0.9375 0.0703125 0.046875
0 0.22998046875 0.80419921875 0.1064453125 0.1357421875
0 0.1083984375 0.920673076562 0.216796875 0.153846153125
