0 0.1109375 0.34140625 0.1828125 0.2984375
0 0.03984375 0.49375 0.07421875 0.23046875
0 0.025 0.18046875 0.03828125 0.08671875
0 0.0109375 0.2828125 0.0171875 0.11796875
0 0.01953125 0.08046875 0.03359375 0.13671875
0 0.1390625 0.15859375 0.0484375 0.15390625
0 0.0828125 0.14921875 0.0578125 0.1109375
0 0.0609375 0.0625 0.053125 0.1109375
0 0.1140625 0.05625 0.0484375 0.10078125
0 0.15 0.021875 0.03828125 0.03125
0 0.1859375 0.1703125 0.04296875 0.09375
0 0.2015625 0.08984375 0.134375 0.11796875
0 0.1890625 0.04296875 0.053125 0.07421875
0 0.265625 0.078125 0.10078125 0.14453125
0 0.30859375 0.0375 0.04296875 0.0625
0 0.24375 0.20546875 0.115625 0.14921875
0 0.17890625 0.2640625 0.0578125 0.09375
0 0.265625 0.34140625 0.071875 0.2234375
0 0.22734375 0.3609375 0.0578125 0.17578125
0 0.27890625 0.44140625 0.03359375 0.08671875
0 0.3171875 0.50390625 0.03828125 0.1109375
0 0.365625 0.36640625 0.14921875 0.33671875
0 0.41484375 0.15234375 0.1515625 0.29296875
0 0.16796875 0.59375 0.15859375 0.20703125
0 0.03984375 0.65859375 0.07421875 0.1609375
0 0.0375 0.8296875 0.0671875 0.15390625
0 0.0203125 0.97734375 0.0359375 0.040625
0 0.09609375 0.94375 0.12265625 0.1109375
0 0.1234375 0.78828125 0.1109375 0.21171875
0 0.2390625 0.74296875 0.125 0.21640625
0 0.30859375 0.6234375 0.1390625 0.2671875
0 0.2078125 0.921875 0.115625 0.15390625
0 0.29453125 0.9828125 0.040625 0.02890625
0 0.2984375 0.95078125 0.053125 0.08671875
0 0.33671875 0.92890625 0.053125 0.08203125
0 0.30625 0.8765625 0.04296875 0.0625
0 0.26796875 0.87890625 0.02890625 0.08203125
0 0.35234375 0.85078125 0.03828125 0.0625
0 0.38828125 0.88203125 0.04296875 0.10078125
0 0.38828125 0.8015625 0.053125 0.10078125
0 0.36171875 0.7765625 0.03828125 0.08671875
0 0.41015625 0.74296875 0.03828125 0.11796875
0 0.44375 0.80390625 0.04296875 0.08203125
0 0.44375 0.884375 0.04296875 0.10546875
0 0.41328125 0.93125 0.03828125 0.1109375
0 0.453125 0.9703125 0.05546875 0.05546875
0 0.484375 0.91953125 0.03828125 0.08671875
0 0.4984375 0.85078125 0.0484375 0.07421875
0 0.52421875 0.921875 0.053125 0.09375
0 0.4984375 0.97734375 0.06484375 0.040625
0 0.546875 0.95703125 0.04296875 0.07421875
0 0.58046875 0.8921875 0.03359375 0.08203125
0 0.5484375 0.86640625 0.03828125 0.0671875
0 0.59375 0.9640625 0.0671875 0.0671875
0 0.6296875 0.9859375 0.03828125 0.02421875
0 0.52421875 0.57109375 0.2015625 0.53359375
0 0.60703125 0.18984375 0.1703125 0.3171875
0 0.5640625 0.16484375 0.071875 0.3171875
0 0.63359375 0.07109375 0.04296875 0.1296875
0 0.7703125 0.3171875 0.28359375 0.521875
0 0.7359375 0.2484375 0.2859375 0.4859375
0 0.77890625 0.72734375 0.053125 0.10078125
0 0.72109375 0.6921875 0.0578125 0.09375
0 0.7703125 0.6609375 0.053125 0.10546875
0 0.740625 0.615625 0.053125 0.08671875
0 0.82109375 0.553125 0.0578125 0.1109375
0 0.75625 0.58046875 0.071875 0.09375
0 0.85234375 0.47265625 0.04296875 0.07421875
0 0.91015625 0.9421875 0.17578125 0.1109375
0 0.90234375 0.81015625 0.10078125 0.20703125
0 0.9484375 0.61171875 0.10078125 0.21875
0 0.97265625 0.76171875 0.05078125 0.196875
0 0.8734375 0.57109375 0.0484375 0.08671875
0 0.8953125 0.515625 0.0484375 0.08671875
0 0.9125 0.45078125 0.0484375 0.09375
0 0.8859375 0.40390625 0.0484375 0.07421875
0 0.9234375 0.3390625 0.04296875 0.08203125
0 0.96171875 0.38203125 0.053125 0.08203125
0 0.98203125 0.3171875 0.02890625 0.07421875
0 0.95546875 0.2921875 0.053125 0.08671875
0 0.9671875 0.2171875 0.0578125 0.10078125
0 0.928125 0.1703125 0.03359375 0.10546875
0 0.9171875 0.2671875 0.03828125 0.0625
0 0.9484375 0.1 0.053125 0.10078125
0 0.89453125 0.078125 0.04296875 0.08203125
0 0.984375 0.12734375 0.0265625 0.09609375
0 0.7203125 0.74375 0.28125 0.50703125
