0 0.96484375 0.1984375 0.053125 0.12265625
0 0.8890625 0.18046875 0.20703125 0.14453125
0 0.86640625 0.015625 0.25234375 0.0265625
0 0.33515625 0.05078125 0.35078125 0.09609375
0 0.09609375 0.0828125 0.1921875 0.07421875
0 0.17578125 0.19609375 0.35078125 0.1828125
0 0.32421875 0.18359375 0.3265625 0.0984375
0 0.17890625 0.2359375 0.2359375 0.06484375
0 0.22109375 0.27890625 0.23046875 0.09140625
0 0.0765625 0.31640625 0.153125 0.0765625
0 0.140625 0.38125 0.2359375 0.06953125
0 0.30859375 0.3421875 0.3265625 0.0765625
0 0.49296875 0.25625 0.3890625 0.18984375
0 0.7984375 0.25390625 0.3890625 0.178125
0 0.9421875 0.36171875 0.10078125 0.09140625
0 0.74765625 0.40859375 0.48828125 0.178125
0 0.69140625 0.57578125 0.603125 0.2453125
0 0.828125 0.6734375 0.28359375 0.09375
0 0.428125 0.53359375 0.30546875 0.12734375
0 0.3859375 0.43125 0.3125 0.1203125
0 0.1984375 0.48203125 0.09140625 0.03828125
0 0.06484375 0.44921875 0.1296875 0.04296875
0 0.171875 0.43125 0.115625 0.0359375
0 0.09140625 0.48046875 0.10546875 0.01953125
0 0.015625 0.4796875 0.02890625 0.02421875
0 0.03828125 0.40625 0.0765625 0.03828125
0 0.1265625 0.5765625 0.25234375 0.15625
0 0.21015625 0.709375 0.41796875 0.228125
0 0.671875 0.8015625 0.6390625 0.21171875
0 0.88203125 0.8015625 0.22109375 0.12265625
0 0.73828125 0.96171875 0.365625 0.071875
0 0.875 0.97578125 0.16328125 0.04296875
0 0.9421875 0.94609375 0.10078125 0.07421875
0 0.9625 0.990625 0.06484375 0.0140625
0 0.9546875 0.890625 0.0765625 0.0484375
0 0.6296875 0.9421875 0.375 0.0890625
0 0.08515625 0.95546875 0.1703125 0.084375
0 0.09140625 0.8765625 0.1828125 0.0765625
0 0.09609375 0.821875 0.1921875 0.0484375
2 0.5296875 0.89921875 0.72578125 0.196875
