0 0.63125 0.54921875 0.49765625 0.50234375
0 0.2609375 0.8421875 0.1390625 0.1078125
0 0.3140625 0.86328125 0.03359375 0.0984375
0 0.1203125 0.171875 0.0671875 0.0453125
0 0.084375 0.2828125 0.04296875 0.04296875
0 0.0984375 0.3421875 0.071875 0.03828125
0 0.09609375 0.3796875 0.03828125 0.02890625
0 0.32109375 0.0484375 0.0671875 0.053125
0 0.38203125 0.06640625 0.0578125 0.0484375
0 0.41796875 0.08671875 0.0140625 0.03359375
0 0.4328125 0.11171875 0.03359375 0.03359375
0 0.4421875 0.1703125 0.03359375 0.03359375
0 0.4734375 0.1828125 0.02890625 0.03359375
0 0.49296875 0.234375 0.03828125 0.03828125
0 0.5171875 0.26953125 0.0484375 0.0484375
0 0.55078125 0.30625 0.0484375 0.02421875
0 0.53125 0.33984375 0.03828125 0.04296875
0 0.40859375 0.2078125 0.04296875 0.0484375
0 0.4015625 0.2515625 0.0578125 0.03828125
0 0.43984375 0.20546875 0.01953125 0.03828125
0 0.4546875 0.240625 0.0484375 0.04296875
0 0.4515625 0.2828125 0.03359375 0.04296875
0 0.47109375 0.3171875 0.053125 0.02890625
0 0.48828125 0.35234375 0.03828125 0.04296875
0 0.3890625 0.16015625 0.04296875 0.0453125
0 0.37109375 0.11640625 0.03359375 0.04296875
0 0.33984375 0.12265625 0.03828125 0.071875
0 0.35 0.17421875 0.0484375 0.0484375
0 0.3421875 0.22578125 0.04296875 0.03828125
0 0.328125 0.26328125 0.04296875 0.02890625
0 0.36640625 0.29453125 0.0625 0.04296875
0 0.37109375 0.32578125 0.04296875 0.03828125
0 0.3796875 0.36875 0.053125 0.04296875
0 0.415625 0.36796875 0.03828125 0.02890625
0 0.4375 0.390625 0.04296875 0.02421875
0 0.40625 0.40859375 0.0484375 0.02890625
0 0.3796875 0.6453125 0.053125 0.03828125
0 0.3640625 0.6859375 0.0671875 0.03828125
0 0.37734375 0.43359375 0.03828125 0.0625
0 0.3453125 0.46640625 0.03828125 0.053125
0 0.32578125 0.5109375 0.0578125 0.0578125
0 0.359375 0.571875 0.0484375 0.04296875
0 0.3421875 0.61171875 0.053125 0.03828125
0 0.3140625 0.625 0.03359375 0.02890625
0 0.32109375 0.6578125 0.03828125 0.0453125
0 0.28515625 0.69375 0.053125 0.03359375
0 0.30390625 0.72265625 0.03359375 0.03359375
0 0.25625 0.14296875 0.03359375 0.0453125
0 0.296875 0.1453125 0.03828125 0.0484375
0 0.2875 0.19453125 0.02890625 0.04296875
0 0.27265625 0.23046875 0.03828125 0.0453125
0 0.24375 0.19375 0.0578125 0.0453125
0 0.19609375 0.1578125 0.0484375 0.0578125
0 0.20078125 0.11640625 0.0671875 0.07421875
0 0.16953125 0.2078125 0.053125 0.0484375
0 0.1765625 0.2484375 0.03828125 0.03359375
0 0.11796875 0.24296875 0.0625 0.053125
0 0.125 0.290625 0.0484375 0.0484375
0 0.17421875 0.29921875 0.053125 0.0484375
0 0.1625 0.35078125 0.0578125 0.03828125
0 0.14296875 0.4046875 0.0484375 0.0453125
0 0.1359375 0.4515625 0.0625 0.0484375
0 0.11328125 0.4859375 0.0625 0.04296875
0 0.125 0.53984375 0.0578125 0.0578125
0 0.171875 0.55390625 0.0484375 0.053125
0 0.1859375 0.609375 0.0578125 0.04296875
0 0.21015625 0.64296875 0.0671875 0.0484375
0 0.2171875 0.6 0.04296875 0.03828125
0 0.25390625 0.640625 0.02890625 0.03828125
0 0.27265625 0.6578125 0.03828125 0.03828125
0 0.25625 0.58046875 0.053125 0.03359375
0 0.2875 0.59765625 0.02890625 0.03359375
0 0.3140625 0.58515625 0.03359375 0.0484375
0 0.28515625 0.3109375 0.04296875 0.04296875
0 0.29921875 0.359375 0.03359375 0.0453125
0 0.3109375 0.41953125 0.0578125 0.04296875
0 0.2515625 0.4578125 0.0625 0.03828125
0 0.2390625 0.428125 0.0484375 0.03359375
0 0.25625 0.5 0.0625 0.03828125
0 0.25859375 0.54296875 0.0484375 0.04296875
0 0.21484375 0.53984375 0.0484375 0.03359375
0 0.1984375 0.50234375 0.04296875 0.0484375
0 0.19140625 0.4421875 0.0484375 0.0453125
0 0.17890625 0.40234375 0.04296875 0.04296875
0 0.225 0.38203125 0.0484375 0.03359375
0 0.2484375 0.3484375 0.0484375 0.03359375
0 0.20546875 0.3453125 0.03828125 0.02421875
0 0.23671875 0.31484375 0.04296875 0.04296875
0 0.23671875 0.27734375 0.071875 0.0484375
0 0.21484375 0.23671875 0.03828125 0.04296875
