0 0.92421875 0.58515625 0.14453125 0.353125
0 0.9421875 0.5109375 0.1078125 0.271875
0 0.81875 0.5359375 0.0765625 0.2984375
0 0.9125 0.2234375 0.0484375 0.1390625
0 0.928125 0.11640625 0.02890625 0.0890625
0 0.9734375 0.11640625 0.0484375 0.04296875
0 0.95703125 0.1875 0.0796875 0.1109375
0 0.8765625 0.0890625 0.0765625 0.165625
0 0.86171875 0.22109375 0.053125 0.196875
0 0.62265625 0.0640625 0.071875 0.115625
0 0.67421875 0.0359375 0.0484375 0.0625
0 0.58984375 0.05546875 0.071875 0.10078125
0 0.546875 0.04921875 0.06484375 0.0890625
0 0.48828125 0.06640625 0.0484375 0.1203125
0 0.4515625 0.0609375 0.02421875 0.05546875
0 0.4390625 0.021875 0.0359375 0.03359375
0 0.3734375 0.021875 0.06484375 0.03359375
0 0.7515625 0.16796875 0.21640625 0.3265625
0 0.70703125 0.3296875 0.178125 0.09375
0 0.60546875 0.25390625 0.0625 0.0890625
0 0.56953125 0.19609375 0.0625 0.08203125
0 0.734375 0.4359375 0.02890625 0.04296875
0 0.77890625 0.8421875 0.20703125 0.259375
0 0.8296875 0.88359375 0.22109375 0.23046875
0 0.95546875 0.83984375 0.08203125 0.15390625
0 0.97734375 0.96015625 0.040625 0.07421875
0 0.93125 0.9546875 0.06484375 0.08671875
0 0.69453125 0.40625 0.021875 0.02890625
0 0.7171875 0.40625 0.01953125 0.02890625
0 0.7015625 0.43125 0.021875 0.021875
0 0.69921875 0.459375 0.01953125 0.04296875
0 0.7171875 0.4703125 0.01953125 0.021875
0 0.71640625 0.49375 0.0140625 0.02890625
0 0.734375 0.48046875 0.0140625 0.03359375
0 0.74609375 0.4640625 0.01953125 0.021875
0 0.665625 0.40859375 0.021875 0.021875
0 0.66015625 0.4390625 0.03359375 0.02890625
0 0.64765625 0.46640625 0.021875 0.0171875
0 0.53359375 0.8953125 0.0484375 0.10078125
0 0.66328125 0.6765625 0.03359375 0.03828125
0 0.68515625 0.70703125 0.01953125 0.03359375
0 0.50703125 0.9390625 0.02890625 0.0671875
0 0.56640625 0.946875 0.0625 0.03828125
0 0.45546875 0.553125 0.1390625 0.22109375
0 0.57578125 0.740625 0.1515625 0.178125
0 0.584375 0.59375 0.16328125 0.15859375
0 0.4046875 0.8484375 0.0671875 0.0484375
0 0.3796875 0.759375 0.0265625 0.115625
0 0.4390625 0.6984375 0.115625 0.071875
0 0.4515625 0.38125 0.02421875 0.05546875
0 0.478125 0.40390625 0.02890625 0.04296875
0 0.49140625 0.4421875 0.03828125 0.05546875
0 0.5296875 0.39765625 0.0484375 0.0765625
0 0.4171875 0.36171875 0.0359375 0.08203125
0 0.47734375 0.3703125 0.15390625 0.21171875
0 0.36875 0.2296875 0.06953125 0.2046875
0 0.3234375 0.20703125 0.071875 0.15859375
0 0.25703125 0.1875 0.0671875 0.14453125
0 0.17421875 0.78515625 0.09609375 0.14453125
0 0.03359375 0.88203125 0.0625 0.16796875
0 0.0953125 0.72578125 0.0765625 0.115625
0 0.1875 0.26796875 0.0359375 0.1390625
0 0.1875 0.0765625 0.0359375 0.14453125
0 0.0359375 0.06875 0.02890625 0.12734375
0 0.0484375 0.2515625 0.0265625 0.115625
0 0.040625 0.44921875 0.0765625 0.20703125
0 0.025 0.5984375 0.0453125 0.1109375
0 0.26171875 0.93359375 0.1296875 0.05546875
0 0.38125 0.9171875 0.071875 0.03359375
0 0.43359375 0.92578125 0.0671875 0.0625
0 0.359375 0.95078125 0.021875 0.03359375
0 0.37734375 0.9703125 0.04296875 0.0484375
0 0.40859375 0.96640625 0.01953125 0.021875
0 0.36640625 0.984375 0.05078125 0.0265625
0 0.4625 0.85546875 0.053125 0.0671875
0 0.4390625 0.89765625 0.05078125 0.03828125
0 0.3734375 0.88671875 0.0578125 0.02890625
0 0.36328125 0.8453125 0.021875 0.05546875
0 0.1546875 0.53359375 0.1515625 0.33671875
