0 0.72734375 0.5984375 0.34140625 0.7046875
0 0.8109375 0.9125 0.3703125 0.16328125
0 0.7328125 0.88828125 0.396875 0.16796875
0 0.91484375 0.65859375 0.16328125 0.3125
0 0.921875 0.54921875 0.134375 0.13671875
0 0.91953125 0.39296875 0.15390625 0.23046875
0 0.94921875 0.328125 0.09609375 0.3609375
0 0.90859375 0.234375 0.1734375 0.459375
0 0.92578125 0.2046875 0.1421875 0.30078125
0 0.790625 0.2078125 0.178125 0.3078125
0 0.85234375 0.0359375 0.09140625 0.071875
0 0.72265625 0.134375 0.0796875 0.26875
0 0.6734375 0.09609375 0.21171875 0.1921875
0 0.6234375 0.2015625 0.11328125 0.196875
0 0.56875 0.3859375 0.0984375 0.16796875
0 0.59609375 0.5734375 0.15390625 0.1875
0 0.61640625 0.77890625 0.1921875 0.25703125
0 0.453125 0.60703125 0.14921875 0.23046875
0 0.5203125 0.4890625 0.0578125 0.125
0 0.39765625 0.4015625 0.1703125 0.2359375
0 0.4015625 0.16328125 0.16328125 0.240625
0 0.4546875 0.1890625 0.22578125 0.37734375
0 0.2484375 0.28125 0.15625 0.2234375
0 0.26640625 0.08984375 0.1421875 0.1796875
0 0.259375 0.546875 0.16328125 0.21875
0 0.37265625 0.77265625 0.303125 0.28828125
0 0.33046875 0.803125 0.1390625 0.21875
0 0.2328125 0.828125 0.09609375 0.13671875
0 0.19921875 0.84765625 0.08203125 0.1421875
0 0.11640625 0.68046875 0.21875 0.33203125
0 0.10234375 0.47265625 0.2015625 0.4421875
0 0.0375 0.28359375 0.07421875 0.41796875
0 0.11328125 0.1609375 0.22578125 0.321875
