0 0.08671875 0.4203125 0.09140625 0.28125
0 0.21875 0.30625 0.18515625 0.334375
0 0.021875 0.43046875 0.03828125 0.178125
0 0.0171875 0.65234375 0.02890625 0.3296875
0 0.11171875 0.771875 0.06484375 0.2640625
0 0.09609375 0.04921875 0.053125 0.09375
0 0.1078125 0.18359375 0.03828125 0.228125
0 0.08203125 0.1671875 0.02421875 0.15859375
0 0.13828125 0.1890625 0.13203125 0.2359375
0 0.2671875 0.10078125 0.2015625 0.18515625
0 0.21875 0.07578125 0.1875 0.146875
0 0.26953125 0.4953125 0.17578125 0.43046875
0 0.24765625 0.86875 0.228125 0.2453125
0 0.11796875 0.9515625 0.040625 0.0796875
0 0.08046875 0.9171875 0.053125 0.14921875
0 0.39765625 0.859375 0.08203125 0.2640625
0 0.36640625 0.95703125 0.02890625 0.06953125
0 0.46875 0.85546875 0.07421875 0.271875
0 0.3921875 0.4515625 0.17578125 0.728125
0 0.50234375 0.32421875 0.146875 0.4203125
0 0.5953125 0.071875 0.28125 0.1390625
0 0.65390625 0.35546875 0.0796875 0.43046875
0 0.6078125 0.2234375 0.071875 0.16796875
0 0.8796875 0.07578125 0.08671875 0.146875
0 0.9546875 0.12265625 0.08671875 0.21171875
0 0.98203125 0.53515625 0.03125 0.5625
0 0.9640625 0.8640625 0.0671875 0.2546875
0 0.6625 0.79296875 0.0671875 0.3078125
0 0.6875 0.93359375 0.071875 0.115625
0 0.6140625 0.73671875 0.084375 0.4734375
0 0.56640625 0.640625 0.16796875 0.21171875
0 0.56875 0.8375 0.1828125 0.3078125
