0 0.5890625 0.3796875 0.15390625 0.1828125
0 0.725 0.3328125 0.178125 0.21171875
0 0.68359375 0.4640625 0.10546875 0.0578125
0 0.76171875 0.46875 0.0765625 0.0578125
0 0.88203125 0.4265625 0.209375 0.1421875
0 0.89296875 0.2484375 0.2046875 0.22109375
0 0.69140625 0.2046875 0.1921875 0.16796875
0 0.75625 0.071875 0.11796875 0.1390625
0 0.87109375 0.09765625 0.196875 0.178125
0 0.6359375 0.6390625 0.240625 0.23046875
0 0.83515625 0.69375 0.23046875 0.22109375
0 0.1875 0.82421875 0.375 0.34609375
0 0.43984375 0.91796875 0.22109375 0.15390625
0 0.65390625 0.87734375 0.21171875 0.209375
0 0.8328125 0.90234375 0.21640625 0.1875
0 0.48203125 0.7671875 0.21640625 0.22578125
0 0.31953125 0.6421875 0.178125 0.1921875
0 0.5 0.5515625 0.2359375 0.09609375
0 0.1625 0.59375 0.19921875 0.1828125
0 0.29296875 0.52890625 0.15859375 0.053125
0 0.0515625 0.62265625 0.10078125 0.2140625
0 0.2984375 0.321875 0.04296875 0.0484375
0 0.33984375 0.33515625 0.03828125 0.03828125
0 0.37109375 0.3484375 0.03125 0.03828125
0 0.25390625 0.34609375 0.04296875 0.04296875
0 0.2171875 0.3421875 0.0359375 0.0265625
0 0.16484375 0.3484375 0.053125 0.03828125
0 0.11796875 0.3609375 0.03828125 0.0359375
0 0.109375 0.31640625 0.03828125 0.0359375
0 0.06875 0.30625 0.03828125 0.0359375
0 0.15390625 0.31640625 0.03125 0.0359375
0 0.19140625 0.30625 0.04296875 0.04296875
0 0.2359375 0.3015625 0.04296875 0.0359375
0 0.0421875 0.24296875 0.0484375 0.03125
0 0.078125 0.23046875 0.0484375 0.053125
0 0.12265625 0.21484375 0.0484375 0.0484375
0 0.1703125 0.1984375 0.0484375 0.03828125
0 0.240625 0.17578125 0.04296875 0.0484375
0 0.2984375 0.16953125 0.04296875 0.0359375
0 0.2125 0.25390625 0.04296875 0.0359375
0 0.2671875 0.24296875 0.04296875 0.03828125
0 0.2984375 0.240625 0.04296875 0.04296875
0 0.33515625 0.2171875 0.03828125 0.04296875
0 0.3640625 0.22734375 0.053125 0.04296875
0 0.3890625 0.21171875 0.0578125 0.03125
0 0.42421875 0.228125 0.0578125 0.0578125
0 0.46015625 0.228125 0.03125 0.03125
0 0.1984375 0.0203125 0.0484375 0.03828125
0 0.26953125 0.0046875 0.03828125 0.009375
0 0.30390625 0.0046875 0.03125 0.009375
0 0.34609375 0.00703125 0.0359375 0.0140625
0 0.015625 0.053125 0.021875 0.0265625
0 0.8484375 0.578125 0.29296875 0.1421875
