0 0.771875 0.725 0.146875 0.1515625
0 0.70703125 0.78515625 0.2046875 0.22578125
0 0.21171875 0.6390625 0.22578125 0.28359375
0 0.44453125 0.821875 0.303125 0.28359375
0 0.48203125 0.7671875 0.26171875 0.1734375
0 0.5265625 0.6890625 0.1734375 0.15859375
0 0.38671875 0.6 0.134375 0.16796875
0 0.50703125 0.45546875 0.240625 0.2453125
0 0.6 0.52890625 0.22109375 0.16796875
0 0.6578125 0.53984375 0.1875 0.15390625
0 0.69375 0.56875 0.22109375 0.240625
0 0.66484375 0.415625 0.16328125 0.16328125
0 0.6734375 0.321875 0.1921875 0.10078125
0 0.6546875 0.3421875 0.21640625 0.22109375
0 0.66015625 0.22734375 0.22578125 0.09609375
0 0.6046875 0.13828125 0.3296875 0.196875
0 0.47578125 0.2484375 0.1421875 0.1875
0 0.40859375 0.23828125 0.071875 0.2984375
0 0.37734375 0.275 0.0890625 0.31953125
0 0.37109375 0.125 0.1828125 0.04296875
0 0.19921875 0.115625 0.15859375 0.16796875
0 0.2796875 0.22265625 0.1515625 0.1515625
0 0.240625 0.28515625 0.25703125 0.10546875
0 0.321875 0.4109375 0.1203125 0.1921875
0 0.2125 0.40390625 0.15859375 0.196875
