0 0.06875 0.4171875 0.13203125 0.19921875
0 0.234375 0.271875 0.15390625 0.2015625
0 0.2859375 0.1203125 0.125 0.17578125
0 0.37265625 0.0453125 0.125 0.0796875
0 0.4640625 0.10078125 0.14921875 0.18046875
0 0.3953125 0.19140625 0.19921875 0.21171875
0 0.1984375 0.4015625 0.16328125 0.15390625
0 0.11796875 0.5484375 0.1921875 0.2765625
0 0.2921875 0.5609375 0.21875 0.40859375
0 0.40625 0.4125 0.1921875 0.228125
0 0.49609375 0.2984375 0.16796875 0.1703125
0 0.54296875 0.178125 0.084375 0.1109375
0 0.640625 0.196875 0.1421875 0.15859375
0 0.728125 0.1515625 0.125 0.17578125
0 0.85234375 0.353125 0.28125 0.39921875
0 0.63125 0.3796875 0.16796875 0.228125
0 0.7953125 0.6734375 0.3703125 0.4859375
0 0.5609375 0.69453125 0.26953125 0.5046875
