1 0.5265625 0.06484375 0.446875 0.1296875
1 0.77421875 0.2296875 0.2015625 0.43515625
1 0.59609375 0.234375 0.5671875 0.4375
1 0.8546875 0.13359375 0.15625 0.2671875
1 0.9015625 0.353125 0.14453125 0.21171875
1 0.959375 0.35 0.0765625 0.21875
1 0.959375 0.4984375 0.0765625 0.0890625
1 0.8953125 0.49609375 0.071875 0.09140625
1 0.72734375 0.49765625 0.2859375 0.08671875
1 0.9484375 0.1234375 0.096875 0.246875
1 0.40625 0.76171875 0.321875 0.47109375
1 0.47734375 0.765625 0.2984375 0.46171875
1 0.5515625 0.765625 0.321875 0.46171875
1 0.64296875 0.765625 0.3171875 0.46171875
1 0.6921875 0.7671875 0.259375 0.45703125
1 0.84375 0.7671875 0.26953125 0.45703125
1 0.9203125 0.76796875 0.15390625 0.459375
