1 0.375 0.22265625 0.2359375 0.31953125
1 0.39921875 0.140625 0.15625 0.15625
1 0.55546875 0.25 0.1734375 0.375
1 0.30078125 0.27421875 0.36796875 0.4375
1 0.09375 0.359375 0.1875 0.59375
1 0.68046875 0.37109375 0.625 0.63203125
1 0.86328125 0.73046875 0.25703125 0.30546875
1 0.890625 0.9203125 0.2046875 0.15390625
1 0.5 0.82421875 0.46875 0.27421875
1 0.63359375 0.896875 0.334375 0.2015625
1 0.36875 0.975 0.2046875 0.0453125
1 0.25390625 0.76171875 0.44453125 0.21171875
1 0.30546875 0.61328125 0.2984375 0.31953125
1 0.078125 0.71171875 0.15625 0.2359375
1 0.12890625 0.87109375 0.25703125 0.10078125
1 0.14921875 0.95546875 0.2984375 0.084375
1 0.87109375 0.265625 0.24296875 0.3890625
1 0.49765625 0.5296875 0.9953125 0.93515625
