1 0.64921875 0.79921875 0.35078125 0.08203125
1 0.321875 0.7921875 0.28125 0.05546875
1 0.45078125 0.7453125 0.384375 0.1109375
1 0.72265625 0.66484375 0.25 0.071875
1 0.5609375 0.60546875 0.3265625 0.08203125
1 0.2546875 0.65234375 0.2859375 0.0671875
1 0.2546875 0.58671875 0.2859375 0.06484375
1 0.2515625 0.5203125 0.28125 0.07421875
1 0.62265625 0.5453125 0.4734375 0.09140625
1 0.5328125 0.4265625 0.46640625 0.08671875
1 0.33671875 0.43984375 0.31015625 0.06484375
1 0.771875 0.3609375 0.26953125 0.08203125
1 0.50859375 0.30390625 0.3265625 0.10546875
1 0.2609375 0.34375 0.2640625 0.0890625
1 0.31640625 0.1390625 0.25703125 0.08203125
1 0.50859375 0.18359375 0.4203125 0.1109375
1 0.2078125 0.23828125 0.1921875 0.08203125
1 0.67578125 0.225 0.321875 0.09609375
5 0.66953125 0.771875 0.02890625 0.03359375
5 0.47109375 0.79453125 0.040625 0.02890625
5 0.8328125 0.7984375 0.02890625 0.02890625
5 0.853125 0.66953125 0.02421875 0.02890625
5 0.8734375 0.55390625 0.02890625 0.02890625
5 0.78359375 0.41953125 0.0484375 0.03828125
5 0.90390625 0.384375 0.02890625 0.02890625
5 0.50625 0.4375 0.02890625 0.03828125
5 0.7015625 0.1765625 0.02421875 0.03359375
5 0.8421875 0.23671875 0.03359375 0.03828125
