1 0.378125 0.49609375 0.74375 0.9921875
1 0.375 0.921875 0.7359375 0.1390625
1 0.36796875 0.796875 0.71875 0.28125
1 0.30546875 0.65234375 0.59375 0.18046875
1 0.25703125 0.58984375 0.5 0.13203125
1 0.20703125 0.48046875 0.39921875 0.10078125
1 0.56640625 0.43046875 0.31953125 0.15625
1 0.28515625 0.31640625 0.55546875 0.10078125
1 0.35859375 0.10546875 0.7015625 0.2109375
1 0.375 0.19921875 0.7359375 0.30546875
1 0.81640625 0.5625 0.19453125 0.5765625
1 0.8125 0.60078125 0.1875 0.15625
1 0.80859375 0.76953125 0.18046875 0.16328125
1 0.8125 0.328125 0.1734375 0.09375
1 0.91328125 0.47578125 0.0625 0.15625
