1 0.2765625 0.4109375 0.259375 0.8125
1 0.4046875 0.5796875 0.2671875 0.67578125
1 0.63828125 0.43046875 0.47109375 0.7671875
1 0.23671875 0.4078125 0.1609375 0.8078125
1 0.26953125 0.4078125 0.14453125 0.8078125
1 0.2859375 0.40234375 0.1296875 0.7984375
1 0.30625 0.40234375 0.1203125 0.790625
1 0.33203125 0.44140625 0.1203125 0.69921875
1 0.35703125 0.5796875 0.14921875 0.66796875
1 0.43515625 0.5765625 0.02421875 0.66328125
1 0.4625 0.5765625 0.02890625 0.66328125
1 0.484375 0.58046875 0.02421875 0.66328125
1 0.51796875 0.5765625 0.02890625 0.65625
1 0.47265625 0.44453125 0.1109375 0.634375
1 0.55078125 0.446875 0.02421875 0.63203125
1 0.56015625 0.44453125 0.02421875 0.6296875
1 0.5625 0.446875 0.06015625 0.72109375
1 0.7328125 0.4328125 0.271875 0.74765625
1 0.6734375 0.41953125 0.1390625 0.72578125
1 0.67578125 0.43046875 0.15625 0.7359375
