1 0.24296875 0.12265625 0.478125 0.23046875
1 0.1046875 0.07578125 0.15859375 0.1390625
1 0.4078125 0.1046875 0.10546875 0.196875
1 0.2984375 0.05546875 0.26953125 0.0984375
1 0.728125 0.15390625 0.31015625 0.2984375
1 0.89921875 0.1546875 0.196875 0.30078125
1 0.9046875 0.33984375 0.18515625 0.19453125
1 0.9234375 0.4375 0.14921875 0.1921875
1 0.9359375 0.5875 0.125 0.27890625
1 0.4421875 0.33203125 0.15859375 0.51171875
1 0.053125 0.5671875 0.0984375 0.51953125
1 0.2453125 0.32578125 0.09609375 0.1390625
1 0.08984375 0.68046875 0.1734375 0.59140625
1 0.2125 0.66015625 0.10546875 0.4953125
1 0.19609375 0.5921875 0.0765625 0.3609375
1 0.17890625 0.5328125 0.0578125 0.25
1 0.13203125 0.91484375 0.10078125 0.165625
1 0.7359375 0.7296875 0.48828125 0.21640625
1 0.6984375 0.5640625 0.365625 0.209375
1 0.6859375 0.4390625 0.334375 0.18046875
1 0.665625 0.23203125 0.29296875 0.303125
1 0.49296875 0.96015625 0.16796875 0.07421875
1 0.48828125 0.8890625 0.15859375 0.10546875
1 0.35703125 0.91953125 0.11796875 0.15625
1 0.375 0.77265625 0.1109375 0.115625
1 0.3890625 0.63671875 0.0890625 0.14453125
1 0.47265625 0.67421875 0.08671875 0.3484375
1 0.2796875 0.68515625 0.1515625 0.625
1 0.8546875 0.9 0.271875 0.19453125
1 0.6390625 0.83203125 0.1390625 0.09140625
1 0.63125 0.93125 0.18515625 0.13203125
