1 0.2140625 0.453125 0.196875 0.165625
1 0.353125 0.44609375 0.15859375 0.18046875
1 0.27421875 0.5609375 0.20703125 0.103125
1 0.21640625 0.296875 0.209375 0.14921875
1 0.36328125 0.29296875 0.115625 0.14453125
1 0.20078125 0.1421875 0.2015625 0.1703125
1 0.353125 0.146875 0.12734375 0.15859375
1 0.521875 0.7859375 0.26953125 0.25234375
1 0.5171875 0.60546875 0.27890625 0.22109375
1 0.540625 0.40234375 0.23046875 0.21640625
1 0.64296875 0.1828125 0.3125 0.24296875
1 0.4515625 0.18046875 0.06953125 0.21640625
1 0.69453125 0.5203125 0.09140625 0.11328125
1 0.7359375 0.4046875 0.15859375 0.1296875
1 0.7328125 0.20703125 0.16796875 0.25703125
1 0.87890625 0.265625 0.1203125 0.1203125
1 0.8796875 0.14921875 0.125 0.125
