1 0.44453125 0.64453125 0.2984375 0.13203125
1 0.5015625 0.76171875 0.99296875 0.47578125
1 0.50234375 0.46640625 0.990625 0.1203125
1 0.50234375 0.35234375 0.990625 0.12734375
1 0.44140625 0.17578125 0.86796875 0.24296875
1 0.39921875 0.05078125 0.40625 0.08671875
1 0.09765625 0.05078125 0.18046875 0.08671875
1 0.72265625 0.05546875 0.24296875 0.09375
1 0.90859375 0.05546875 0.178125 0.09609375
1 0.83046875 0.23046875 0.334375 0.259375
1 0.7984375 0.80859375 0.39921875 0.38203125
1 0.1703125 0.865625 0.33203125 0.2640625
1 0.328125 0.47578125 0.6390625 0.9375
1 0.14453125 0.58984375 0.27421875 0.27421875
1 0.50078125 0.503125 0.9921875 0.99375
