1 0.44921875 0.71171875 0.38203125 0.21875
1 0.54296875 0.79296875 0.27421875 0.06953125
1 0.61328125 0.85546875 0.30546875 0.06953125
1 0.5 0.89921875 0.28125 0.03125
1 0.375 0.84765625 0.1734375 0.06953125
1 0.19921875 0.72578125 0.11796875 0.1421875
1 0.18359375 0.62890625 0.14921875 0.11796875
1 0.51953125 0.52734375 0.85078125 0.16328125
1 0.78828125 0.62890625 0.28125 0.08671875
1 0.78125 0.71484375 0.25 0.08671875
1 0.75390625 0.78515625 0.18046875 0.08671875
1 0.61796875 0.375 0.6734375 0.1390625
1 0.20703125 0.37109375 0.18046875 0.13203125
1 0.14453125 0.41328125 0.10078125 0.1109375
1 0.64921875 0.25 0.5484375 0.15625
1 0.27421875 0.25703125 0.25 0.09375
1 0.640625 0.13671875 0.375 0.08671875
1 0.42578125 0.12109375 0.10078125 0.06953125
1 0.31953125 0.16328125 0.1875 0.1109375
1 0.55546875 0.08984375 0.2359375 0.05546875
