1 0.63203125 0.26171875 0.2359375 0.28828125
1 0.60546875 0.1875 0.16328125 0.15625
1 0.60078125 0.31953125 0.46875 0.4234375
1 0.8125 0.25390625 0.1390625 0.27421875
1 0.9125 0.41015625 0.1703125 0.5890625
1 0.34765625 0.375 0.68046875 0.53125
1 0.296875 0.52734375 0.5765625 0.25703125
1 0.265625 0.60078125 0.5140625 0.1875
1 0.20703125 0.64453125 0.39921875 0.16328125
1 0.15234375 0.71484375 0.27421875 0.11796875
1 0.12109375 0.80078125 0.22578125 0.13203125
1 0.8421875 0.66015625 0.31015625 0.3390625
1 0.734375 0.56953125 0.1875 0.15625
1 0.62890625 0.640625 0.21171875 0.1390625
1 0.76796875 0.76328125 0.459375 0.2140625
1 0.9015625 0.975 0.1921875 0.0453125
1 0.85 0.91015625 0.2953125 0.1515625
1 0.50390625 0.83203125 0.49296875 0.27421875
1 0.24296875 0.89296875 0.47109375 0.209375
1 0.65234375 0.975 0.2765625 0.0453125
1 0.50234375 0.5578125 0.990625 0.8796875
