1 0.6875 0.30078125 0.28125 0.14921875
1 0.64921875 0.234375 0.46875 0.28125
4 0.37109375 0.17578125 0.41328125 0.13203125
4 0.49609375 0.265625 0.18046875 0.125
4 0.34765625 0.26171875 0.39921875 0.14921875
4 0.359375 0.40234375 0.4234375 0.13203125
4 0.34375 0.32421875 0.40625 0.13203125
4 0.34375 0.47265625 0.34375 0.08671875
4 0.359375 0.546875 0.3609375 0.125
4 0.34765625 0.64453125 0.36796875 0.08671875
4 0.35546875 0.76171875 0.35078125 0.13203125
4 0.640625 0.75703125 0.375 0.09375
4 0.63203125 0.81640625 0.375 0.05546875
4 0.68046875 0.703125 0.28125 0.1109375
4 0.6875 0.68359375 0.3265625 0.10078125
4 0.70703125 0.61328125 0.33671875 0.11796875
4 0.69921875 0.55546875 0.33671875 0.15625
4 0.671875 0.50390625 0.3265625 0.08671875
4 0.6875 0.44453125 0.3265625 0.1109375
4 0.6875 0.37890625 0.3125 0.14921875
