1 0.22734375 0.6828125 0.2671875 0.1734375
1 0.19921875 0.521875 0.240625 0.1828125
1 0.20703125 0.28515625 0.2984375 0.35546875
1 0.3890625 0.78515625 0.1828125 0.1390625
1 0.78828125 0.77265625 0.26171875 0.16796875
1 0.62890625 0.69921875 0.1828125 0.1296875
1 0.82421875 0.615625 0.21640625 0.1828125
1 0.8796875 0.37734375 0.1421875 0.365625
1 0.74296875 0.259375 0.15859375 0.2453125
1 0.546875 0.20703125 0.3890625 0.2546875
1 0.5359375 0.39765625 0.2546875 0.1828125
1 0.50703125 0.553125 0.23046875 0.146875
1 0.6671875 0.5046875 0.29296875 0.26171875
1 0.4640625 0.6703125 0.1390625 0.0890625
1 0.37734375 0.48671875 0.053125 0.1828125
1 0.35546875 0.58046875 0.071875 0.26171875
