1 0.8125 0.69921875 0.2015625 0.38203125
1 0.71484375 0.70703125 0.10078125 0.35078125
1 0.60078125 0.68359375 0.15625 0.41328125
1 0.46875 0.67578125 0.125 0.44453125
1 0.37109375 0.80546875 0.06953125 0.1734375
1 0.30546875 0.8125 0.0765625 0.1734375
1 0.22578125 0.80859375 0.09375 0.18046875
1 0.17578125 0.58203125 0.16328125 0.28828125
1 0.30078125 0.58671875 0.19453125 0.28125
1 0.15625 0.21640625 0.1734375 0.428125
1 0.26171875 0.234375 0.27421875 0.4234375
1 0.421875 0.25390625 0.1875 0.30546875
1 0.44921875 0.43046875 0.11796875 0.0625
1 0.44453125 0.1875 0.1734375 0.3125
1 0.70703125 0.30546875 0.39921875 0.5
