1 0.77421875 0.48828125 0.3078125 0.509375
1 0.81015625 0.834375 0.24765625 0.2859375
1 0.5515625 0.6515625 0.196875 0.446875
1 0.61875 0.3609375 0.14921875 0.1828125
1 0.609375 0.240625 0.13203125 0.14921875
1 0.45078125 0.31953125 0.18515625 0.1828125
1 0.453125 0.18046875 0.209375 0.165625
1 0.3796875 0.53125 0.27890625 0.3890625
1 0.16953125 0.51171875 0.1515625 0.3484375
1 0.12734375 0.24296875 0.1921875 0.2359375
1 0.23203125 0.1828125 0.1921875 0.2984375
1 0.2828125 0.2796875 0.125 0.25234375
