1 0.65234375 0.625 0.27421875 0.3125
1 0.66796875 0.5625 0.30546875 0.4375
1 0.484375 0.83984375 0.25 0.13203125
1 0.48046875 0.94140625 0.24296875 0.10078125
1 0.41328125 0.765625 0.2359375 0.1109375
1 0.37890625 0.55859375 0.36796875 0.47578125
1 0.3125 0.30859375 0.46875 0.39921875
1 0.31640625 0.328125 0.22578125 0.1390625
1 0.546875 0.140625 0.125 0.1109375
1 0.546875 0.25 0.09375 0.09375
1 0.58984375 0.32421875 0.10078125 0.10078125
5 0.71171875 0.88671875 0.1875 0.21171875
5 0.859375 0.88203125 0.1875 0.21875
5 0.84765625 0.64921875 0.11796875 0.2046875
5 0.37109375 0.07421875 0.27421875 0.13203125
