1 0.15234375 0.171875 0.28828125 0.15625
1 0.32421875 0.27734375 0.63203125 0.27421875
1 0.50390625 0.15625 0.46171875 0.125
1 0.865625 0.19140625 0.2640625 0.19921875
1 0.73046875 0.25390625 0.30546875 0.19453125
1 0.74609375 0.31640625 0.27421875 0.18046875
1 0.63125 0.49375 0.7328125 0.42578125
1 0.27421875 0.390625 0.53125 0.15625
1 0.16328125 0.50703125 0.3125 0.1734375
1 0.30859375 0.52421875 0.11796875 0.09375
1 0.22578125 0.69921875 0.4375 0.39921875
1 0.21171875 0.90859375 0.40859375 0.178125
1 0.62109375 0.63671875 0.22578125 0.22578125
1 0.865625 0.56640625 0.2640625 0.26171875
1 0.56953125 0.61796875 0.5140625 0.28125
1 0.703125 0.765625 0.5 0.2359375
1 0.97109375 0.68359375 0.053125 0.103125
1 0.84140625 0.865625 0.3125 0.2640625
1 0.5515625 0.93984375 0.2765625 0.115625
1 0.67578125 0.8578125 0.509375 0.27890625
1 0.50234375 0.5453125 0.990625 0.90390625
