2 0.50234375 0.5046875 0.95703125 0.240625
2 0.509375 0.3859375 0.62265625 0.1078125
2 0.5046875 0.2765625 0.53828125 0.1296875
2 0.5140625 0.2140625 0.47578125 0.06484375
2 0.49765625 0.14453125 0.41328125 0.09140625
2 0.49296875 0.10078125 0.33203125 0.0578125
2 0.48828125 0.03828125 0.259375 0.06015625
2 0.5140625 0.6828125 0.678125 0.1515625
2 0.5046875 0.7609375 0.58671875 0.1078125
2 0.51171875 0.853125 0.47109375 0.103125
2 0.5 0.8921875 0.41796875 0.06953125
2 0.48828125 0.959375 0.34609375 0.0765625
3 0.78125 0.2796875 0.02421875 0.06015625
3 0.7609375 0.2328125 0.009375 0.03359375
3 0.71171875 0.1578125 0.02421875 0.03828125
3 0.6734375 0.11875 0.01953125 0.021875
3 0.62890625 0.04921875 0.0140625 0.02890625
3 0.83203125 0.4109375 0.0140625 0.0578125
3 0.984375 0.50234375 0.0265625 0.10078125
3 0.86875 0.6765625 0.02421875 0.0671875
3 0.8140625 0.74140625 0.02421875 0.06015625
3 0.75625 0.84765625 0.01953125 0.05546875
3 0.71640625 0.8859375 0.0140625 0.02890625
3 0.6734375 0.959375 0.009375 0.02890625
