2 0.2234375 0.25859375 0.4375 0.1875
2 0.30859375 0.08203125 0.60546875 0.15625
2 0.21875 0.50625 0.428125 0.2015625
2 0.24296875 0.8296875 0.47578125 0.21875
2 0.32578125 0.66953125 0.6390625 0.15390625
2 0.453125 0.9359375 0.9015625 0.12265625
2 0.584375 0.8015625 0.21875 0.15625
2 0.76171875 0.69453125 0.25703125 0.10078125
2 0.7484375 0.553125 0.3078125 0.09609375
2 0.5765625 0.49609375 0.321875 0.15625
2 0.38203125 0.3640625 0.7546875 0.09609375
2 0.64453125 0.20703125 0.26171875 0.14453125
2 0.7296875 0.078125 0.28828125 0.12734375
3 0.48046875 0.259375 0.1109375 0.15625
3 0.740625 0.21875 0.08203125 0.125
