2 0.336538460938 0.235576922656 0.197115384375 0.201923076562
3 0.1875 0.240384615625 0.110576921875 0.1875
2 0.703125 0.231971153906 0.19951923125 0.204326923438
3 0.556490384375 0.235576922656 0.11298076875 0.182692307813
2 0.338942307031 0.475961538281 0.192307692188 0.201923076562
3 0.193509615625 0.478365385156 0.103365384375 0.182692307813
2 0.341346153906 0.716346153906 0.201923076563 0.206730770312
3 0.193509614844 0.717548077344 0.108173076562 0.180288460938
2 0.706730769531 0.466346153906 0.201923076562 0.201923076562
3 0.556490385156 0.472355769531 0.108173076563 0.180288460938
2 0.709134615625 0.709134615625 0.197115384375 0.20673076875
3 0.560096153906 0.710336538281 0.110576923438 0.180288460937
