2 0.2328125 0.30390625 0.34609375 0.16328125
2 0.55078125 0.203125 0.73828125 0.3171875
2 0.225 0.49375 0.321875 0.13671875
2 0.48671875 0.4890625 0.5984375 0.25234375
2 0.18125 0.6578125 0.2359375 0.115625
2 0.4328125 0.70546875 0.52421875 0.196875
2 0.1765625 0.80078125 0.22578125 0.09609375
2 0.3734375 0.88125 0.353125 0.16328125
3 0.4359375 0.3015625 0.10078125 0.16796875
3 0.946875 0.2015625 0.07421875 0.1875
3 0.81875 0.490625 0.0625 0.1734375
3 0.4171875 0.49765625 0.07421875 0.13671875
3 0.72265625 0.71171875 0.07421875 0.15390625
3 0.33671875 0.6609375 0.07421875 0.115625
3 0.32578125 0.80390625 0.07421875 0.09609375
3 0.58515625 0.884375 0.06953125 0.134375
