2 0.7828125 0.09140625 0.396875 0.1515625
2 0.2921875 0.0875 0.396875 0.1515625
2 0.2921875 0.25625 0.396875 0.1515625
2 0.28984375 0.42578125 0.3890625 0.1515625
2 0.2859375 0.5921875 0.384375 0.15859375
2 0.2828125 0.75859375 0.40390625 0.15625
2 0.2828125 0.91953125 0.40390625 0.14921875
2 0.7796875 0.75703125 0.40390625 0.14453125
2 0.78984375 0.59140625 0.396875 0.14921875
2 0.7796875 0.42578125 0.40390625 0.1515625
2 0.7859375 0.25625 0.3890625 0.1515625
2 0.7796875 0.91953125 0.3890625 0.14921875
3 0.5546875 0.08984375 0.07421875 0.134375
3 0.0625 0.08671875 0.0765625 0.134375
3 0.55234375 0.25703125 0.06640625 0.134375
3 0.06015625 0.25625 0.06953125 0.13203125
3 0.05546875 0.425 0.06640625 0.13359375
3 0.5515625 0.42578125 0.06796875 0.134375
3 0.55546875 0.59375 0.06484375 0.1375
3 0.05546875 0.59296875 0.06640625 0.134375
3 0.05078125 0.75859375 0.0625 0.13671875
3 0.54609375 0.75703125 0.06640625 0.13203125
3 0.05234375 0.92265625 0.06171875 0.13828125
3 0.55 0.9203125 0.07109375 0.13203125
