2 0.1421875 0.7140625 0.1921875 0.3796875
2 0.1078125 0.24609375 0.1390625 0.259375
2 0.28125 0.24609375 0.1390625 0.259375
2 0.46171875 0.27265625 0.12734375 0.20703125
2 0.6359375 0.275 0.1203125 0.21171875
2 0.7859375 0.33671875 0.115625 0.0796875
2 0.9390625 0.33515625 0.11796875 0.0890625
2 0.65234375 0.75390625 0.14453125 0.290625
2 0.4046875 0.71171875 0.1921875 0.375
2 0.88125 0.7515625 0.14453125 0.2984375
3 0.1421875 0.4953125 0.1390625 0.0484375
3 0.10546875 0.084375 0.134375 0.053125
3 0.27734375 0.0921875 0.1390625 0.0671875
3 0.46171875 0.140625 0.134375 0.0578125
3 0.63125 0.14296875 0.134375 0.053125
3 0.7859375 0.25703125 0.1296875 0.09140625
3 0.93515625 0.25703125 0.125 0.09140625
3 0.88125 0.57109375 0.134375 0.053125
3 0.65 0.5765625 0.1296875 0.053125
3 0.40859375 0.4953125 0.1390625 0.0484375
