2 0.21171875 0.41796875 0.18515625 0.5
2 0.33671875 0.25390625 0.18515625 0.240625
2 0.49609375 0.40625 0.2234375 0.4640625
2 0.3734375 0.6140625 0.2046875 0.384375
2 0.6140625 0.6140625 0.16328125 0.2640625
2 0.68359375 0.27421875 0.25703125 0.2953125
2 0.771875 0.40625 0.23046875 0.4515625
3 0.33671875 0.4 0.14453125 0.0671875
3 0.21171875 0.7015625 0.17578125 0.053125
3 0.3734375 0.8375 0.18046875 0.071875
3 0.49609375 0.66796875 0.1828125 0.071875
3 0.6109375 0.77734375 0.16328125 0.06015625
3 0.68359375 0.4578125 0.2546875 0.1078125
