2 0.08671875 0.5203125 0.146875 0.52421875
2 0.25390625 0.521875 0.1515625 0.51953125
2 0.41796875 0.521875 0.1515625 0.51953125
2 0.584375 0.52421875 0.146875 0.52421875
2 0.7515625 0.51796875 0.1515625 0.51953125
2 0.91953125 0.521875 0.1515625 0.51953125
3 0.09140625 0.7953125 0.0671875 0.0265625
3 0.25390625 0.7953125 0.0625 0.0265625
3 0.41953125 0.79296875 0.0671875 0.021875
3 0.59375 0.7984375 0.0671875 0.021875
3 0.75625 0.7953125 0.0625 0.0265625
3 0.921875 0.7984375 0.0671875 0.021875
