2 0.7046875 0.3953125 0.43984375 0.428125
2 0.4 0.24609375 0.35546875 0.3609375
2 0.2953125 0.57109375 0.4328125 0.4859375
3 0.7046875 0.6515625 0.3171875 0.1203125
3 0.2984375 0.86640625 0.31953125 0.115625
3 0.38671875 0.46640625 0.303125 0.1421875
0 0.7203125 0.36640625 0.178125 0.15390625
0 0.82421875 0.42890625 0.1390625 0.15390625
0 0.875 0.3328125 0.0625 0.071875
0 0.8453125 0.2984375 0.115625 0.10546875
0 0.71171875 0.2828125 0.1515625 0.084375
0 0.71484375 0.2359375 0.16796875 0.0625
0 0.8171875 0.24375 0.08203125 0.053125
0 0.63359375 0.2515625 0.084375 0.0578125
0 0.60703125 0.3328125 0.0765625 0.178125
0 0.6265625 0.446875 0.10546875 0.0765625
0 0.609375 0.47109375 0.115625 0.08203125
0 0.72265625 0.4734375 0.084375 0.0484375
0 0.453125 0.58671875 0.10546875 0.0890625
0 0.38203125 0.62265625 0.09609375 0.053125
0 0.28515625 0.6578125 0.15859375 0.053125
0 0.35078125 0.5734375 0.125 0.071875
0 0.27265625 0.54921875 0.10078125 0.0578125
0 0.225 0.60234375 0.1296875 0.0484375
0 0.18359375 0.63828125 0.0578125 0.03125
0 0.1359375 0.625 0.0578125 0.0484375
0 0.13359375 0.53984375 0.0625 0.1203125
0 0.19921875 0.53984375 0.08203125 0.1109375
0 0.2171875 0.4484375 0.0625 0.115625
0 0.146875 0.4578125 0.0890625 0.04296875
0 0.1421875 0.4421875 0.08203125 0.0671875
0 0.15390625 0.40234375 0.10078125 0.0671875
0 0.1546875 0.37734375 0.10546875 0.053125
