2 0.31953125 0.321875 0.44453125 0.53828125
2 0.44453125 0.7046875 0.490625 0.509375
2 0.69140625 0.43515625 0.41328125 0.59609375
0 0.6265625 0.3640625 0.178125 0.1875
0 0.56015625 0.228125 0.04296875 0.1296875
0 0.6390625 0.22734375 0.15859375 0.10546875
0 0.67578125 0.34609375 0.1875 0.196875
0 0.62265625 0.4734375 0.1875 0.0578125
0 0.62890625 0.50703125 0.1203125 0.0265625
0 0.78515625 0.4796875 0.1734375 0.08203125
0 0.80390625 0.41796875 0.16796875 0.134375
0 0.8265625 0.37109375 0.115625 0.10078125
0 0.8375 0.25625 0.1109375 0.16328125
0 0.76171875 0.28515625 0.0578125 0.09609375
0 0.77734375 0.21171875 0.053125 0.0765625
0 0.7515625 0.209375 0.115625 0.0890625
0 0.6359375 0.2125 0.16796875 0.09609375
