2 0.759375 0.546875 0.23046875 0.240625
2 0.8578125 0.5046875 0.240625 0.209375
2 0.5109375 0.63125 0.2671875 0.25703125
2 0.2484375 0.546875 0.25 0.240625
2 0.1359375 0.49765625 0.2359375 0.22109375
5 0.5109375 0.43984375 0.27421875 0.125
5 0.76171875 0.3734375 0.2453125 0.125
5 0.8578125 0.33046875 0.22109375 0.1203125
5 0.615625 0.321875 0.22578125 0.10078125
5 0.50703125 0.3484375 0.25 0.0765625
5 0.37734375 0.30625 0.23046875 0.071875
5 0.25625 0.3734375 0.2453125 0.125
5 0.13359375 0.32421875 0.23046875 0.10546875
