2 0.62265625 0.5 0.22109375 0.2453125
2 0.50234375 0.2171875 0.22109375 0.25703125
2 0.790625 0.7515625 0.125 0.22109375
2 0.615625 0.8328125 0.21640625 0.2453125
2 0.38671875 0.85078125 0.22109375 0.2453125
2 0.225 0.75390625 0.1109375 0.2359375
2 0.39765625 0.53125 0.2359375 0.26171875
3 0.771875 0.60703125 0.1828125 0.1203125
3 0.61796875 0.6703125 0.21171875 0.115625
3 0.63359375 0.35546875 0.209375 0.09609375
3 0.5 0.07109375 0.22578125 0.071875
3 0.46015625 0.30078125 0.209375 0.0671875
3 0.39296875 0.3734375 0.21640625 0.0890625
3 0.23828125 0.60703125 0.1390625 0.1203125
3 0.3890625 0.7015625 0.22578125 0.10546875
3 0.26171875 0.5203125 0.053125 0.08203125
