2 0.7609375 0.3046875 0.29296875 0.2671875
2 0.5 0.5 0.9953125 0.9953125
2 0.5359375 0.56640625 0.11328125 0.071875
2 0.4328125 0.521875 0.08203125 0.0484375
2 0.38125 0.56953125 0.053125 0.0578125
2 0.3921875 0.66484375 0.08203125 0.0625
2 0.353125 0.7875 0.0765625 0.06953125
2 0.4078125 0.8015625 0.08203125 0.05078125
2 0.634375 0.5515625 0.125 0.09140625
2 0.6703125 0.44609375 0.09140625 0.0671875
2 0.73671875 0.459375 0.0625 0.0765625
2 0.734375 0.50703125 0.0484375 0.03359375
2 0.84765625 0.51171875 0.09609375 0.0578125
2 0.9 0.2453125 0.06796875 0.0671875
2 0.79921875 0.2359375 0.071875 0.0484375
2 0.734375 0.23984375 0.04765625 0.05859375
2 0.69609375 0.19140625 0.053125 0.0671875
2 0.43046875 0.2953125 0.09609375 0.08203125
2 0.31953125 0.19375 0.08203125 0.0625
2 0.3171875 0.25234375 0.08671875 0.0578125
2 0.17578125 0.24296875 0.103125 0.08671875
2 0.21171875 0.14921875 0.11328125 0.071875
2 0.3421875 0.24765625 0.67578125 0.478125
2 0.22109375 0.49296875 0.4328125 0.35078125
2 0.49296875 0.7078125 0.32421875 0.25
2 0.13671875 0.853125 0.2640625 0.2859375
2 0.6984375 0.803125 0.4375 0.24765625
2 0.775 0.7078125 0.34609375 0.54296875
