2 0.4953125 0.1359375 0.49296875 0.22578125
2 0.5578125 0.46640625 0.52890625 0.34609375
2 0.50859375 0.83984375 0.51953125 0.3125
0 0.4265625 0.13125 0.303125 0.209375
0 0.50234375 0.46640625 0.35546875 0.31953125
0 0.5 0.915625 0.0765625 0.10546875
0 0.4640625 0.82421875 0.084375 0.1109375
0 0.50234375 0.7640625 0.071875 0.09609375
0 0.453125 0.740625 0.04296875 0.0578125
0 0.39765625 0.725 0.0765625 0.053125
0 0.31953125 0.75703125 0.04296875 0.1203125
0 0.37734375 0.80078125 0.08203125 0.09609375
0 0.3734375 0.88203125 0.08203125 0.1203125
0 0.3140625 0.90234375 0.0484375 0.09609375
0 0.3609375 0.946875 0.08203125 0.0625
0 0.43125 0.9265625 0.071875 0.1109375
