2 0.290865385156 0.400240384375 0.514423076563 0.646634615625
3 0.298076922656 0.788461538281 0.442307692187 0.149038460937
3 0.74639423125 0.84735576875 0.42548076875 0.15625
0 0.837740385156 0.450721153906 0.213942307812 0.449519229687
0 0.74639423125 0.443509615625 0.34375 0.459134615625
0 0.627403846094 0.481971153906 0.0673076921875 0.257211539063
0 0.706730769531 0.65625 0.120192307813 0.1490384625
0 0.770432692187 0.335336538281 0.11298076875 0.199519229688
0 0.594951922656 0.575721153906 0.0552884609375 0.165865385937
0 0.676682692187 0.592548076562 0.0697115375 0.26201923125
0 0.650240384375 0.676682692187 0.17548076875 0.11298076875
0 0.817307692187 0.689903846094 0.1009615375 0.110576923438
0 0.739182692187 0.483774038281 0.4447115375 0.640024039063
