2 0.10703125 0.74609375 0.115625 0.31015625
2 0.16015625 0.28515625 0.2140625 0.196875
2 0.40625 0.290625 0.21875 0.19921875
2 0.4796875 0.7484375 0.1515625 0.32421875
2 0.63828125 0.2828125 0.1828125 0.21640625
2 0.86171875 0.25703125 0.1515625 0.25
2 0.86875 0.7046875 0.1203125 0.41328125
2 0.678125 0.76953125 0.1390625 0.27421875
2 0.290625 0.75625 0.1296875 0.303125
3 0.109375 0.5734375 0.084375 0.04296875
3 0.16484375 0.1734375 0.15859375 0.0265625
3 0.40390625 0.17578125 0.1515625 0.03125
3 0.63828125 0.1578125 0.165625 0.03125
3 0.290625 0.578125 0.0765625 0.0625
3 0.4796875 0.56640625 0.0890625 0.03125
5 0.678125 0.5890625 0.1390625 0.09375
5 0.8640625 0.1203125 0.146875 0.0359375
