2 0.61796875 0.55390625 0.53359375 0.33671875
2 0.47734375 0.2484375 0.6296875 0.3609375
2 0.47578125 0.72265625 0.625 0.33203125
0 0.36171875 0.2203125 0.0625 0.2453125
0 0.4 0.24140625 0.0578125 0.27890625
0 0.446875 0.25390625 0.04296875 0.2640625
0 0.48203125 0.24375 0.0578125 0.2640625
0 0.51796875 0.2609375 0.03359375 0.27890625
0 0.55078125 0.2515625 0.03359375 0.26953125
0 0.59375 0.25859375 0.04296875 0.2546875
0 0.63203125 0.25625 0.0484375 0.259375
0 0.671875 0.25859375 0.03828125 0.2546875
0 0.70546875 0.25390625 0.040625 0.2453125
0 0.7453125 0.265625 0.03828125 0.23046875
0 0.6609375 0.55859375 0.0984375 0.259375
0 0.728125 0.57109375 0.03828125 0.22578125
0 0.76328125 0.59765625 0.040625 0.22109375
0 0.79453125 0.5875 0.03828125 0.23046875
0 0.84140625 0.5828125 0.0484375 0.21875
0 0.39453125 0.7390625 0.09375 0.23046875
0 0.50390625 0.73671875 0.1109375 0.2453125
0 0.6 0.7296875 0.115625 0.22109375
0 0.6875 0.7296875 0.134375 0.23046875
