3 0.19921875 0.32578125 0.1875 0.37734375
3 0.27734375 0.56875 0.28828125 0.5796875
3 0.40390625 0.19375 0.2015625 0.26953125
3 0.4796875 0.4828125 0.115625 0.40859375
3 0.63203125 0.51953125 0.14453125 0.35078125
3 0.53515625 0.2875 0.06484375 0.16796875
3 0.61796875 0.33671875 0.1109375 0.2359375
3 0.703125 0.28984375 0.0625 0.16328125
3 0.7875 0.765625 0.084375 0.16328125
3 0.78515625 0.60703125 0.10078125 0.196875
3 0.77734375 0.4265625 0.125 0.23046875
3 0.7984375 0.33046875 0.11328125 0.30078125
