3 0.37890625 0.31015625 0.290625 0.3125
3 0.415625 0.11875 0.23828125 0.146875
3 0.6765625 0.165625 0.24296875 0.1734375
3 0.91796875 0.72578125 0.15390625 0.1875
3 0.62109375 0.7796875 0.428125 0.1921875
3 0.8703125 0.8609375 0.16328125 0.1734375
3 0.93046875 0.90234375 0.134375 0.18984375
3 0.49296875 0.915625 0.2359375 0.16328125
3 0.3234375 0.8734375 0.24296875 0.16796875
3 0.39921875 0.66328125 0.375 0.259375
3 0.63671875 0.64921875 0.25 0.1609375
3 0.70078125 0.959375 0.228125 0.0765625
3 0.53984375 0.47578125 0.24296875 0.146875
3 0.7140625 0.4828125 0.15859375 0.1609375
3 0.85234375 0.584375 0.2859375 0.125
3 0.91015625 0.4546875 0.16796875 0.165625
3 0.9421875 0.27265625 0.10546875 0.1828125
3 0.88125 0.27734375 0.1734375 0.18046875
3 0.89453125 0.1265625 0.2015625 0.1109375
3 0.7703125 0.05078125 0.18515625 0.09375
3 0.640625 0.04296875 0.13671875 0.0796875
3 0.30390625 0.2609375 0.396875 0.10078125
3 0.16484375 0.19609375 0.3296875 0.084375
3 0.15 0.1140625 0.1203125 0.0796875
3 0.22734375 0.084375 0.13671875 0.115625
3 0.3703125 0.046875 0.22109375 0.08671875
3 0.5796875 0.3265625 0.22578125 0.134375
3 0.25703125 0.47265625 0.384375 0.2671875
3 0.0984375 0.30859375 0.196875 0.1421875
3 0.0640625 0.08671875 0.12734375 0.09609375
3 0.0375 0.396875 0.07421875 0.071875
3 0.05859375 0.53203125 0.1171875 0.1328125
3 0.13828125 0.734375 0.2765625 0.2765625
3 0.0875 0.871875 0.175 0.25
3 0.209375 0.5828125 0.21640625 0.165625
3 0.89453125 0.109375 0.2015625 0.21171875
