0 0.32421875 0.8140625 0.0359375 0.05546875
0 0.25703125 0.8234375 0.0359375 0.05546875
0 0.23671875 0.8234375 0.01953125 0.07421875
0 0.196875 0.8328125 0.02890625 0.06484375
0 0.1671875 0.853125 0.02421875 0.06484375
0 0.14296875 0.84609375 0.02421875 0.0484375
0 0.1234375 0.8328125 0.0171875 0.04296875
0 0.33046875 0.88125 0.0140625 0.03828125
0 0.3640625 0.87890625 0.01953125 0.04296875
0 0.390625 0.8578125 0.03359375 0.03359375
0 0.41484375 0.84375 0.02421875 0.04296875
0 0.44609375 0.86796875 0.03359375 0.04296875
0 0.4484375 0.7953125 0.0359375 0.03828125
0 0.48203125 0.78125 0.040625 0.06015625
