3 0.459375 0.7671875 0.428125 0.1203125
3 0.6828125 0.7703125 0.15859375 0.0765625
3 0.7546875 0.64296875 0.3890625 0.115625
3 0.32109375 0.66796875 0.428125 0.21875
3 0.10078125 0.69921875 0.11328125 0.14921875
3 0.1984375 0.4734375 0.28359375 0.21171875
3 0.2296875 0.2953125 0.3703125 0.14453125
3 0.46484375 0.2875 0.1390625 0.1109375
3 0.40859375 0.2078125 0.365625 0.06953125
3 0.7484375 0.2703125 0.40390625 0.22578125
3 0.484375 0.36171875 0.35078125 0.1875
3 0.39921875 0.51953125 0.4234375 0.1390625
3 0.7515625 0.49375 0.40859375 0.22109375
