3 0.83984375 0.48671875 0.071875 0.23046875
3 0.771875 0.48046875 0.0578125 0.20703125
3 0.68984375 0.43359375 0.08203125 0.2453125
3 0.75625 0.41796875 0.09609375 0.28828125
3 0.625 0.396875 0.0484375 0.2359375
3 0.578125 0.390625 0.0484375 0.2453125
3 0.51328125 0.390625 0.08203125 0.25703125
3 0.4546875 0.34140625 0.0765625 0.365625
3 0.4 0.415625 0.0765625 0.38203125
3 0.3296875 0.4375 0.071875 0.3390625
3 0.24296875 0.50859375 0.115625 0.2953125
3 0.25 0.27265625 0.1078125 0.196875
3 0.1671875 0.47265625 0.10078125 0.365625
3 0.5828125 0.72109375 0.12265625 0.1421875
3 0.59609375 0.84765625 0.1421875 0.1109375
3 0.3421875 0.803125 0.3078125 0.196875
3 0.13125 0.75390625 0.1828125 0.1203125
3 0.2953125 0.66953125 0.18515625 0.115625
3 0.55625 0.6390625 0.321875 0.23046875
3 0.82109375 0.6609375 0.30078125 0.20703125
3 0.6359375 0.759375 0.6109375 0.196875
