3 0.8578125 0.39921875 0.27421875 0.27421875
3 0.821875 0.09609375 0.1828125 0.1921875
3 0.90390625 0.03359375 0.1875 0.0671875
3 0.859375 0.03359375 0.03125 0.0671875
3 0.88203125 0.0875 0.02421875 0.0671875
3 0.91015625 0.10703125 0.021875 0.071875
3 0.91015625 0.11171875 0.10078125 0.06015625
3 0.98203125 0.1140625 0.02890625 0.0984375
3 0.85078125 0.15 0.23046875 0.2015625
3 0.94609375 0.27890625 0.10078125 0.0984375
3 0.853125 0.240625 0.0765625 0.1734375
3 0.88828125 0.2765625 0.0796875 0.2359375
3 0.95703125 0.396875 0.021875 0.03828125
3 0.75234375 0.2703125 0.1109375 0.115625
3 0.52421875 0.321875 0.30078125 0.16328125
3 0.603125 0.1671875 0.03359375 0.1921875
3 0.6828125 0.06015625 0.09140625 0.0984375
3 0.67890625 0.16328125 0.1109375 0.1875
3 0.85 0.52734375 0.02421875 0.08203125
3 0.875 0.5328125 0.02421875 0.08203125
3 0.9078125 0.540625 0.1703125 0.0984375
3 0.90390625 0.49140625 0.18515625 0.196875
3 0.771875 0.5625 0.0796875 0.08671875
3 0.90390625 0.65859375 0.18515625 0.15859375
3 0.96875 0.64765625 0.053125 0.0484375
3 0.91484375 0.6203125 0.09609375 0.08203125
3 0.75703125 0.81953125 0.15390625 0.35078125
3 0.771875 0.7921875 0.21640625 0.08671875
3 0.91796875 0.89296875 0.15625 0.2015625
3 0.8609375 0.9671875 0.1109375 0.053125
3 0.80390625 0.93125 0.08671875 0.125
3 0.5796875 0.48046875 0.3125 0.26171875
3 0.7046875 0.4890625 0.0484375 0.103125
3 0.58671875 0.41015625 0.15859375 0.16328125
3 0.553125 0.37109375 0.03828125 0.0765625
3 0.571875 0.38203125 0.0359375 0.0765625
3 0.6046875 0.4125 0.0359375 0.071875
3 0.678125 0.39296875 0.23046875 0.15390625
3 0.58203125 0.1609375 0.1421875 0.2015625
3 0.4078125 0.84140625 0.34375 0.3078125
3 0.2359375 0.84375 0.1390625 0.18046875
3 0.25234375 0.86328125 0.0625 0.0984375
3 0.1109375 0.93125 0.22109375 0.115625
3 0.0984375 0.90390625 0.196875 0.09609375
3 0.50390625 0.7765625 0.196875 0.28359375
3 0.509375 0.84765625 0.1921875 0.0984375
3 0.09140625 0.0875 0.1828125 0.175
3 0.078125 0.11171875 0.03828125 0.08203125
3 0.04921875 0.15625 0.03828125 0.06015625
3 0.21171875 0.04921875 0.053125 0.08671875
3 0.240625 0.0875 0.08203125 0.0984375
3 0.33828125 0.040625 0.1421875 0.08125
3 0.41484375 0.03828125 0.0765625 0.04296875
3 0.02890625 0.265625 0.0578125 0.09140625
3 0.15390625 0.33046875 0.3078125 0.0484375
3 0.025 0.44765625 0.05 0.2078125
3 0.39921875 0.9671875 0.02890625 0.053125
3 0.41015625 0.93125 0.02890625 0.125
3 0.4421875 0.94609375 0.02890625 0.0984375
3 0.671875 0.8796875 0.053125 0.04296875
3 0.671875 0.915625 0.053125 0.0484375
3 0.6703125 0.8390625 0.05078125 0.26953125
3 0.63828125 0.9015625 0.02890625 0.1109375
3 0.509375 0.84140625 0.1921875 0.0765625
3 0.36796875 0.7046875 0.0765625 0.15390625
3 0.3171875 0.6859375 0.0671875 0.08203125
3 0.2390625 0.603125 0.23046875 0.18046875
3 0.4859375 0.61171875 0.39921875 0.08671875
3 0.0328125 0.85546875 0.06484375 0.06015625
3 0.0921875 0.84765625 0.03828125 0.03359375
3 0.08515625 0.8140625 0.1703125 0.053125
3 0.13828125 0.76171875 0.04296875 0.071875
3 0.0890625 0.86328125 0.0484375 0.25
3 0.12109375 0.7078125 0.1109375 0.103125
3 0.22109375 0.6828125 0.0578125 0.0984375
3 0.2640625 0.5921875 0.1828125 0.13671875
3 0.5328125 0.5578125 0.1828125 0.35078125
3 0.384375 0.4484375 0.21640625 0.0984375
3 0.2171875 0.4265625 0.22578125 0.16328125
3 0.36796875 0.23203125 0.19921875 0.15859375
3 0.4390625 0.08984375 0.196875 0.1796875
3 0.6453125 0.03359375 0.15625 0.0671875
3 0.18984375 0.259375 0.053125 0.08203125
3 0.11875 0.36875 0.1390625 0.08203125
3 0.19375 0.4265625 0.1703125 0.15390625
3 0.203125 0.3859375 0.021875 0.0484375
3 0.775 0.5796875 0.071875 0.1109375
3 0.90234375 0.4828125 0.1875 0.18046875
3 0.4984375 0.49765625 0.996875 0.9953125
