3 0.8375 0.609375 0.16328125 0.24765625
3 0.81875 0.4234375 0.25234375 0.303125
3 0.6109375 0.4625 0.15625 0.35078125
3 0.66796875 0.35078125 0.134375 0.22578125
3 0.6578125 0.64296875 0.2046875 0.20703125
3 0.45546875 0.7921875 0.1921875 0.1296875
3 0.4375 0.5796875 0.228125 0.33671875
3 0.50859375 0.3390625 0.14453125 0.27421875
3 0.5 0.26953125 0.08203125 0.115625
3 0.47578125 0.203125 0.0578125 0.0984375
3 0.3765625 0.2328125 0.09609375 0.178125
3 0.4125 0.29921875 0.09609375 0.1828125
3 0.29453125 0.2875 0.125 0.196875
3 0.16015625 0.3859375 0.209375 0.3265625
3 0.3578125 0.48046875 0.16328125 0.196875
3 0.21640625 0.60703125 0.20703125 0.15390625
3 0.24375 0.76171875 0.21640625 0.178125
