3 0.08046875 0.6578125 0.1515625 0.31953125
3 0.2484375 0.6859375 0.178125 0.3078125
3 0.5375 0.853125 0.196875 0.115625
3 0.4421875 0.68359375 0.1921875 0.303125
3 0.68046875 0.7203125 0.3125 0.25703125
3 0.8109375 0.67578125 0.1828125 0.303125
3 0.62265625 0.6671875 0.178125 0.28359375
3 0.9234375 0.734375 0.14921875 0.24296875
3 0.91796875 0.578125 0.1390625 0.1515625
3 0.7640625 0.3953125 0.16796875 0.2671875
3 0.6265625 0.37109375 0.1421875 0.2546875
3 0.415625 0.43984375 0.2984375 0.2046875
3 0.2953125 0.38671875 0.15390625 0.25703125
3 0.146875 0.63828125 0.134375 0.271875
3 0.51328125 0.521875 0.1390625 0.03828125
