3 0.08515625 0.25234375 0.1703125 0.34375
3 0.20078125 0.359375 0.11796875 0.21875
3 0.0625 0.5828125 0.0984375 0.21875
3 0.2390625 0.68984375 0.09375 0.2359375
3 0.2234375 0.5671875 0.1875 0.115625
3 0.34140625 0.56484375 0.1203125 0.2015625
3 0.4421875 0.453125 0.0984375 0.16328125
3 0.36640625 0.32578125 0.115625 0.20703125
3 0.29453125 0.39921875 0.134375 0.1921875
3 0.25859375 0.21640625 0.125 0.21171875
3 0.28359375 0.17421875 0.33671875 0.14453125
3 0.26953125 0.0640625 0.28359375 0.12265625
3 0.4734375 0.23203125 0.125 0.29296875
3 0.53828125 0.39765625 0.2640625 0.625
3 0.640625 0.43984375 0.290625 0.603125
3 0.6609375 0.625 0.375 0.6875
3 0.76328125 0.64765625 0.303125 0.66796875
3 0.87265625 0.64765625 0.2453125 0.6515625
