3 0.7765625 0.10703125 0.3171875 0.1203125
3 0.77890625 0.23671875 0.3125 0.125
3 0.4890625 0.18046875 0.30078125 0.1203125
3 0.19375 0.23828125 0.28828125 0.1203125
3 0.1890625 0.36875 0.27890625 0.1203125
3 0.19140625 0.50390625 0.2953125 0.12734375
3 0.19140625 0.634375 0.2953125 0.1203125
3 0.19375 0.765625 0.28828125 0.1203125
3 0.48046875 0.3125 0.2953125 0.115625
3 0.4828125 0.44375 0.30078125 0.125
3 0.48671875 0.578125 0.2953125 0.115625
3 0.4828125 0.709375 0.30078125 0.115625
3 0.48046875 0.84140625 0.2953125 0.11328125
3 0.7875 0.36875 0.3078125 0.1203125
3 0.78984375 0.5 0.3125 0.1203125
3 0.7875 0.63203125 0.3078125 0.125
3 0.78125 0.759375 0.3078125 0.125
3 0.7765625 0.8890625 0.3078125 0.1203125
