3 0.83671875 0.75625 0.08671875 0.47109375
3 0.8015625 0.32109375 0.08671875 0.48046875
3 0.74765625 0.740625 0.08203125 0.47109375
3 0.69140625 0.3125 0.08671875 0.4640625
3 0.65859375 0.73203125 0.0765625 0.47109375
3 0.5515625 0.7234375 0.0765625 0.47109375
3 0.50390625 0.553125 0.1296875 0.61796875
3 0.3859375 0.75625 0.071875 0.34140625
3 0.31484375 0.7640625 0.0765625 0.375
3 0.265625 0.41484375 0.0484375 0.40625
3 0.22734375 0.7796875 0.08203125 0.375
3 0.1703125 0.45546875 0.08671875 0.375
3 0.13828125 0.796875 0.09140625 0.3890625
0 0.9234375 0.540625 0.14921875 0.821875
0 0.78984375 0.04921875 0.115625 0.06484375
0 0.859375 0.13828125 0.0265625 0.08203125
0 0.7484375 0.28828125 0.01953125 0.4328125
0 0.0640625 0.5203125 0.1109375 0.47109375
0 0.0484375 0.865625 0.08203125 0.25234375
0 0.0328125 0.8375 0.06484375 0.31015625
0 0.02265625 0.525 0.0453125 0.36796875
0 0.115625 0.390625 0.021875 0.115625
0 0.22734375 0.4234375 0.02421875 0.2453125
0 0.3296875 0.51171875 0.0765625 0.16328125
