3 0.3390625 0.18125 0.240625 0.125
3 0.53125 0.23046875 0.23046875 0.125
3 0.74765625 0.2703125 0.2359375 0.1296875
3 0.9234375 0.3109375 0.14921875 0.12734375
3 0.7546875 0.42578125 0.21875 0.11796875
3 0.53828125 0.3734375 0.2140625 0.12265625
3 0.33671875 0.328125 0.2234375 0.115625
3 0.3328125 0.47109375 0.20703125 0.11796875
3 0.53828125 0.525 0.2234375 0.11796875
3 0.75 0.584375 0.20703125 0.115625
3 0.928125 0.4953125 0.1390625 0.1296875
3 0.9234375 0.6875 0.14921875 0.125
3 0.74765625 0.75390625 0.2140625 0.12734375
3 0.53828125 0.67890625 0.2140625 0.115625
3 0.53828125 0.834375 0.2234375 0.12734375
3 0.32578125 0.75703125 0.2140625 0.11796875
3 0.33046875 0.890625 0.2140625 0.125
