3 0.69110576875 0.162259614844 0.17548076875 0.204326923438
3 0.844951923438 0.247596153906 0.11298076875 0.201923076562
3 0.790865384375 0.612980769531 0.221153846875 0.610576923438
3 0.667067307813 0.555288461719 0.204326921875 0.639423076562
3 0.575721153125 0.551682692187 0.15625 0.21875
3 0.479567307813 0.358173077344 0.127403846875 0.225961539062
3 0.325721153906 0.370192307813 0.127403845313 0.2259615375
3 0.20673076875 0.489182692187 0.1875 0.40625
3 0.256009614844 0.788461538281 0.329326923438 0.283653845313
3 0.554086538281 0.769230769531 0.213942307813 0.288461539062
3 0.306490384375 0.655048077344 0.2427884625 0.348557692187
3 0.438701923438 0.475961538281 0.17548076875 0.149038460938
3 0.474759615625 0.594951923438 0.15625 0.103365384375
