3 0.8234375 0.1703125 0.28359375 0.28828125
3 0.3390625 0.1921875 0.59140625 0.27421875
3 0.3734375 0.35234375 0.365625 0.2015625
3 0.40859375 0.3375 0.1390625 0.16328125
3 0.76328125 0.38359375 0.15390625 0.1203125
3 0.66328125 0.3453125 0.14453125 0.08671875
3 0.77421875 0.890625 0.1734375 0.071875
3 0.77890625 0.79453125 0.08671875 0.365625
3 0.7828125 0.57578125 0.16328125 0.07421875
3 0.49375 0.78125 0.1703125 0.2015625
3 0.49140625 0.57578125 0.15625 0.071875
3 0.22109375 0.7921875 0.08671875 0.3609375
3 0.22109375 0.5734375 0.16328125 0.0796875
3 0.7828125 0.75390625 0.16328125 0.43046875
3 0.2234375 0.76171875 0.1703125 0.446875
