3 0.95 0.0140625 0.09375 0.028125
3 0.03671875 0.009375 0.0640625 0.01875
3 0.49765625 0.4046875 0.0578125 0.14453125
3 0.44921875 0.36328125 0.0625 0.1515625
3 0.321875 0.3015625 0.09140625 0.0484375
3 0.384375 0.27734375 0.10078125 0.0578125
3 0.08984375 0.0421875 0.134375 0.04296875
3 0.15859375 0.015625 0.10078125 0.03125
3 0.8390625 0.021875 0.08671875 0.04296875
3 0.77578125 0.0140625 0.0515625 0.028125
3 0.6984375 0.015625 0.1203125 0.03125
3 0.65234375 0.046875 0.03828125 0.053125
3 0.5734375 0.0453125 0.1203125 0.0484375
3 0.57109375 0.0109375 0.09140625 0.021875
3 0.46875 0.03359375 0.09140625 0.0671875
3 0.39296875 0.03359375 0.209375 0.0671875
3 0.28828125 0.05390625 0.0796875 0.0453125
3 0.265625 0.0875 0.0796875 0.0578125
3 0.20703125 0.06640625 0.09609375 0.06953125
3 0.1046875 0.11171875 0.1203125 0.0578125
3 0.07109375 0.084375 0.1203125 0.02890625
3 0.03359375 0.115625 0.0578125 0.02890625
3 0.53125 0.0875 0.21640625 0.04296875
3 0.5171875 0.1140625 0.22109375 0.0453125
3 0.05078125 0.89453125 0.09140625 0.0578125
3 0.80546875 0.88203125 0.08671875 0.06015625
3 0.6421875 0.85546875 0.08671875 0.0625
3 0.0453125 0.8125 0.0796875 0.06015625
3 0.203125 0.89765625 0.146875 0.0484375
3 0.2453125 0.86171875 0.1421875 0.053125
3 0.08984375 0.77890625 0.0671875 0.09140625
3 0.146875 0.81953125 0.0796875 0.08671875
3 0.1671875 0.78984375 0.08671875 0.084375
3 0.259375 0.8296875 0.146875 0.03828125
3 0.24296875 0.78984375 0.134375 0.04296875
3 0.265625 0.7546875 0.25 0.0484375
3 0.3390625 0.79296875 0.11328125 0.15390625
3 0.3890625 0.9078125 0.11328125 0.06015625
3 0.30546875 0.9125 0.0671875 0.03359375
3 0.5140625 0.9015625 0.11328125 0.0625
3 0.52890625 0.86328125 0.196875 0.1109375
3 0.4859375 0.85078125 0.21640625 0.10078125
3 0.5109375 0.81015625 0.209375 0.0765625
3 0.49140625 0.7984375 0.18046875 0.12265625
3 0.4515625 0.7859375 0.125 0.06953125
3 0.4265625 0.7671875 0.1421875 0.0671875
3 0.1890625 0.6 0.23046875 0.0625
3 0.4515625 0.5796875 0.0796875 0.0484375
3 0.44375 0.63359375 0.08671875 0.06015625
3 0.6546875 0.5828125 0.09140625 0.0484375
3 0.8078125 0.6671875 0.0671875 0.04296875
3 0.7203125 0.453125 0.08671875 0.0625
3 0.8703125 0.4078125 0.09140625 0.0578125
3 0.7546875 0.2328125 0.071875 0.053125
3 0.63203125 0.2859375 0.16796875 0.10078125
3 0.93359375 0.7015625 0.12734375 0.178125
3 0.89296875 0.7328125 0.0578125 0.04296875
3 0.91015625 0.77890625 0.09140625 0.0484375
3 0.70703125 0.67578125 0.09140625 0.09609375
3 0.9015625 0.16015625 0.1875 0.09609375
3 0.8765625 0.18359375 0.21640625 0.08203125
3 0.87265625 0.225 0.24296875 0.06953125
3 0.61875 0.21015625 0.17578125 0.0984375
3 0.5 0.25234375 0.196875 0.09140625
3 0.19453125 0.28125 0.071875 0.06953125
3 0.28828125 0.2703125 0.15859375 0.1390625
3 0.06484375 0.3171875 0.08671875 0.06015625
3 0.0484375 0.27734375 0.08671875 0.04296875
3 0.328125 0.16796875 0.134375 0.0625
3 0.47109375 0.16796875 0.071875 0.0765625
3 0.65234375 0.1265625 0.22109375 0.0625
3 0.91484375 0.1 0.0796875 0.06015625
3 0.15859375 0.3921875 0.09140625 0.08203125
3 0.27421875 0.4 0.08671875 0.0484375
3 0.33046875 0.38203125 0.071875 0.0625
3 0.35546875 0.4171875 0.09140625 0.06953125
3 0.34765625 0.4703125 0.15390625 0.04296875
3 0.25703125 0.453125 0.0625 0.09140625
3 0.1890625 0.459375 0.071875 0.0578125
3 0.1109375 0.4578125 0.071875 0.0453125
3 0.13203125 0.50390625 0.08671875 0.053125
3 0.05078125 0.49609375 0.0671875 0.06015625
3 0.03359375 0.5421875 0.0578125 0.06015625
3 0.31953125 0.5 0.071875 0.03828125
3 0.43515625 0.53125 0.10078125 0.071875
3 0.50859375 0.5265625 0.10078125 0.06953125
3 0.61875 0.459375 0.10546875 0.0625
3 0.84140625 0.453125 0.125 0.03359375
3 0.91484375 0.35234375 0.0578125 0.08203125
3 0.828125 0.359375 0.071875 0.071875
3 0.7453125 0.38203125 0.146875 0.04296875
3 0.6234375 0.3890625 0.08671875 0.0484375
3 0.55625 0.33671875 0.10546875 0.0765625
3 0.9703125 0.69140625 0.05546875 0.05546875
3 0.9625 0.64765625 0.071875 0.0453125
3 0.94375 0.87890625 0.09140625 0.053125
3 0.9265625 0.84765625 0.09140625 0.03125
3 0.86171875 0.83671875 0.071875 0.02421875
3 0.83671875 0.7984375 0.146875 0.03125
3 0.228125 0.6609375 0.209375 0.12265625
3 0.20078125 0.67421875 0.1203125 0.1609375
3 0.1546875 0.66015625 0.09609375 0.125
3 0.08984375 0.6703125 0.125 0.125
3 0.0421875 0.6296875 0.071875 0.06015625
3 0.3578125 0.6765625 0.1203125 0.0484375
3 0.4515625 0.7171875 0.22578125 0.0453125
3 0.5875 0.73203125 0.22578125 0.115625
3 0.61875 0.7671875 0.1203125 0.08203125
3 0.80546875 0.53515625 0.071875 0.08671875
3 0.75703125 0.52265625 0.0671875 0.0578125
3 0.70703125 0.546875 0.18046875 0.06953125
3 0.98203125 0.44375 0.03125 0.15625
3 0.9703125 0.5875 0.05546875 0.0453125
3 0.91796875 0.53359375 0.071875 0.0484375
3 0.86328125 0.2875 0.26953125 0.05078125
3 0.5015625 0.46875 0.99296875 0.9375
