3 0.578125 0.68984375 0.5765625 0.4234375
3 0.24765625 0.609375 0.25703125 0.321875
3 0.5640625 0.3125 0.53359375 0.365625
0 0.23828125 0.02421875 0.0453125 0.0484375
0 0.2953125 0.02890625 0.071875 0.0578125
0 0.3125 0.10078125 0.08203125 0.071875
0 0.35546875 0.1578125 0.03359375 0.0484375
0 0.34375 0.02421875 0.0453125 0.0484375
0 0.15390625 0.2390625 0.0671875 0.0984375
0 0.1609375 0.3296875 0.146875 0.071875
0 0.09375 0.3640625 0.08671875 0.0984375
0 0.0625 0.4265625 0.0765625 0.08671875
0 0.12109375 0.46171875 0.08671875 0.103125
0 0.0453125 0.28125 0.08671875 0.2015625
0 0.01796875 0.4234375 0.03125 0.071875
0 0.07578125 0.07109375 0.125 0.134375
