3 0.7390625 0.87890625 0.30546875 0.23046875
3 0.8953125 0.86328125 0.2015625 0.24296875
3 0.37890625 0.9046875 0.240625 0.18046875
3 0.1625 0.8609375 0.18515625 0.26953125
3 0.0375 0.884375 0.071875 0.22109375
3 0.1078125 0.63046875 0.215625 0.2828125
3 0.2484375 0.70703125 0.071875 0.21640625
3 0.4484375 0.7140625 0.33203125 0.365625
3 0.54453125 0.88671875 0.10078125 0.21640625
3 0.88203125 0.57421875 0.228125 0.28359375
3 0.9421875 0.72109375 0.1078125 0.08203125
3 0.81640625 0.72734375 0.09609375 0.040625
3 0.871875 0.15 0.25 0.3
3 0.9515625 0.33515625 0.0890625 0.24765625
3 0.78359375 0.39453125 0.32421875 0.27421875
3 0.66015625 0.63671875 0.20703125 0.2640625
3 0.2859375 0.634375 0.09140625 0.14453125
3 0.525 0.3921875 0.2859375 0.4640625
3 0.46484375 0.51796875 0.0671875 0.18046875
3 0.7296875 0.14453125 0.178125 0.28828125
3 0.5953125 0.15234375 0.1296875 0.303125
3 0.3953125 0.09609375 0.3390625 0.1921875
3 0.35 0.37109375 0.1875 0.3703125
3 0.1625 0.38125 0.240625 0.41328125
3 0.04296875 0.20625 0.0859375 0.403125
3 0.17890625 0.0921875 0.2671875 0.184375
3 0.03359375 0.4390625 0.0671875 0.15625
