3 0.8765625 0.321875 0.240625 0.34609375
3 0.84140625 0.6671875 0.24765625 0.33671875
3 0.9421875 0.87265625 0.1109375 0.25
3 0.63671875 0.91328125 0.25 0.16796875
3 0.8421875 0.9703125 0.1703125 0.05546875
3 0.728125 0.81484375 0.2046875 0.27890625
3 0.71640625 0.60078125 0.08203125 0.1921875
3 0.8859375 0.10546875 0.22109375 0.2015625
3 0.671875 0.1265625 0.21640625 0.24296875
3 0.5671875 0.0796875 0.26171875 0.14921875
3 0.58984375 0.3296875 0.2546875 0.3296875
3 0.75859375 0.37109375 0.15859375 0.26953125
3 0.96875 0.62890625 0.053125 0.26953125
3 0.5609375 0.6734375 0.25 0.32421875
3 0.46875 0.30390625 0.2046875 0.3078125
3 0.2921875 0.14453125 0.2359375 0.27890625
3 0.31875 0.46875 0.259375 0.3296875
3 0.3765625 0.5796875 0.22109375 0.25234375
3 0.35703125 0.88828125 0.25703125 0.21875
3 0.51328125 0.83515625 0.16328125 0.27890625
3 0.24765625 0.8265625 0.21640625 0.29296875
3 0.0875 0.66875 0.175 0.290625
3 0.16015625 0.41015625 0.196875 0.31484375
3 0.08515625 0.15234375 0.16796875 0.29296875
3 0.14765625 0.9671875 0.209375 0.06015625
