3 0.484375 0.8171875 0.3796875 0.12734375
3 0.82578125 0.8953125 0.33671875 0.1203125
3 0.82578125 0.76328125 0.33671875 0.12734375
3 0.828125 0.63203125 0.33203125 0.12265625
3 0.83203125 0.5 0.3265625 0.12265625
3 0.83203125 0.36875 0.3265625 0.125
3 0.834375 0.23671875 0.3171875 0.1203125
3 0.83203125 0.109375 0.3265625 0.115625
3 0.48828125 0.1546875 0.375 0.12265625
3 0.48203125 0.28828125 0.375 0.1203125
3 0.48828125 0.6875 0.38671875 0.1296875
3 0.48828125 0.55546875 0.38671875 0.12265625
3 0.48828125 0.41796875 0.38671875 0.125
3 0.15 0.23515625 0.3 0.1109375
3 0.15 0.36328125 0.3 0.1234375
3 0.14765625 0.4953125 0.29296875 0.1203125
3 0.15390625 0.62890625 0.3078125 0.12265625
3 0.14765625 0.7609375 0.29296875 0.11796875
