3 0.89765625 0.75390625 0.1515625 0.2453125
3 0.88828125 0.30859375 0.209375 0.3578125
3 0.69921875 0.75 0.1921875 0.240625
3 0.67890625 0.29296875 0.178125 0.303125
3 0.49140625 0.27734375 0.165625 0.259375
3 0.50390625 0.73828125 0.17578125 0.21640625
3 0.3296875 0.725 0.15625 0.1921875
3 0.18046875 0.703125 0.11796875 0.14921875
3 0.0578125 0.69453125 0.09140625 0.11796875
3 0.321875 0.275 0.1421875 0.2640625
3 0.17890625 0.25390625 0.12734375 0.2359375
3 0.05546875 0.228125 0.103125 0.1734375
