4 0.4015625 0.525 0.2359375 0.634375
4 0.43359375 0.84140625 0.2015625 0.3078125
4 0.396875 0.603125 0.28828125 0.78359375
4 0.27890625 0.7671875 0.08671875 0.45703125
4 0.17421875 0.6921875 0.20703125 0.60546875
4 0.71875 0.9828125 0.4421875 0.0265625
4 0.73828125 0.9390625 0.459375 0.07421875
4 0.7234375 0.8859375 0.40859375 0.040625
4 0.734375 0.821875 0.40859375 0.09609375
4 0.740625 0.7515625 0.39921875 0.0484375
4 0.73828125 0.709375 0.40390625 0.04296875
4 0.7296875 0.65625 0.4203125 0.053125
4 0.7296875 0.60546875 0.40859375 0.053125
4 0.7296875 0.53984375 0.4203125 0.0671875
4 0.71640625 0.47578125 0.446875 0.06484375
4 0.7078125 0.415625 0.4640625 0.0671875
4 0.69921875 0.3578125 0.48046875 0.053125
4 0.65 0.28515625 0.59140625 0.10546875
4 0.65625 0.21875 0.62265625 0.0578125
4 0.64453125 0.15234375 0.59140625 0.071875
4 0.64765625 0.084375 0.59609375 0.09609375
4 0.64453125 0.02421875 0.60078125 0.0484375
