4 0.7765625 0.3796875 0.2015625 0.1828125
4 0.853125 0.3640625 0.21171875 0.15390625
4 0.84609375 0.34140625 0.0578125 0.1390625
4 0.79921875 0.25859375 0.14453125 0.19921875
4 0.93046875 0.24765625 0.11796875 0.259375
4 0.615625 0.23828125 0.1421875 0.134375
4 0.959375 0.21171875 0.07421875 0.259375
4 0.775 0.1203125 0.13203125 0.1828125
4 0.625 0.1140625 0.37265625 0.21875
4 0.428125 0.0875 0.21171875 0.16328125
4 0.7484375 0.6625 0.05078125 0.146875
4 0.68359375 0.65625 0.11796875 0.125
4 0.80078125 0.6359375 0.0625 0.178125
4 0.8546875 0.6203125 0.0625 0.19453125
4 0.91953125 0.6 0.0671875 0.21171875
4 0.975 0.5828125 0.04296875 0.2234375
4 0.48203125 0.578125 0.37734375 0.8390625
4 0.69453125 0.56484375 0.14453125 0.19921875
4 0.26328125 0.51796875 0.08203125 0.634375
4 0.6078125 0.4671875 0.10078125 0.1828125
4 0.6890625 0.4390625 0.16796875 0.1828125
4 0.72578125 0.42890625 0.15390625 0.1296875
