4 0.41015625 0.14296875 0.50703125 0.2765625
4 0.1546875 0.1671875 0.303125 0.32421875
4 0.33671875 0.31015625 0.509375 0.40859375
4 0.10703125 0.34140625 0.20703125 0.396875
4 0.2859375 0.5421875 0.4828125 0.396875
4 0.1421875 0.6234375 0.27890625 0.3171875
4 0.140625 0.8234375 0.27421875 0.196875
4 0.15 0.8328125 0.29296875 0.33203125
4 0.771875 0.1609375 0.375 0.3125
4 0.72265625 0.39453125 0.3078125 0.23828125
4 0.92890625 0.3859375 0.13671875 0.25703125
4 0.978125 0.12734375 0.03828125 0.2453125
4 0.69140625 0.61875 0.33203125 0.21171875
4 0.928125 0.60703125 0.1390625 0.21875
4 0.6875 0.8390625 0.33203125 0.21640625
4 0.92578125 0.80390625 0.14453125 0.1703125
4 0.9234375 0.9421875 0.14921875 0.1109375
4 0.71171875 0.96484375 0.2765625 0.0671875
4 0.43046875 0.9390625 0.27890625 0.1203125
4 0.41015625 0.790625 0.22109375 0.27890625
4 0.5 0.5 0.9953125 0.9953125
