4 0.85546875 0.0640625 0.25234375 0.12734375
4 0.86640625 0.20546875 0.2453125 0.2015625
4 0.8703125 0.3578125 0.22109375 0.1921875
4 0.87109375 0.5296875 0.209375 0.2234375
4 0.875 0.709375 0.21171875 0.26953125
4 0.38359375 0.58984375 0.73046875 0.6421875
4 0.48671875 0.31015625 0.5765625 0.6203125
4 0.0453125 0.1203125 0.090625 0.240625
4 0.0359375 0.35078125 0.071875 0.2546875
4 0.03828125 0.58515625 0.0765625 0.2765625
4 0.03984375 0.78359375 0.0796875 0.2984375
4 0.54296875 0.82421875 0.90859375 0.33671875
4 0.35 0.23046875 0.22109375 0.3578125
4 0.61640625 0.225 0.26171875 0.44921875
4 0.334375 0.2359375 0.2859375 0.2453125
