4 0.37265625 0.1109375 0.3125 0.21171875
4 0.3125 0.053125 0.20703125 0.09609375
4 0.11796875 0.1765625 0.19921875 0.259375
4 0.1 0.03984375 0.1296875 0.0671875
4 0.1421875 0.32578125 0.2328125 0.18515625
4 0.2859375 0.28828125 0.040625 0.14453125
4 0.453125 0.20078125 0.2859375 0.3078125
4 0.734375 0.13671875 0.3890625 0.2640625
4 0.79453125 0.1671875 0.40625 0.32421875
4 0.4421875 0.3125 0.30078125 0.21171875
4 0.1515625 0.415625 0.25 0.1109375
4 0.046875 0.53984375 0.0890625 0.13671875
4 0.1875 0.5 0.21640625 0.18515625
4 0.46015625 0.45546875 0.321875 0.24296875
4 0.80859375 0.3890625 0.375 0.290625
4 0.83515625 0.60546875 0.321875 0.23828125
4 0.50234375 0.63203125 0.3296875 0.21640625
4 0.225 0.66328125 0.22578125 0.16328125
4 0.0609375 0.6765625 0.11796875 0.11796875
4 0.06015625 0.790625 0.115625 0.1109375
4 0.24140625 0.81015625 0.2453125 0.13671875
4 0.5296875 0.8125 0.3171875 0.16328125
4 0.8421875 0.80625 0.3078125 0.18515625
4 0.80546875 0.95078125 0.1828125 0.09375
4 0.5578125 0.9484375 0.3171875 0.0984375
4 0.29921875 0.94375 0.209375 0.1078125
4 0.1046875 0.9125 0.15859375 0.10078125
