4 0.03359375 0.3421875 0.0578125 0.5765625
4 0.0953125 0.36640625 0.0359375 0.625
4 0.1359375 0.34609375 0.0359375 0.5671875
4 0.1890625 0.35 0.05078125 0.5765625
4 0.234375 0.4078125 0.03125 0.678125
4 0.2953125 0.38359375 0.071875 0.64453125
4 0.334375 0.3703125 0.040625 0.5890625
4 0.38203125 0.36640625 0.053125 0.58203125
4 0.41328125 0.35234375 0.02890625 0.540625
4 0.46640625 0.3703125 0.0765625 0.5890625
4 0.52265625 0.36328125 0.0453125 0.5765625
4 0.55078125 0.3734375 0.02890625 0.58203125
4 0.57109375 0.34609375 0.03125 0.540625
4 0.609375 0.36640625 0.0359375 0.59609375
4 0.65 0.359375 0.0453125 0.58203125
4 0.68359375 0.4078125 0.03125 0.66328125
4 0.70703125 0.4 0.040625 0.66328125
4 0.73671875 0.40390625 0.0359375 0.6703125
4 0.76796875 0.36640625 0.0453125 0.58203125
4 0.8015625 0.34609375 0.03125 0.55546875
4 0.82421875 0.34609375 0.03125 0.5671875
4 0.86796875 0.35546875 0.0625 0.5890625
4 0.93125 0.390625 0.08203125 0.64453125
4 0.97578125 0.359375 0.04296875 0.56953125
