4 0.6921875 0.8265625 0.41328125 0.33203125
4 0.85078125 0.4265625 0.29296875 0.8484375
4 0.9265625 0.91953125 0.1390625 0.14921875
4 0.96015625 0.0875 0.07421875 0.1703125
4 0.765625 0.6734375 0.22109375 0.4640625
4 0.68515625 0.29453125 0.10078125 0.3265625
4 0.56953125 0.1203125 0.3796875 0.2359375
4 0.37109375 0.19375 0.16796875 0.3390625
4 0.5 0.5765625 0.37265625 0.83203125
4 0.19375 0.8125 0.30078125 0.36328125
4 0.1671875 0.3296875 0.3296875 0.65390625
4 0.27265625 0.0984375 0.13671875 0.18515625
4 0.3390625 0.49140625 0.15859375 0.3265625
4 0.03359375 0.81953125 0.0625 0.35078125
