4 0.44140625 0.921875 0.3609375 0.11328125
4 0.38203125 0.859375 0.27890625 0.115625
4 0.2296875 0.75625 0.2359375 0.09375
4 0.31953125 0.740625 0.2546875 0.0984375
4 0.2609375 0.65234375 0.27421875 0.09609375
4 0.18984375 0.52734375 0.20703125 0.071875
4 0.3171875 0.52265625 0.125 0.08203125
4 0.39765625 0.46484375 0.259375 0.10078125
4 0.18984375 0.40234375 0.20703125 0.0796875
4 0.2328125 0.2453125 0.2671875 0.09609375
4 0.2609375 0.1421875 0.27421875 0.10546875
4 0.3390625 0.0625 0.303125 0.0984375
4 0.55625 0.09765625 0.27890625 0.1109375
4 0.6703125 0.20546875 0.2859375 0.13671875
4 0.50625 0.303125 0.29296875 0.134375
4 0.33203125 0.19921875 0.27890625 0.10546875
4 0.3921875 0.353125 0.21171875 0.10078125
4 0.58671875 0.43046875 0.18046875 0.1078125
4 0.57109375 0.57421875 0.259375 0.10546875
4 0.484375 0.6515625 0.1875 0.0984375
4 0.553125 0.7140625 0.2359375 0.10078125
4 0.58984375 0.8125 0.2359375 0.10078125
4 0.7515625 0.68125 0.34609375 0.134375
4 0.66796875 0.53359375 0.27890625 0.125
4 0.67421875 0.36640625 0.11796875 0.1203125
