4 0.39453125 0.89921875 0.4328125 0.19453125
4 0.115625 0.953125 0.134375 0.084375
4 0.05078125 0.89765625 0.09609375 0.19921875
4 0.1546875 0.796875 0.16328125 0.23046875
4 0.4265625 0.68984375 0.4375 0.2640625
4 0.44140625 0.43125 0.46640625 0.2984375
4 0.4625 0.14765625 0.4734375 0.2953125
4 0.31953125 0.10078125 0.4421875 0.2015625
4 0.1921875 0.3265625 0.196875 0.259375
4 0.16484375 0.57421875 0.1828125 0.2546875
4 0.06015625 0.6921875 0.115625 0.21640625
4 0.06875 0.48671875 0.13203125 0.2140625
4 0.07109375 0.259375 0.13671875 0.240625
4 0.06015625 0.07421875 0.1171875 0.1484375
