4 0.16328125 0.07421875 0.3171875 0.1421875
4 0.17421875 0.22265625 0.3390625 0.16796875
4 0.06640625 0.3265625 0.1203125 0.2328125
4 0.0984375 0.3546875 0.1875 0.2359375
4 0.25703125 0.36796875 0.20703125 0.14453125
4 0.4484375 0.334375 0.196875 0.1390625
4 0.44609375 0.20546875 0.2359375 0.12734375
4 0.453125 0.0765625 0.28359375 0.14453125
4 0.43125 0.0578125 0.26171875 0.1109375
4 0.696875 0.046875 0.21171875 0.08671875
4 0.89296875 0.0609375 0.21171875 0.115625
4 0.69140625 0.084375 0.25703125 0.15859375
4 0.64765625 0.21015625 0.14921875 0.10078125
4 0.86640625 0.14921875 0.25703125 0.115625
4 0.82578125 0.24140625 0.20703125 0.084375
4 0.65625 0.25625 0.15390625 0.0671875
4 0.45078125 0.321875 0.1921875 0.0984375
4 0.12890625 0.50234375 0.15859375 0.0578125
4 0.06640625 0.5921875 0.1203125 0.08671875
4 0.0515625 0.5109375 0.09140625 0.09140625
4 0.16328125 0.5734375 0.1734375 0.09140625
4 0.16328125 0.49609375 0.0984375 0.0765625
4 0.23828125 0.5140625 0.09140625 0.134375
4 0.09609375 0.65625 0.18046875 0.053125
4 0.1890625 0.6671875 0.071875 0.0625
4 0.26171875 0.68125 0.0765625 0.0625
4 0.3109375 0.72578125 0.0671875 0.0484375
4 0.19375 0.77421875 0.2359375 0.05078125
4 0.26171875 0.60234375 0.0765625 0.084375
4 0.30625 0.58046875 0.0765625 0.09140625
4 0.34140625 0.53984375 0.13671875 0.084375
4 0.2984375 0.453125 0.1921875 0.12734375
4 0.46171875 0.4390625 0.13671875 0.10546875
4 0.63359375 0.31953125 0.1734375 0.1390625
4 0.7875 0.30078125 0.1875 0.0671875
4 0.75390625 0.35546875 0.16328125 0.08203125
4 0.73203125 0.42578125 0.15390625 0.071875
4 0.59609375 0.48203125 0.15390625 0.0765625
4 0.58984375 0.4328125 0.1296875 0.08203125
4 0.540625 0.53515625 0.08671875 0.05078125
4 0.45078125 0.53515625 0.125 0.071875
4 0.453125 0.5875 0.0984375 0.0625
4 0.36875 0.59609375 0.08203125 0.06484375
4 0.3609375 0.64453125 0.0671875 0.0578125
4 0.45703125 0.6390625 0.071875 0.0359375
4 0.5109375 0.6203125 0.071875 0.0484375
4 0.5359375 0.57109375 0.0765625 0.05078125
4 0.56640625 0.6109375 0.08203125 0.0578125
4 0.61796875 0.55390625 0.1203125 0.0671875
4 0.6859375 0.48203125 0.115625 0.0671875
4 0.76171875 0.46484375 0.125 0.10078125
4 0.87734375 0.38671875 0.1921875 0.084375
4 0.9046875 0.34609375 0.18515625 0.053125
4 0.921875 0.271875 0.1515625 0.14453125
4 0.9578125 0.415625 0.0796875 0.10078125
4 0.890625 0.44921875 0.15390625 0.0984375
4 0.93125 0.49609375 0.09140625 0.0625
4 0.83046875 0.53515625 0.08671875 0.071875
4 0.7515625 0.52890625 0.125 0.0765625
4 0.7015625 0.5640625 0.071875 0.04296875
4 0.696875 0.60234375 0.1921875 0.0765625
4 0.84140625 0.6234375 0.0984375 0.0484375
4 0.921875 0.5921875 0.1515625 0.06953125
4 0.8859375 0.5578125 0.1734375 0.0765625
4 0.96015625 0.490625 0.07421875 0.125
4 0.4421875 0.678125 0.0671875 0.03828125
4 0.4671875 0.69609375 0.03828125 0.03359375
4 0.37734375 0.70546875 0.053125 0.05078125
4 0.73203125 0.69453125 0.1734375 0.08671875
