4 0.33671875 0.47734375 0.5890625 0.5625
4 0.0375 0.665625 0.06484375 0.31953125
4 0.0578125 0.790625 0.10546875 0.16796875
4 0.0578125 0.896875 0.10546875 0.08671875
4 0.0578125 0.94375 0.10546875 0.0671875
4 0.0671875 0.97734375 0.125 0.040625
4 0.34765625 0.77421875 0.4953125 0.11328125
4 0.334375 0.8453125 0.428125 0.08203125
4 0.30546875 0.90390625 0.3890625 0.0484375
4 0.296875 0.94375 0.33203125 0.0453125
4 0.27421875 0.97578125 0.3078125 0.04296875
4 0.60234375 0.9734375 0.30546875 0.0484375
4 0.665625 0.9375 0.33203125 0.0578125
4 0.68984375 0.89453125 0.36796875 0.0671875
4 0.76796875 0.8484375 0.4203125 0.08203125
4 0.80390625 0.78984375 0.38671875 0.13203125
4 0.8140625 0.5140625 0.36796875 0.53359375
4 0.9828125 0.86875 0.02890625 0.03125
4 0.94375 0.9125 0.1078125 0.05078125
4 0.921875 0.94453125 0.1515625 0.0578125
4 0.88125 0.97109375 0.2359375 0.04296875
