5 0.84765625 0.6140625 0.09609375 0.37734375
5 0.8890625 0.5625 0.053125 0.39453125
5 0.90859375 0.5578125 0.05078125 0.40390625
5 0.9015625 0.3734375 0.02890625 0.0484375
5 0.88359375 0.38828125 0.02890625 0.03359375
5 0.8484375 0.4421875 0.03828125 0.03359375
5 0.81640625 0.39296875 0.0484375 0.0984375
5 0.790625 0.4015625 0.0484375 0.08203125
5 0.78515625 0.603125 0.09609375 0.35546875
5 0.69921875 0.609375 0.084375 0.34375
5 0.68046875 0.4484375 0.04296875 0.0984375
5 0.71875 0.415625 0.0625 0.1421875
5 0.62734375 0.4125 0.0625 0.14921875
5 0.6234375 0.5921875 0.0765625 0.365625
5 0.55390625 0.6265625 0.0765625 0.37734375
5 0.553125 0.46171875 0.05078125 0.0484375
5 0.61796875 0.4421875 0.04296875 0.053125
5 0.68359375 0.42890625 0.0359375 0.0484375
5 0.7015625 0.459375 0.05078125 0.053125
5 0.7125 0.3609375 0.0359375 0.04296875
5 0.78359375 0.3859375 0.03359375 0.03828125
5 0.8078125 0.36328125 0.0359375 0.03828125
5 0.6234375 0.3578125 0.03359375 0.03828125
5 0.59140625 0.4125 0.03828125 0.08203125
5 0.5953125 0.4265625 0.0484375 0.1203125
5 0.553125 0.4078125 0.0359375 0.03828125
5 0.54921875 0.3390625 0.0359375 0.04296875
5 0.55078125 0.35 0.0484375 0.0765625
5 0.5140625 0.41796875 0.0484375 0.13671875
5 0.4859375 0.50859375 0.03828125 0.053125
5 0.4796875 0.6390625 0.071875 0.3078125
5 0.475 0.5328125 0.0625 0.365625
5 0.47578125 0.37109375 0.02890625 0.04296875
5 0.4421875 0.540625 0.084375 0.446875
5 0.4390625 0.390625 0.0625 0.13671875
5 0.4359375 0.234375 0.0359375 0.04296875
5 0.3234375 0.2125 0.04296875 0.04296875
5 0.21875 0.21875 0.04296875 0.04296875
5 0.11796875 0.23203125 0.0484375 0.0484375
5 0.11640625 0.45703125 0.0578125 0.09140625
5 0.17421875 0.4234375 0.04296875 0.03828125
5 0.18125 0.540625 0.0359375 0.053125
5 0.259375 0.5765625 0.03828125 0.06015625
5 0.3015625 0.3609375 0.04296875 0.04296875
5 0.40390625 0.45078125 0.0359375 0.0484375
5 0.4046875 0.603125 0.0765625 0.34375
5 0.30078125 0.5578125 0.15625 0.4375
5 0.26171875 0.6671875 0.071875 0.240625
5 0.18515625 0.65 0.0578125 0.26171875
5 0.18046875 0.59609375 0.0625 0.3703125
5 0.11796875 0.5921875 0.0671875 0.34375
5 0.11796875 0.46171875 0.0984375 0.49765625
5 0.21640625 0.34140625 0.0984375 0.28828125
5 0.32578125 0.3109375 0.0984375 0.23046875
5 0.4328125 0.321875 0.1109375 0.20703125
