5 0.790625 0.46875 0.17578125 0.478125
5 0.7234375 0.3296875 0.28359375 0.259375
5 0.48046875 0.446875 0.19453125 0.6203125
5 0.31640625 0.478125 0.1921875 0.584375
5 0.2171875 0.49375 0.0890625 0.4515625
5 0.1421875 0.48828125 0.08671875 0.4515625
5 0.3125 0.8390625 0.053125 0.0625
5 0.30546875 0.7515625 0.11796875 0.259375
5 0.45078125 0.6859375 0.06953125 0.20703125
5 0.396875 0.68984375 0.0625 0.1875
5 0.509375 0.7234375 0.071875 0.0671875
5 0.3109375 0.7328125 0.071875 0.07421875
5 0.225 0.6828125 0.053125 0.0625
5 0.15625 0.6765625 0.04296875 0.0484375
5 0.5609375 0.6984375 0.053125 0.08203125
5 0.66484375 0.72734375 0.03359375 0.0484375
5 0.6453125 0.578125 0.0765625 0.3609375
5 0.709375 0.68046875 0.0765625 0.23046875
5 0.70078125 0.7546875 0.053125 0.0578125
5 0.7953125 0.67421875 0.0625 0.09375
