5 0.08046875 0.24609375 0.15390625 0.48046875
5 0.25625 0.3265625 0.240625 0.64453125
5 0.43046875 0.23203125 0.25 0.4546875
5 0.62890625 0.321875 0.22109375 0.63203125
5 0.81640625 0.24609375 0.33671875 0.48046875
5 0.478125 0.5296875 0.1921875 0.509375
5 0.1421875 0.521875 0.21640625 0.5578125
5 0.06640625 0.69453125 0.125 0.40390625
5 0.03125 0.86875 0.0578125 0.25703125
5 0.16015625 0.89296875 0.1421875 0.209375
5 0.25703125 0.81484375 0.134375 0.365625
5 0.35078125 0.6703125 0.165625 0.46640625
5 0.65234375 0.67578125 0.19453125 0.4421875
5 0.80625 0.55390625 0.2546875 0.47109375
5 0.9375 0.3234375 0.1203125 0.63671875
5 0.92890625 0.69453125 0.13671875 0.384375
5 0.80859375 0.78984375 0.1921875 0.39921875
5 0.68359375 0.87109375 0.165625 0.25234375
5 0.51796875 0.81953125 0.18515625 0.35546875
5 0.421875 0.86875 0.1609375 0.25703125
5 0.9234375 0.884375 0.14921875 0.22578125
