5 0.603125 0.77890625 0.571875 0.1921875
5 0.6109375 0.48046875 0.6875 0.21171875
5 0.42890625 0.70078125 0.40390625 0.08671875
5 0.4484375 0.64765625 0.35078125 0.10546875
5 0.53828125 0.55859375 0.5453125 0.10546875
5 0.59140625 0.3140625 0.66328125 0.1875
5 0.6109375 0.2203125 0.59609375 0.09140625
5 0.57421875 0.1234375 0.4859375 0.16796875
5 0.7671875 0.71015625 0.27421875 0.2984375
5 0.35703125 0.78828125 0.09140625 0.06953125
5 0.26328125 0.69453125 0.0578125 0.05546875
5 0.2953125 0.65234375 0.0453125 0.0359375
5 0.3375 0.55625 0.09140625 0.053125
5 0.30859375 0.4984375 0.084375 0.0765625
5 0.28828125 0.3015625 0.0578125 0.0671875
5 0.34765625 0.21640625 0.071875 0.05546875
5 0.35078125 0.14921875 0.053125 0.04296875
