5 0.63828125 0.03125 0.28359375 0.0578125
5 0.384375 0.10234375 0.75703125 0.196875
5 0.3703125 0.2390625 0.728125 0.28125
5 0.34765625 0.4578125 0.6828125 0.415625
5 0.65 0.33046875 0.29296875 0.1203125
5 0.58203125 0.5015625 0.37265625 0.21640625
5 0.36796875 0.74296875 0.7234375 0.33203125
5 0.5875 0.640625 0.39453125 0.14921875
5 0.384375 0.8859375 0.759375 0.2234375
5 0.59375 0.96015625 0.39921875 0.07421875
5 0.73203125 0.02734375 0.08671875 0.0484375
5 0.71484375 0.11640625 0.08671875 0.1203125
5 0.68046875 0.275 0.1203125 0.134375
5 0.7546875 0.3296875 0.08671875 0.115625
5 0.61875 0.4546875 0.1296875 0.16328125
5 0.71171875 0.4890625 0.09140625 0.125
5 0.66953125 0.71640625 0.10546875 0.14453125
5 0.74296875 0.65859375 0.08671875 0.1203125
5 0.7203125 0.853125 0.09609375 0.1296875
5 0.74296875 0.9796875 0.08671875 0.0359375
