5 0.2515625 0.91796875 0.490625 0.15859375
5 0.7453125 0.5421875 0.375 0.28359375
5 0.46875 0.54296875 0.928125 0.47578125
5 0.6625 0.93359375 0.196875 0.12734375
5 0.3796875 0.8859375 0.75 0.2234375
5 0.65390625 0.67578125 0.22578125 0.02890625
5 0.39296875 0.7140625 0.77421875 0.12734375
5 0.65390625 0.3546875 0.165625 0.1109375
5 0.7015625 0.1890625 0.240625 0.18984375
5 0.6609375 0.05078125 0.15859375 0.09609375
5 0.48203125 0.359375 0.509375 0.14453125
5 0.4109375 0.1890625 0.81015625 0.35078125
5 0.37109375 0.0625 0.7328125 0.1203125
