5 0.36640625 0.0765625 0.72109375 0.146875
5 0.75859375 0.04453125 0.14921875 0.08203125
5 0.859375 0.08984375 0.2765625 0.11796875
5 0.91484375 0.0359375 0.165625 0.071875
5 0.76953125 0.13671875 0.29296875 0.1109375
5 0.6859375 0.1859375 0.271875 0.14453125
5 0.3453125 0.24609375 0.678125 0.2140625
5 0.33671875 0.4515625 0.64921875 0.21640625
5 0.321875 0.66796875 0.634375 0.2140625
5 0.3171875 0.884375 0.625 0.22578125
5 0.6 0.57109375 0.34609375 0.14921875
5 0.63125 0.3703125 0.29296875 0.1609375
5 0.58046875 0.775 0.3390625 0.14921875
5 0.5453125 0.95078125 0.3796875 0.09375
5 0.728125 0.8765625 0.2328125 0.13203125
5 0.75 0.6875 0.2328125 0.16796875
5 0.76953125 0.4984375 0.228125 0.146875
5 0.7921875 0.3265625 0.228125 0.13203125
5 0.81953125 0.16484375 0.19453125 0.178125
5 0.91796875 0.0921875 0.15859375 0.12265625
5 0.91484375 0.03515625 0.165625 0.06953125
5 0.9578125 0.19921875 0.08203125 0.10078125
5 0.9015625 0.265625 0.1921875 0.11328125
5 0.9484375 0.36640625 0.0984375 0.0984375
5 0.8859375 0.43046875 0.19453125 0.1109375
5 0.94140625 0.52265625 0.115625 0.0890625
5 0.86640625 0.5953125 0.1875 0.1109375
5 0.93125 0.68125 0.13203125 0.103125
5 0.853125 0.775 0.20703125 0.09375
5 0.91796875 0.8578125 0.15859375 0.10546875
5 0.834375 0.9515625 0.2015625 0.09140625
5 0.96015625 0.98828125 0.0796875 0.01953125
5 0.959375 0.93984375 0.0765625 0.071875
5 0.65 0.0515625 0.134375 0.09609375
5 0.77734375 0.0296875 0.10078125 0.053125
5 0.959375 0.10234375 0.0765625 0.084375
5 0.87265625 0.14765625 0.0890625 0.08203125
5 0.7671875 0.2015625 0.10078125 0.0890625
5 0.61875 0.24140625 0.12734375 0.09609375
5 0.7328125 0.37890625 0.1109375 0.08671875
5 0.85546875 0.3265625 0.10078125 0.0890625
5 0.9578125 0.271875 0.08203125 0.0765625
5 0.990625 0.21015625 0.0140625 0.06484375
5 0.990625 0.36796875 0.0140625 0.071875
5 0.98828125 0.525 0.01953125 0.07421875
5 0.9390625 0.43046875 0.0890625 0.07421875
5 0.59140625 0.453125 0.115625 0.10078125
5 0.7140625 0.57109375 0.115625 0.09140625
5 0.83046875 0.49609375 0.10546875 0.0765625
5 0.9171875 0.5953125 0.0890625 0.07421875
5 0.81953125 0.6875 0.10546875 0.08203125
5 0.571875 0.665625 0.12265625 0.103125
5 0.5609375 0.8890625 0.134375 0.10546875
5 0.69140625 0.77890625 0.115625 0.09140625
5 0.90234375 0.77890625 0.09609375 0.0765625
5 0.9734375 0.6859375 0.0484375 0.06953125
5 0.9734375 0.85234375 0.0484375 0.084375
5 0.88359375 0.94921875 0.0890625 0.08671875
5 0.678125 0.9671875 0.115625 0.06015625
5 0.79453125 0.87890625 0.0890625 0.0796875
