5 0.8796875 0.92421875 0.23046875 0.146875
5 0.56953125 0.93984375 0.41328125 0.11328125
5 0.8546875 0.9484375 0.2359375 0.09609375
5 0.32421875 0.9328125 0.603125 0.12734375
5 0.10078125 0.89296875 0.196875 0.209375
5 0.01328125 0.75234375 0.021875 0.10078125
5 0.49765625 0.76796875 0.9953125 0.259375
5 0.165625 0.634375 0.3265625 0.1296875
5 0.9640625 0.7484375 0.0625 0.2359375
5 0.484375 0.525 0.9640625 0.30078125
5 0.9828125 0.58515625 0.02421875 0.1921875
5 0.52734375 0.3390625 0.9328125 0.33671875
5 0.09140625 0.1921875 0.178125 0.384375
5 0.40234375 0.05859375 0.2234375 0.115625
5 0.21484375 0.078125 0.1734375 0.15625
5 0.37109375 0.0921875 0.43046875 0.1828125
5 0.5921875 0.1609375 0.3890625 0.209375
5 0.7875 0.078125 0.41328125 0.15625
5 0.83515625 0.2203125 0.16328125 0.08671875
5 0.9390625 0.2125 0.1109375 0.1703125
5 0.49765625 0.4984375 0.9953125 0.9953125
