5 0.1546875 0.07578125 0.2984375 0.14453125
5 0.4828125 0.1265625 0.4828125 0.2453125
5 0.1578125 0.17421875 0.303125 0.115625
5 0.3078125 0.05625 0.2359375 0.10546875
5 0.13828125 0.19140625 0.2640625 0.16328125
5 0.08046875 0.32578125 0.14921875 0.3703125
5 0.50859375 0.3296875 0.73046875 0.16328125
5 0.56875 0.4890625 0.8265625 0.178125
5 0.41328125 0.6078125 0.71171875 0.21640625
5 0.9 0.22734375 0.19453125 0.2046875
5 0.75703125 0.1359375 0.48046875 0.2671875
5 0.38828125 0.71484375 0.303125 0.134375
5 0.2125 0.76328125 0.41328125 0.375
5 0.1234375 0.89921875 0.23828125 0.196875
5 0.4625 0.8765625 0.2953125 0.24296875
5 0.8296875 0.58515625 0.33671875 0.5171875
5 0.74375 0.859375 0.2953125 0.2765625
5 0.91328125 0.8109375 0.16796875 0.37734375
5 0.5015625 0.5 0.99296875 0.9953125
