5 0.31640625 0.0265625 0.4859375 0.04296875
5 0.4890625 0.01328125 0.115625 0.01953125
5 0.39921875 0.0609375 0.54296875 0.115625
5 0.521875 0.0640625 0.45703125 0.1203125
5 0.76171875 0.12109375 0.47109375 0.1421875
5 0.86796875 0.0421875 0.259375 0.0796875
5 0.43046875 0.171875 0.553125 0.07421875
5 0.7125 0.28984375 0.34140625 0.15390625
5 0.3796875 0.21875 0.62265625 0.12265625
5 0.26328125 0.3609375 0.4734375 0.1390625
5 0.515625 0.3453125 0.39453125 0.1296875
5 0.8546875 0.29453125 0.2859375 0.2140625
5 0.4390625 0.4515625 0.634375 0.09140625
5 0.5609375 0.4859375 0.228125 0.10546875
5 0.27421875 0.48046875 0.35546875 0.12734375
5 0.48203125 0.5953125 0.0796875 0.071875
5 0.5609375 0.5578125 0.29296875 0.10078125
5 0.27421875 0.5953125 0.4859375 0.15859375
5 0.39296875 0.66796875 0.59609375 0.134375
5 0.4203125 0.828125 0.60546875 0.19453125
5 0.7171875 0.66015625 0.39453125 0.18046875
5 0.86796875 0.4859375 0.259375 0.20703125
5 0.86796875 0.65625 0.259375 0.1203125
5 0.78359375 0.79296875 0.428125 0.21640625
5 0.60703125 0.90234375 0.78125 0.165625
