5 0.49296875 0.9125 0.90859375 0.11796875
5 0.0796875 0.90859375 0.0671875 0.0453125
5 0.0734375 0.75859375 0.0671875 0.0484375
5 0.2359375 0.60703125 0.071875 0.0578125
5 0.23828125 0.4734375 0.09140625 0.0671875
5 0.2453125 0.35078125 0.09140625 0.07421875
5 0.11875 0.21640625 0.0796875 0.03828125
5 0.10546875 0.0796875 0.0671875 0.03828125
5 0.56953125 0.603125 0.740625 0.11328125
5 0.49296875 0.759375 0.90859375 0.11796875
5 0.5734375 0.47578125 0.75 0.115625
5 0.56953125 0.34765625 0.740625 0.0984375
5 0.509375 0.2171875 0.8609375 0.10546875
5 0.509375 0.07421875 0.875 0.11328125
