5 0.78125 0.1578125 0.4234375 0.15859375
5 0.81953125 0.040625 0.34609375 0.0765625
5 0.5171875 0.1890625 0.4234375 0.25
5 0.5203125 0.040625 0.44453125 0.0765625
5 0.2078125 0.14296875 0.33203125 0.1203125
5 0.24375 0.06484375 0.4828125 0.125
5 0.08515625 0.03828125 0.165625 0.071875
5 0.11328125 0.25234375 0.22109375 0.25
5 0.1765625 0.31640625 0.3125 0.1921875
5 0.3546875 0.2484375 0.30546875 0.14453125
5 0.4546875 0.3421875 0.26953125 0.08671875
5 0.23828125 0.44921875 0.47109375 0.15390625
5 0.5765625 0.5046875 0.55546875 0.271875
5 0.81640625 0.3734375 0.35546875 0.20703125
5 0.7921875 0.30078125 0.40390625 0.165625
5 0.78515625 0.65234375 0.41796875 0.1875
5 0.80546875 0.53515625 0.375 0.14921875
5 0.32109375 0.71171875 0.63671875 0.375
5 0.08515625 0.50703125 0.165625 0.1109375
5 0.2953125 0.88515625 0.590625 0.1953125
5 0.78125 0.8390625 0.4234375 0.24296875
5 0.68515625 0.90234375 0.6203125 0.18984375
5 0.25 0.9640625 0.446875 0.0671875
5 0.06875 0.9265625 0.13203125 0.1421875
5 0.49765625 0.5 0.990625 0.9953125
