5 0.1390625 0.3078125 0.15859375 0.2640625
5 0.17421875 0.3953125 0.0890625 0.4515625
5 0.2515625 0.40390625 0.07421875 0.3796875
5 0.359375 0.2234375 0.0359375 0.071875
5 0.3140625 0.2546875 0.134375 0.16796875
5 0.3265625 0.796875 0.04296875 0.0578125
5 0.4328125 0.79296875 0.0359375 0.03828125
5 0.41015625 0.709375 0.03828125 0.05078125
5 0.5140625 0.7765625 0.0359375 0.02890625
5 0.50859375 0.58515625 0.03828125 0.05078125
5 0.56484375 0.36171875 0.08203125 0.41796875
5 0.57421875 0.55390625 0.0484375 0.15859375
5 0.51953125 0.6609375 0.07421875 0.259375
5 0.4390625 0.734375 0.0890625 0.15859375
5 0.334375 0.5484375 0.09140625 0.54296875
5 0.3796875 0.56484375 0.03359375 0.0453125
5 0.3796875 0.353125 0.084375 0.46875
5 0.5046875 0.37890625 0.0671875 0.47578125
5 0.4546875 0.40625 0.10546875 0.54296875
