5 0.0921875 0.0890625 0.1734375 0.1734375
5 0.12734375 0.1578125 0.1296875 0.14921875
5 0.196875 0.0609375 0.14453125 0.0765625
5 0.35546875 0.06015625 0.3796875 0.115625
5 0.25859375 0.1078125 0.14453125 0.125
5 0.5203125 0.1078125 0.03359375 0.01953125
5 0.3171875 0.19609375 0.303125 0.1203125
5 0.4796875 0.140625 0.0625 0.02890625
5 0.03828125 0.22578125 0.0625 0.10078125
5 0.11796875 0.25234375 0.1109375 0.0453125
5 0.47578125 0.25625 0.05546875 0.02890625
5 0.63125 0.19140625 0.40859375 0.15390625
5 0.60703125 0.07421875 0.125 0.14453125
5 0.50390625 0.04296875 0.1109375 0.08203125
5 0.81015625 0.06875 0.33671875 0.13203125
5 0.0515625 0.28515625 0.09140625 0.02890625
5 0.2453125 0.271875 0.28359375 0.08203125
5 0.06640625 0.29296875 0.0484375 0.02890625
5 0.05546875 0.33046875 0.09609375 0.09609375
5 0.0484375 0.4203125 0.08203125 0.08203125
5 0.2828125 0.3421875 0.39921875 0.1734375
5 0.44140625 0.203125 0.20703125 0.1109375
5 0.61796875 0.265625 0.28359375 0.0671875
5 0.79296875 0.2046875 0.165625 0.103125
5 0.9171875 0.125 0.125 0.10546875
5 0.93359375 0.203125 0.1296875 0.10546875
5 0.8796875 0.35078125 0.0484375 0.0171875
5 0.83046875 0.303125 0.1296875 0.10546875
5 0.80625 0.30625 0.1109375 0.04296875
5 0.85546875 0.2953125 0.02890625 0.0171875
5 0.14453125 0.42421875 0.040625 0.01953125
5 0.23046875 0.4984375 0.2546875 0.16796875
5 0.08671875 0.58984375 0.15859375 0.24296875
5 0.11796875 0.47734375 0.05546875 0.0171875
5 0.1859375 0.75625 0.1109375 0.06953125
5 0.14765625 0.7359375 0.19921875 0.115625
5 0.03125 0.82109375 0.0484375 0.04296875
5 0.05546875 0.77734375 0.09609375 0.1296875
5 0.2859375 0.65234375 0.22578125 0.1203125
5 0.4375 0.57421875 0.1296875 0.0625
5 0.44453125 0.625 0.2140625 0.1921875
5 0.62734375 0.5265625 0.1921875 0.1390625
5 0.55859375 0.49140625 0.22109375 0.07421875
5 0.3859375 0.46171875 0.1515625 0.21171875
5 0.61796875 0.4171875 0.446875 0.1390625
5 0.45546875 0.3765625 0.125 0.0578125
5 0.6828125 0.3609375 0.02890625 0.0140625
5 0.571875 0.3375 0.25 0.0671875
5 0.64453125 0.36328125 0.31015625 0.10078125
5 0.57578125 0.3078125 0.22578125 0.0625
5 0.82421875 0.3890625 0.0625 0.04296875
5 0.91953125 0.4125 0.15625 0.05078125
5 0.91328125 0.3703125 0.1296875 0.0453125
5 0.96015625 0.3546875 0.07421875 0.0359375
5 0.94140625 0.31015625 0.09140625 0.0625
5 0.953125 0.46171875 0.0890625 0.0578125
5 0.9078125 0.4546875 0.0625 0.02890625
5 0.871875 0.95390625 0.25 0.0921875
5 0.828125 0.92890625 0.2359375 0.08203125
5 0.8578125 0.859375 0.22578125 0.08671875
5 0.77265625 0.83203125 0.05546875 0.0265625
5 0.9078125 0.7234375 0.0625 0.01171875
5 0.23046875 0.9546875 0.4515625 0.08671875
5 0.2546875 0.82421875 0.4953125 0.178125
5 0.55546875 0.79453125 0.26953125 0.11796875
5 0.6 0.72578125 0.26171875 0.09609375
5 0.50703125 0.8921875 0.33671875 0.15390625
5 0.5796875 0.93984375 0.33203125 0.0984375
5 0.56640625 0.9265625 0.209375 0.1421875
5 0.6234375 0.95703125 0.3390625 0.08203125
5 0.85 0.75859375 0.2953125 0.06953125
5 0.7140625 0.73671875 0.03359375 0.0140625
5 0.85703125 0.8171875 0.28125 0.09609375
5 0.978125 0.88125 0.03828125 0.040625
5 0.7140625 0.6546875 0.15859375 0.07421875
5 0.603125 0.6421875 0.103125 0.06015625
5 0.62734375 0.6046875 0.1109375 0.03125
5 0.8140625 0.65234375 0.26171875 0.115625
5 0.89921875 0.5609375 0.196875 0.1609375
5 0.77265625 0.5015625 0.0671875 0.0484375
5 0.79296875 0.54296875 0.26171875 0.1203125
5 0.86796875 0.67890625 0.259375 0.0890625
5 0.50078125 0.50078125 0.9921875 0.9984375
